Time (seconds), Duration (seconds),pred_unlabelled,pred_circle,pred_shaking
0.01000,1.98000,0.99969,0.00031,0.00000
0.21000,1.98000,0.99968,0.00031,0.00000
0.41000,1.98000,0.99969,0.00031,0.00000
0.61000,1.98000,0.99968,0.00032,0.00000
0.81000,1.98000,0.99967,0.00032,0.00000
1.01000,1.98000,0.99967,0.00033,0.00000
1.21000,1.98000,0.99967,0.00033,0.00000
1.41000,1.98000,0.99967,0.00033,0.00000
1.61000,1.98000,0.99967,0.00033,0.00000
1.81000,1.98000,0.99966,0.00034,0.00000
2.01000,1.98000,0.99966,0.00034,0.00000
2.21000,1.98000,0.99966,0.00034,0.00000
2.41000,1.98000,0.99966,0.00034,0.00000
2.61000,1.98000,0.99966,0.00033,0.00000
2.81000,1.98000,0.99966,0.00033,0.00000
3.01000,1.98000,0.99967,0.00033,0.00000
3.21000,1.98000,0.99967,0.00033,0.00000
3.41000,1.98000,0.99967,0.00033,0.00000
3.61000,1.98000,0.99966,0.00034,0.00000
3.81000,1.98000,0.99966,0.00034,0.00000
4.01000,1.98000,0.99965,0.00034,0.00000
4.21000,1.98000,0.99960,0.00040,0.00000
4.41000,1.98000,0.99939,0.00061,0.00000
4.61000,1.98000,0.99843,0.00156,0.00001
4.81000,1.98000,0.99454,0.00545,0.00001
5.01000,1.98000,0.99003,0.00994,0.00002
5.21000,1.98000,0.93642,0.06351,0.00006
5.41000,1.98000,0.82371,0.17611,0.00018
5.61000,1.98000,0.79500,0.20481,0.00019
5.81000,1.98000,0.68414,0.31569,0.00017
6.01000,1.98000,0.22587,0.77400,0.00014
6.21000,1.98000,0.07752,0.92238,0.00010
6.41000,1.98000,0.03892,0.96094,0.00014
6.61000,1.98000,0.06502,0.93468,0.00030
6.81000,1.98000,0.04710,0.95265,0.00025
7.01000,1.98000,0.15442,0.84521,0.00037
7.21000,1.98000,0.11508,0.88479,0.00013
7.41000,1.98000,0.01955,0.98039,0.00005
7.61000,1.98000,0.00622,0.99373,0.00005
7.81000,1.98000,0.02307,0.97673,0.00020
8.01000,1.98000,0.02393,0.97581,0.00025
8.21000,1.98000,0.01806,0.98177,0.00018
8.41000,1.98000,0.09340,0.90631,0.00030
8.61000,1.98000,0.09701,0.90286,0.00014
8.81000,1.98000,0.04434,0.95548,0.00018
9.01000,1.98000,0.07438,0.92466,0.00096
9.21000,1.98000,0.62200,0.36470,0.01330
9.41000,1.98000,0.73640,0.23752,0.02608
9.61000,1.98000,0.71747,0.23109,0.05143
9.81000,1.98000,0.82551,0.08266,0.09183
10.01000,1.98000,0.87682,0.02398,0.09919
10.21000,1.98000,0.68031,0.02420,0.29548
10.41000,1.98000,0.25599,0.01635,0.72766
10.61000,1.98000,0.21324,0.00337,0.78339
10.81000,1.98000,0.17337,0.00147,0.82516
11.01000,1.98000,0.22848,0.00603,0.76549
11.21000,1.98000,0.19803,0.00204,0.79993
11.41000,1.98000,0.18661,0.00505,0.80834
11.61000,1.98000,0.15293,0.00203,0.84504
11.81000,1.98000,0.16502,0.00048,0.83451
12.01000,1.98000,0.21000,0.00277,0.78723
12.21000,1.98000,0.16787,0.00036,0.83177
12.41000,1.98000,0.20861,0.00725,0.78414
12.61000,1.98000,0.13282,0.00046,0.86672
12.81000,1.98000,0.19451,0.00065,0.80484
13.01000,1.98000,0.11134,0.00029,0.88837
13.21000,1.98000,0.22698,0.00224,0.77078
13.41000,1.98000,0.17337,0.00134,0.82529
13.61000,1.98000,0.22384,0.00089,0.77527
13.81000,1.98000,0.11501,0.00042,0.88457
14.01000,1.98000,0.19730,0.01528,0.78742
14.21000,1.98000,0.33119,0.00616,0.66265
14.41000,1.98000,0.42274,0.05889,0.51838
14.61000,1.98000,0.45116,0.04305,0.50579
14.81000,1.98000,0.47766,0.35741,0.16493
15.01000,1.98000,0.18399,0.76187,0.05414
15.21000,1.98000,0.17943,0.79751,0.02306
15.41000,1.98000,0.01796,0.98015,0.00190
15.61000,1.98000,0.01595,0.98319,0.00086
15.81000,1.98000,0.03110,0.96693,0.00197
16.01000,1.98000,0.02979,0.96906,0.00116
16.21000,1.98000,0.03517,0.96330,0.00154
16.41000,1.98000,0.02418,0.97445,0.00137
16.61000,1.98000,0.01533,0.98262,0.00206
16.81000,1.98000,0.03441,0.96264,0.00295
17.01000,1.98000,0.14872,0.83598,0.01530
17.21000,1.98000,0.15028,0.83280,0.01692
17.41000,1.98000,0.08442,0.90361,0.01197
17.61000,1.98000,0.04493,0.95109,0.00398
17.81000,1.98000,0.01868,0.97878,0.00254
18.01000,1.98000,0.04959,0.94595,0.00446
18.21000,1.98000,0.09069,0.89984,0.00947
18.41000,1.98000,0.06379,0.93173,0.00448
18.61000,1.98000,0.04982,0.94688,0.00329
18.81000,1.98000,0.01342,0.98581,0.00077
19.01000,1.98000,0.01573,0.98380,0.00047
19.21000,1.98000,0.07834,0.92109,0.00057
19.41000,1.98000,0.22165,0.77779,0.00056
19.61000,1.98000,0.50052,0.49900,0.00049
19.81000,1.98000,0.74459,0.25516,0.00025
20.01000,1.98000,0.86088,0.13906,0.00006
20.21000,1.98000,0.90712,0.09284,0.00004
20.41000,1.98000,0.98686,0.01313,0.00001
20.61000,1.98000,0.99887,0.00112,0.00000
20.81000,1.98000,0.99943,0.00057,0.00000
21.01000,1.98000,0.99962,0.00038,0.00000
21.21000,1.98000,0.99969,0.00031,0.00000
21.41000,1.98000,0.99970,0.00030,0.00000
21.61000,1.98000,0.99970,0.00030,0.00000
21.81000,1.98000,0.99970,0.00029,0.00000
22.01000,1.98000,0.99969,0.00031,0.00000
22.21000,1.98000,0.99968,0.00032,0.00000
22.41000,1.98000,0.99967,0.00033,0.00000
22.61000,1.98000,0.99967,0.00033,0.00000
22.81000,1.98000,0.99966,0.00034,0.00000
23.01000,1.98000,0.99964,0.00036,0.00000
23.21000,1.98000,0.99912,0.00087,0.00000
23.41000,1.98000,0.99700,0.00299,0.00001
23.61000,1.98000,0.99354,0.00643,0.00003
23.81000,1.98000,0.98278,0.01711,0.00010
24.01000,1.98000,0.94382,0.05589,0.00029
24.21000,1.98000,0.69741,0.30224,0.00035
24.41000,1.98000,0.29079,0.70878,0.00043
24.61000,1.98000,0.13348,0.86573,0.00079
24.81000,1.98000,0.05789,0.94121,0.00090
25.01000,1.98000,0.02178,0.97711,0.00111
25.21000,1.98000,0.01902,0.97943,0.00155
25.41000,1.98000,0.00713,0.99255,0.00033
25.61000,1.98000,0.00333,0.99655,0.00012
25.81000,1.98000,0.00207,0.99784,0.00009
26.01000,1.98000,0.00620,0.99338,0.00042
26.21000,1.98000,0.01259,0.98649,0.00092
26.41000,1.98000,0.01143,0.98764,0.00093
26.61000,1.98000,0.00523,0.99449,0.00028
26.81000,1.98000,0.00240,0.99746,0.00014
27.01000,1.98000,0.00178,0.99812,0.00010
27.21000,1.98000,0.00457,0.99509,0.00034
27.41000,1.98000,0.00863,0.99065,0.00072
27.61000,1.98000,0.01064,0.98844,0.00092
27.81000,1.98000,0.00494,0.99478,0.00028
28.01000,1.98000,0.00341,0.99639,0.00019
28.21000,1.98000,0.00875,0.99114,0.00011
28.41000,1.98000,0.04350,0.95632,0.00018
28.61000,1.98000,0.24325,0.75635,0.00040
28.81000,1.98000,0.55685,0.44275,0.00040
29.01000,1.98000,0.78426,0.21559,0.00015
29.21000,1.98000,0.93285,0.06707,0.00007
29.41000,1.98000,0.97311,0.02687,0.00002
29.61000,1.98000,0.99390,0.00609,0.00001
29.81000,1.98000,0.99944,0.00056,0.00000
30.01000,1.98000,0.99965,0.00035,0.00000
30.21000,1.98000,0.99962,0.00038,0.00000
30.41000,1.98000,0.99964,0.00035,0.00000
30.61000,1.98000,0.99965,0.00034,0.00000
30.81000,1.98000,0.99965,0.00035,0.00000
31.01000,1.98000,0.99965,0.00035,0.00000
31.21000,1.98000,0.99965,0.00035,0.00000
31.41000,1.98000,0.99966,0.00034,0.00000
31.61000,1.98000,0.99966,0.00034,0.00000
31.81000,1.98000,0.99965,0.00034,0.00000
32.01000,1.98000,0.99965,0.00034,0.00000
32.21000,1.98000,0.99966,0.00034,0.00000
32.41000,1.98000,0.99966,0.00033,0.00000
32.61000,1.98000,0.99967,0.00033,0.00000
32.81000,1.98000,0.99967,0.00032,0.00000
33.01000,1.98000,0.99967,0.00033,0.00000
33.21000,1.98000,0.99954,0.00046,0.00001
33.41000,1.98000,0.99950,0.00049,0.00001
33.61000,1.98000,0.99926,0.00071,0.00003
33.81000,1.98000,0.99729,0.00259,0.00012
34.01000,1.98000,0.99739,0.00214,0.00047
34.21000,1.98000,0.99647,0.00171,0.00182
34.41000,1.98000,0.98662,0.00896,0.00443
34.61000,1.98000,0.97593,0.00722,0.01686
34.81000,1.98000,0.94606,0.00690,0.04704
35.01000,1.98000,0.84609,0.00461,0.14930
35.21000,1.98000,0.83657,0.01291,0.15052
35.41000,1.98000,0.65996,0.02630,0.31374
35.61000,1.98000,0.69540,0.00495,0.29965
35.81000,1.98000,0.67757,0.01161,0.31081
36.01000,1.98000,0.80667,0.00509,0.18824
36.21000,1.98000,0.72355,0.00801,0.26844
36.41000,1.98000,0.75282,0.00783,0.23935
36.61000,1.98000,0.69419,0.00531,0.30050
36.81000,1.98000,0.67651,0.02049,0.30300
37.01000,1.98000,0.78993,0.00505,0.20502
37.21000,1.98000,0.73234,0.02179,0.24588
37.41000,1.98000,0.83701,0.01244,0.15055
37.61000,1.98000,0.80788,0.01492,0.17719
37.81000,1.98000,0.83433,0.02988,0.13580
38.01000,1.98000,0.82478,0.01600,0.15922
38.21000,1.98000,0.81483,0.04259,0.14258
