Time (seconds), Duration (seconds),pred_unlabelled,pred_anomaly
0.01000,0.48000,0.99614,0.00386
0.03000,0.48000,0.99582,0.00418
0.05000,0.48000,0.99201,0.00799
0.07000,0.48000,0.99438,0.00562
0.09000,0.48000,0.99422,0.00578
0.11000,0.48000,0.99389,0.00611
0.13000,0.48000,0.99517,0.00483
0.15000,0.48000,0.99564,0.00436
0.17000,0.48000,0.99490,0.00510
0.19000,0.48000,0.99698,0.00302
0.21000,0.48000,0.99232,0.00768
0.23000,0.48000,0.99427,0.00573
0.25000,0.48000,0.99440,0.00560
0.27000,0.48000,0.99270,0.00730
0.29000,0.48000,0.99479,0.00521
0.31000,0.48000,0.99541,0.00459
0.33000,0.48000,0.99121,0.00879
0.35000,0.48000,0.99736,0.00264
0.37000,0.48000,0.99452,0.00548
0.39000,0.48000,0.99353,0.00647
0.41000,0.48000,0.99554,0.00446
0.43000,0.48000,0.99522,0.00478
0.45000,0.48000,0.99587,0.00413
0.47000,0.48000,0.99626,0.00374
0.49000,0.48000,0.99619,0.00381
0.51000,0.48000,0.99266,0.00734
0.53000,0.48000,0.99660,0.00340
0.55000,0.48000,0.99293,0.00707
0.57000,0.48000,0.99353,0.00647
0.59000,0.48000,0.99129,0.00871
0.61000,0.48000,0.98737,0.01263
0.63000,0.48000,0.99307,0.00693
0.65000,0.48000,0.99242,0.00758
0.67000,0.48000,0.98691,0.01309
0.69000,0.48000,0.99381,0.00619
0.71000,0.48000,0.99176,0.00824
0.73000,0.48000,0.99478,0.00522
0.75000,0.48000,0.99506,0.00494
0.77000,0.48000,0.99633,0.00367
0.79000,0.48000,0.99654,0.00346
0.81000,0.48000,0.99703,0.00297
0.83000,0.48000,0.99695,0.00305
0.85000,0.48000,0.99537,0.00463
0.87000,0.48000,0.99678,0.00322
0.89000,0.48000,0.99584,0.00416
0.91000,0.48000,0.99439,0.00561
0.93000,0.48000,0.99510,0.00490
0.95000,0.48000,0.99483,0.00517
0.97000,0.48000,0.99159,0.00841
0.99000,0.48000,0.99572,0.00428
1.01000,0.48000,0.99287,0.00713
1.03000,0.48000,0.99375,0.00625
1.05000,0.48000,0.99619,0.00381
1.07000,0.48000,0.99233,0.00767
1.09000,0.48000,0.99613,0.00387
1.11000,0.48000,0.99616,0.00384
1.13000,0.48000,0.99362,0.00638
1.15000,0.48000,0.99682,0.00318
1.17000,0.48000,0.99670,0.00330
1.19000,0.48000,0.99262,0.00738
1.21000,0.48000,0.99584,0.00416
1.23000,0.48000,0.99520,0.00480
1.25000,0.48000,0.99445,0.00555
1.27000,0.48000,0.99532,0.00468
1.29000,0.48000,0.99515,0.00485
1.31000,0.48000,0.99433,0.00567
1.33000,0.48000,0.99670,0.00330
1.35000,0.48000,0.99362,0.00638
1.37000,0.48000,0.99291,0.00709
1.39000,0.48000,0.99427,0.00573
1.41000,0.48000,0.99249,0.00751
1.43000,0.48000,0.99583,0.00417
1.45000,0.48000,0.99571,0.00429
1.47000,0.48000,0.99183,0.00817
1.49000,0.48000,0.99658,0.00342
1.51000,0.48000,0.99570,0.00430
1.53000,0.48000,0.99416,0.00584
1.55000,0.48000,0.99700,0.00300
1.57000,0.48000,0.99619,0.00381
1.59000,0.48000,0.99673,0.00327
1.61000,0.48000,0.99740,0.00260
1.63000,0.48000,0.99699,0.00301
1.65000,0.48000,0.99644,0.00356
1.67000,0.48000,0.99677,0.00323
1.69000,0.48000,0.99519,0.00481
1.71000,0.48000,0.99589,0.00411
1.73000,0.48000,0.99628,0.00372
1.75000,0.48000,0.99341,0.00659
1.77000,0.48000,0.99661,0.00339
1.79000,0.48000,0.99533,0.00467
1.81000,0.48000,0.99375,0.00625
1.83000,0.48000,0.99720,0.00280
1.85000,0.48000,0.99382,0.00618
1.87000,0.48000,0.99714,0.00286
1.89000,0.48000,0.99667,0.00333
1.91000,0.48000,0.99671,0.00329
1.93000,0.48000,0.99727,0.00273
1.95000,0.48000,0.99806,0.00194
1.97000,0.48000,0.99457,0.00543
1.99000,0.48000,0.99716,0.00284
2.01000,0.48000,0.99634,0.00366
2.03000,0.48000,0.99541,0.00459
2.05000,0.48000,0.99555,0.00445
2.07000,0.48000,0.99625,0.00375
2.09000,0.48000,0.99318,0.00682
2.11000,0.48000,0.99663,0.00337
2.13000,0.48000,0.99252,0.00748
2.15000,0.48000,0.99285,0.00715
2.17000,0.48000,0.99524,0.00476
2.19000,0.48000,0.99414,0.00586
2.21000,0.48000,0.99613,0.00387
2.23000,0.48000,0.99650,0.00350
2.25000,0.48000,0.99314,0.00686
2.27000,0.48000,0.99720,0.00280
2.29000,0.48000,0.99648,0.00352
2.31000,0.48000,0.99453,0.00547
2.33000,0.48000,0.99686,0.00314
2.35000,0.48000,0.99620,0.00380
2.37000,0.48000,0.99675,0.00325
2.39000,0.48000,0.99690,0.00310
2.41000,0.48000,0.99675,0.00325
2.43000,0.48000,0.99627,0.00373
2.45000,0.48000,0.99702,0.00298
2.47000,0.48000,0.99595,0.00405
2.49000,0.48000,0.99599,0.00401
2.51000,0.48000,0.99702,0.00298
2.53000,0.48000,0.99420,0.00580
2.55000,0.48000,0.99719,0.00281
2.57000,0.48000,0.99540,0.00460
2.59000,0.48000,0.99480,0.00520
2.61000,0.48000,0.99718,0.00282
2.63000,0.48000,0.99455,0.00545
2.65000,0.48000,0.99692,0.00307
2.67000,0.48000,0.99689,0.00311
2.69000,0.48000,0.99662,0.00338
2.71000,0.48000,0.99723,0.00277
2.73000,0.48000,0.99791,0.00209
2.75000,0.48000,0.99480,0.00520
2.77000,0.48000,0.99742,0.00258
2.79000,0.48000,0.99597,0.00403
2.81000,0.48000,0.99578,0.00422
2.83000,0.48000,0.99529,0.00471
2.85000,0.48000,0.99523,0.00477
2.87000,0.48000,0.99288,0.00712
2.89000,0.48000,0.99529,0.00471
2.91000,0.48000,0.99169,0.00831
2.93000,0.48000,0.99181,0.00819
2.95000,0.48000,0.99533,0.00467
2.97000,0.48000,0.99417,0.00583
2.99000,0.48000,0.99649,0.00351
3.01000,0.48000,0.99642,0.00358
3.03000,0.48000,0.99177,0.00823
3.05000,0.48000,0.99691,0.00309
3.07000,0.48000,0.99514,0.00486
3.09000,0.48000,0.99402,0.00598
3.11000,0.48000,0.99512,0.00488
3.13000,0.48000,0.99545,0.00455
3.15000,0.48000,0.99520,0.00480
3.17000,0.48000,0.99688,0.00312
3.19000,0.48000,0.99552,0.00448
3.21000,0.48000,0.99207,0.00793
3.23000,0.48000,0.99579,0.00421
3.25000,0.48000,0.98992,0.01008
3.27000,0.48000,0.97757,0.02243
3.29000,0.48000,0.97139,0.02861
3.31000,0.48000,0.71702,0.28299
3.33000,0.48000,0.94597,0.05403
3.35000,0.48000,0.90040,0.09960
3.37000,0.48000,0.93879,0.06121
3.39000,0.48000,0.87937,0.12063
3.41000,0.48000,0.88890,0.11110
3.43000,0.48000,0.77330,0.22670
3.45000,0.48000,0.87051,0.12949
3.47000,0.48000,0.60047,0.39953
3.49000,0.48000,0.64481,0.35519
3.51000,0.48000,0.56713,0.43287
3.53000,0.48000,0.51993,0.48007
3.55000,0.48000,0.53983,0.46017
3.57000,0.48000,0.53314,0.46686
3.59000,0.48000,0.11807,0.88193
3.61000,0.48000,0.22795,0.77205
3.63000,0.48000,0.08485,0.91515
3.65000,0.48000,0.03074,0.96926
3.67000,0.48000,0.00993,0.99007
3.69000,0.48000,0.01563,0.98437
3.71000,0.48000,0.00906,0.99094
3.73000,0.48000,0.01555,0.98445
3.75000,0.48000,0.01035,0.98965
3.77000,0.48000,0.01093,0.98907
3.79000,0.48000,0.00763,0.99237
3.81000,0.48000,0.01261,0.98739
3.83000,0.48000,0.00676,0.99324
3.85000,0.48000,0.01911,0.98089
3.87000,0.48000,0.00449,0.99551
3.89000,0.48000,0.00795,0.99205
3.91000,0.48000,0.00479,0.99521
3.93000,0.48000,0.02149,0.97851
3.95000,0.48000,0.00468,0.99532
3.97000,0.48000,0.01495,0.98505
3.99000,0.48000,0.00694,0.99306
4.01000,0.48000,0.01186,0.98814
4.03000,0.48000,0.00448,0.99552
4.05000,0.48000,0.01226,0.98774
4.07000,0.48000,0.00733,0.99267
4.09000,0.48000,0.01578,0.98422
4.11000,0.48000,0.00800,0.99200
4.13000,0.48000,0.03363,0.96637
4.15000,0.48000,0.02446,0.97554
4.17000,0.48000,0.07872,0.92128
4.19000,0.48000,0.12781,0.87219
4.21000,0.48000,0.26109,0.73891
4.23000,0.48000,0.20432,0.79568
4.25000,0.48000,0.37492,0.62508
4.27000,0.48000,0.56900,0.43100
4.29000,0.48000,0.47616,0.52384
4.31000,0.48000,0.64891,0.35109
4.33000,0.48000,0.71193,0.28807
4.35000,0.48000,0.87107,0.12893
4.37000,0.48000,0.82090,0.17910
4.39000,0.48000,0.88112,0.11888
4.41000,0.48000,0.94145,0.05855
4.43000,0.48000,0.95835,0.04165
4.45000,0.48000,0.96443,0.03557
4.47000,0.48000,0.94221,0.05779
4.49000,0.48000,0.99281,0.00719
4.51000,0.48000,0.99521,0.00479
4.53000,0.48000,0.99822,0.00178
4.55000,0.48000,0.99715,0.00285
4.57000,0.48000,0.99838,0.00162
4.59000,0.48000,0.99625,0.00375
4.61000,0.48000,0.99766,0.00234
4.63000,0.48000,0.99641,0.00359
4.65000,0.48000,0.99773,0.00227
4.67000,0.48000,0.99718,0.00282
4.69000,0.48000,0.99668,0.00332
4.71000,0.48000,0.99700,0.00300
4.73000,0.48000,0.99589,0.00411
4.75000,0.48000,0.99347,0.00653
4.77000,0.48000,0.99356,0.00644
4.79000,0.48000,0.99373,0.00627
4.81000,0.48000,0.99162,0.00838
4.83000,0.48000,0.99515,0.00485
4.85000,0.48000,0.99046,0.00954
4.87000,0.48000,0.99272,0.00728
4.89000,0.48000,0.99205,0.00795
4.91000,0.48000,0.99004,0.00996
4.93000,0.48000,0.98645,0.01355
4.95000,0.48000,0.98898,0.01102
4.97000,0.48000,0.98706,0.01294
4.99000,0.48000,0.98976,0.01024
5.01000,0.48000,0.98879,0.01121
5.03000,0.48000,0.97668,0.02332
5.05000,0.48000,0.98853,0.01147
5.07000,0.48000,0.98581,0.01419
5.09000,0.48000,0.97190,0.02810
5.11000,0.48000,0.98508,0.01492
5.13000,0.48000,0.98276,0.01724
5.15000,0.48000,0.96661,0.03339
5.17000,0.48000,0.98006,0.01994
5.19000,0.48000,0.93824,0.06176
5.21000,0.48000,0.99054,0.00946
5.23000,0.48000,0.95406,0.04594
5.25000,0.48000,0.98332,0.01668
5.27000,0.48000,0.90618,0.09382
5.29000,0.48000,0.92813,0.07187
5.31000,0.48000,0.87408,0.12592
5.33000,0.48000,0.84685,0.15315
5.35000,0.48000,0.94400,0.05600
5.37000,0.48000,0.97880,0.02120
5.39000,0.48000,0.97648,0.02352
5.41000,0.48000,0.98731,0.01269
5.43000,0.48000,0.98636,0.01364
5.45000,0.48000,0.98348,0.01652
5.47000,0.48000,0.89682,0.10318
5.49000,0.48000,0.91573,0.08427
5.51000,0.48000,0.95683,0.04317
5.53000,0.48000,0.93533,0.06467
5.55000,0.48000,0.78920,0.21079
5.57000,0.48000,0.85779,0.14221
5.59000,0.48000,0.92664,0.07336
5.61000,0.48000,0.93398,0.06602
5.63000,0.48000,0.83106,0.16894
5.65000,0.48000,0.36992,0.63008
5.67000,0.48000,0.44507,0.55493
5.69000,0.48000,0.01579,0.98421
5.71000,0.48000,0.08676,0.91324
5.73000,0.48000,0.00395,0.99605
5.75000,0.48000,0.00955,0.99045
5.77000,0.48000,0.01899,0.98101
5.79000,0.48000,0.02790,0.97210
5.81000,0.48000,0.00317,0.99683
5.83000,0.48000,0.00855,0.99145
5.85000,0.48000,0.00519,0.99481
5.87000,0.48000,0.00559,0.99441
5.89000,0.48000,0.03329,0.96671
5.91000,0.48000,0.11777,0.88223
5.93000,0.48000,0.14997,0.85003
5.95000,0.48000,0.61800,0.38200
5.97000,0.48000,0.58636,0.41364
5.99000,0.48000,0.74528,0.25472
6.01000,0.48000,0.48667,0.51333
6.03000,0.48000,0.55395,0.44605
6.05000,0.48000,0.50684,0.49316
6.07000,0.48000,0.47664,0.52336
6.09000,0.48000,0.47729,0.52271
6.11000,0.48000,0.86378,0.13622
6.13000,0.48000,0.76651,0.23349
6.15000,0.48000,0.91564,0.08436
6.17000,0.48000,0.83350,0.16650
6.19000,0.48000,0.95561,0.04439
6.21000,0.48000,0.91341,0.08659
6.23000,0.48000,0.92838,0.07162
6.25000,0.48000,0.97800,0.02200
6.27000,0.48000,0.99738,0.00262
6.29000,0.48000,0.99528,0.00472
6.31000,0.48000,0.99838,0.00162
6.33000,0.48000,0.99826,0.00174
6.35000,0.48000,0.99883,0.00117
6.37000,0.48000,0.99895,0.00105
6.39000,0.48000,0.99896,0.00104
6.41000,0.48000,0.99836,0.00164
6.43000,0.48000,0.99908,0.00092
6.45000,0.48000,0.99846,0.00154
6.47000,0.48000,0.99818,0.00182
6.49000,0.48000,0.99820,0.00180
6.51000,0.48000,0.99824,0.00176
6.53000,0.48000,0.99856,0.00144
6.55000,0.48000,0.99723,0.00277
6.57000,0.48000,0.99775,0.00225
6.59000,0.48000,0.99750,0.00250
6.61000,0.48000,0.99687,0.00313
6.63000,0.48000,0.99658,0.00342
6.65000,0.48000,0.99721,0.00279
6.67000,0.48000,0.98737,0.01263
6.69000,0.48000,0.98675,0.01325
6.71000,0.48000,0.96856,0.03144
6.73000,0.48000,0.95375,0.04625
6.75000,0.48000,0.94066,0.05934
6.77000,0.48000,0.89785,0.10215
6.79000,0.48000,0.85000,0.15000
6.81000,0.48000,0.82026,0.17974
6.83000,0.48000,0.60400,0.39600
6.85000,0.48000,0.55850,0.44150
6.87000,0.48000,0.83067,0.16933
6.89000,0.48000,0.67162,0.32838
6.91000,0.48000,0.86902,0.13098
6.93000,0.48000,0.66677,0.33323
6.95000,0.48000,0.95825,0.04175
6.97000,0.48000,0.74568,0.25432
6.99000,0.48000,0.90557,0.09443
7.01000,0.48000,0.78834,0.21166
7.03000,0.48000,0.95752,0.04248
7.05000,0.48000,0.61033,0.38967
7.07000,0.48000,0.78352,0.21648
7.09000,0.48000,0.41071,0.58929
7.11000,0.48000,0.86039,0.13961
7.13000,0.48000,0.71662,0.28338
7.15000,0.48000,0.94272,0.05728
7.17000,0.48000,0.68688,0.31312
7.19000,0.48000,0.95209,0.04791
7.21000,0.48000,0.70215,0.29785
7.23000,0.48000,0.96973,0.03027
7.25000,0.48000,0.98169,0.01831
7.27000,0.48000,0.98239,0.01761
7.29000,0.48000,0.98858,0.01142
7.31000,0.48000,0.99505,0.00495
7.33000,0.48000,0.98591,0.01409
7.35000,0.48000,0.99249,0.00751
7.37000,0.48000,0.97281,0.02719
7.39000,0.48000,0.99101,0.00899
7.41000,0.48000,0.98414,0.01586
7.43000,0.48000,0.98629,0.01371
7.45000,0.48000,0.98870,0.01130
7.47000,0.48000,0.98382,0.01618
7.49000,0.48000,0.99274,0.00726
7.51000,0.48000,0.99147,0.00853
7.53000,0.48000,0.99258,0.00742
7.55000,0.48000,0.98177,0.01823
7.57000,0.48000,0.97369,0.02631
7.59000,0.48000,0.94134,0.05866
7.61000,0.48000,0.96913,0.03087
7.63000,0.48000,0.96673,0.03327
7.65000,0.48000,0.94633,0.05367
7.67000,0.48000,0.80514,0.19486
7.69000,0.48000,0.85262,0.14738
7.71000,0.48000,0.78364,0.21636
7.73000,0.48000,0.71273,0.28727
7.75000,0.48000,0.61117,0.38883
7.77000,0.48000,0.54639,0.45361
7.79000,0.48000,0.41686,0.58314
7.81000,0.48000,0.36059,0.63941
7.83000,0.48000,0.39570,0.60430
7.85000,0.48000,0.14200,0.85800
7.87000,0.48000,0.29680,0.70320
7.89000,0.48000,0.17145,0.82855
7.91000,0.48000,0.37109,0.62891
7.93000,0.48000,0.08861,0.91139
7.95000,0.48000,0.07467,0.92533
7.97000,0.48000,0.06226,0.93774
7.99000,0.48000,0.05253,0.94747
8.01000,0.48000,0.03666,0.96334
8.03000,0.48000,0.01320,0.98680
8.05000,0.48000,0.00856,0.99144
8.07000,0.48000,0.01119,0.98881
8.09000,0.48000,0.02596,0.97404
8.11000,0.48000,0.01330,0.98670
8.13000,0.48000,0.00969,0.99031
8.15000,0.48000,0.01438,0.98562
8.17000,0.48000,0.00803,0.99197
8.19000,0.48000,0.01037,0.98963
8.21000,0.48000,0.00914,0.99086
8.23000,0.48000,0.00978,0.99022
8.25000,0.48000,0.00712,0.99288
8.27000,0.48000,0.00814,0.99186
8.29000,0.48000,0.00493,0.99507
8.31000,0.48000,0.01178,0.98822
8.33000,0.48000,0.00468,0.99532
8.35000,0.48000,0.00880,0.99120
8.37000,0.48000,0.00720,0.99280
8.39000,0.48000,0.00764,0.99236
8.41000,0.48000,0.00653,0.99347
8.43000,0.48000,0.01117,0.98883
8.45000,0.48000,0.00457,0.99543
8.47000,0.48000,0.01249,0.98751
8.49000,0.48000,0.00496,0.99504
8.51000,0.48000,0.00595,0.99405
8.53000,0.48000,0.00463,0.99537
8.55000,0.48000,0.00462,0.99538
8.57000,0.48000,0.00720,0.99280
8.59000,0.48000,0.00337,0.99663
8.61000,0.48000,0.00916,0.99084
8.63000,0.48000,0.00550,0.99450
8.65000,0.48000,0.00750,0.99250
8.67000,0.48000,0.00848,0.99152
8.69000,0.48000,0.02050,0.97950
8.71000,0.48000,0.02088,0.97912
8.73000,0.48000,0.17578,0.82422
8.75000,0.48000,0.06179,0.93821
8.77000,0.48000,0.40326,0.59674
8.79000,0.48000,0.12844,0.87156
8.81000,0.48000,0.44226,0.55774
8.83000,0.48000,0.35016,0.64984
8.85000,0.48000,0.72934,0.27066
8.87000,0.48000,0.26355,0.73645
8.89000,0.48000,0.89290,0.10710
8.91000,0.48000,0.65102,0.34898
8.93000,0.48000,0.88326,0.11674
8.95000,0.48000,0.62620,0.37380
8.97000,0.48000,0.78519,0.21481
8.99000,0.48000,0.81985,0.18015
9.01000,0.48000,0.93840,0.06160
9.03000,0.48000,0.60180,0.39820
9.05000,0.48000,0.93981,0.06019
9.07000,0.48000,0.87938,0.12062
9.09000,0.48000,0.95105,0.04895
9.11000,0.48000,0.84843,0.15157
9.13000,0.48000,0.97761,0.02239
9.15000,0.48000,0.98150,0.01850
9.17000,0.48000,0.99582,0.00418
9.19000,0.48000,0.99133,0.00867
9.21000,0.48000,0.99712,0.00288
9.23000,0.48000,0.99637,0.00363
9.25000,0.48000,0.99796,0.00204
9.27000,0.48000,0.99626,0.00374
9.29000,0.48000,0.99845,0.00155
9.31000,0.48000,0.99665,0.00335
9.33000,0.48000,0.99829,0.00171
9.35000,0.48000,0.99483,0.00517
9.37000,0.48000,0.99827,0.00173
9.39000,0.48000,0.99348,0.00652
9.41000,0.48000,0.99844,0.00156
9.43000,0.48000,0.99540,0.00460
9.45000,0.48000,0.99838,0.00162
9.47000,0.48000,0.99632,0.00368
9.49000,0.48000,0.99717,0.00283
9.51000,0.48000,0.99717,0.00283
9.53000,0.48000,0.99786,0.00214
9.55000,0.48000,0.99573,0.00427
9.57000,0.48000,0.99541,0.00459
9.59000,0.48000,0.99583,0.00417
9.61000,0.48000,0.99746,0.00254
9.63000,0.48000,0.99663,0.00337
9.65000,0.48000,0.99694,0.00306
9.67000,0.48000,0.99580,0.00420
9.69000,0.48000,0.99550,0.00450
9.71000,0.48000,0.99532,0.00468
9.73000,0.48000,0.99438,0.00562
9.75000,0.48000,0.99519,0.00481
9.77000,0.48000,0.99244,0.00756
9.79000,0.48000,0.99542,0.00458
9.81000,0.48000,0.99022,0.00978
9.83000,0.48000,0.99519,0.00481
9.85000,0.48000,0.99161,0.00839
9.87000,0.48000,0.98866,0.01134
9.89000,0.48000,0.98376,0.01624
9.91000,0.48000,0.98612,0.01388
9.93000,0.48000,0.96733,0.03267
9.95000,0.48000,0.95697,0.04303
9.97000,0.48000,0.92902,0.07098
9.99000,0.48000,0.96107,0.03893
10.01000,0.48000,0.97100,0.02900
10.03000,0.48000,0.93565,0.06435
10.05000,0.48000,0.94793,0.05207
10.07000,0.48000,0.96806,0.03194
10.09000,0.48000,0.91611,0.08389
10.11000,0.48000,0.96664,0.03336
10.13000,0.48000,0.96526,0.03474
10.15000,0.48000,0.97272,0.02728
10.17000,0.48000,0.92329,0.07671
10.19000,0.48000,0.93542,0.06458
10.21000,0.48000,0.97046,0.02954
10.23000,0.48000,0.97243,0.02757
10.25000,0.48000,0.95608,0.04392
10.27000,0.48000,0.97266,0.02734
10.29000,0.48000,0.99207,0.00793
10.31000,0.48000,0.98215,0.01785
10.33000,0.48000,0.97204,0.02796
10.35000,0.48000,0.98327,0.01673
10.37000,0.48000,0.99146,0.00854
10.39000,0.48000,0.99454,0.00546
10.41000,0.48000,0.98793,0.01207
10.43000,0.48000,0.99359,0.00641
10.45000,0.48000,0.99511,0.00489
10.47000,0.48000,0.99528,0.00472
10.49000,0.48000,0.99437,0.00563
10.51000,0.48000,0.98965,0.01035
10.53000,0.48000,0.99687,0.00313
10.55000,0.48000,0.99338,0.00662
10.57000,0.48000,0.98883,0.01117
10.59000,0.48000,0.99358,0.00642
10.61000,0.48000,0.99489,0.00511
10.63000,0.48000,0.99059,0.00941
10.65000,0.48000,0.98974,0.01026
10.67000,0.48000,0.99456,0.00544
10.69000,0.48000,0.99437,0.00563
10.71000,0.48000,0.99165,0.00835
10.73000,0.48000,0.99713,0.00287
10.75000,0.48000,0.99496,0.00504
10.77000,0.48000,0.98755,0.01245
10.79000,0.48000,0.99096,0.00904
10.81000,0.48000,0.99387,0.00613
10.83000,0.48000,0.97703,0.02297
10.85000,0.48000,0.99132,0.00868
10.87000,0.48000,0.98690,0.01310
10.89000,0.48000,0.98634,0.01366
10.91000,0.48000,0.98756,0.01244
10.93000,0.48000,0.99326,0.00674
10.95000,0.48000,0.98965,0.01035
10.97000,0.48000,0.98965,0.01035
10.99000,0.48000,0.99546,0.00454
11.01000,0.48000,0.99426,0.00574
11.03000,0.48000,0.99468,0.00532
11.05000,0.48000,0.99331,0.00669
11.07000,0.48000,0.99321,0.00679
11.09000,0.48000,0.99366,0.00634
11.11000,0.48000,0.99473,0.00527
11.13000,0.48000,0.99082,0.00918
11.15000,0.48000,0.99347,0.00653
11.17000,0.48000,0.98851,0.01149
11.19000,0.48000,0.99303,0.00697
11.21000,0.48000,0.99483,0.00517
11.23000,0.48000,0.98709,0.01291
11.25000,0.48000,0.99112,0.00888
11.27000,0.48000,0.99359,0.00641
11.29000,0.48000,0.98314,0.01686
11.31000,0.48000,0.98889,0.01111
11.33000,0.48000,0.98781,0.01219
11.35000,0.48000,0.97882,0.02118
11.37000,0.48000,0.98915,0.01085
11.39000,0.48000,0.98790,0.01210
11.41000,0.48000,0.98540,0.01460
11.43000,0.48000,0.98964,0.01036
11.45000,0.48000,0.99306,0.00694
11.47000,0.48000,0.98526,0.01474
11.49000,0.48000,0.99437,0.00563
11.51000,0.48000,0.99302,0.00698
11.53000,0.48000,0.99214,0.00786
11.55000,0.48000,0.99546,0.00454
11.57000,0.48000,0.99414,0.00586
11.59000,0.48000,0.98997,0.01003
11.61000,0.48000,0.99271,0.00729
11.63000,0.48000,0.98749,0.01251
11.65000,0.48000,0.98471,0.01529
11.67000,0.48000,0.98947,0.01053
11.69000,0.48000,0.98870,0.01130
11.71000,0.48000,0.98720,0.01280
11.73000,0.48000,0.99368,0.00632
11.75000,0.48000,0.99029,0.00971
11.77000,0.48000,0.99047,0.00953
11.79000,0.48000,0.99527,0.00473
11.81000,0.48000,0.98925,0.01075
11.83000,0.48000,0.99583,0.00417
11.85000,0.48000,0.99263,0.00737
11.87000,0.48000,0.99304,0.00696
11.89000,0.48000,0.99468,0.00532
11.91000,0.48000,0.99465,0.00535
11.93000,0.48000,0.98338,0.01662
11.95000,0.48000,0.99144,0.00856
11.97000,0.48000,0.98508,0.01492
11.99000,0.48000,0.98493,0.01507
12.01000,0.48000,0.98908,0.01092
12.03000,0.48000,0.99184,0.00816
12.05000,0.48000,0.98439,0.01561
12.07000,0.48000,0.99425,0.00575
12.09000,0.48000,0.98626,0.01374
12.11000,0.48000,0.99299,0.00701
12.13000,0.48000,0.99043,0.00957
12.15000,0.48000,0.98957,0.01043
12.17000,0.48000,0.99372,0.00628
12.19000,0.48000,0.99429,0.00571
12.21000,0.48000,0.98760,0.01240
12.23000,0.48000,0.99600,0.00400
12.25000,0.48000,0.99282,0.00718
12.27000,0.48000,0.99447,0.00553
12.29000,0.48000,0.99294,0.00706
12.31000,0.48000,0.99529,0.00471
12.33000,0.48000,0.99353,0.00647
12.35000,0.48000,0.99469,0.00531
12.37000,0.48000,0.99377,0.00623
12.39000,0.48000,0.99373,0.00627
12.41000,0.48000,0.99563,0.00437
12.43000,0.48000,0.99347,0.00653
12.45000,0.48000,0.99363,0.00637
12.47000,0.48000,0.99655,0.00345
12.49000,0.48000,0.99146,0.00854
12.51000,0.48000,0.99530,0.00470
12.53000,0.48000,0.99177,0.00823
12.55000,0.48000,0.99395,0.00605
12.57000,0.48000,0.99405,0.00595
12.59000,0.48000,0.99303,0.00697
12.61000,0.48000,0.99082,0.00918
12.63000,0.48000,0.99350,0.00650
12.65000,0.48000,0.95741,0.04259
12.67000,0.48000,0.89440,0.10560
12.69000,0.48000,0.90134,0.09866
12.71000,0.48000,0.97237,0.02763
12.73000,0.48000,0.93075,0.06925
12.75000,0.48000,0.96491,0.03509
12.77000,0.48000,0.74584,0.25416
12.79000,0.48000,0.95023,0.04977
12.81000,0.48000,0.81669,0.18331
12.83000,0.48000,0.87319,0.12681
12.85000,0.48000,0.60619,0.39381
12.87000,0.48000,0.86761,0.13239
12.89000,0.48000,0.52653,0.47347
12.91000,0.48000,0.75346,0.24654
12.93000,0.48000,0.54665,0.45335
12.95000,0.48000,0.90659,0.09341
12.97000,0.48000,0.74412,0.25588
12.99000,0.48000,0.88609,0.11391
13.01000,0.48000,0.76050,0.23950
13.03000,0.48000,0.93742,0.06258
13.05000,0.48000,0.33056,0.66944
13.07000,0.48000,0.06151,0.93849
13.09000,0.48000,0.03011,0.96989
13.11000,0.48000,0.06151,0.93849
13.13000,0.48000,0.02227,0.97773
13.15000,0.48000,0.08082,0.91918
13.17000,0.48000,0.03433,0.96567
13.19000,0.48000,0.02722,0.97278
13.21000,0.48000,0.00319,0.99681
13.23000,0.48000,0.01975,0.98025
13.25000,0.48000,0.08591,0.91409
13.27000,0.48000,0.44665,0.55335
13.29000,0.48000,0.53914,0.46086
13.31000,0.48000,0.52548,0.47452
13.33000,0.48000,0.64554,0.35446
13.35000,0.48000,0.60923,0.39077
13.37000,0.48000,0.81806,0.18194
13.39000,0.48000,0.44291,0.55709
13.41000,0.48000,0.77149,0.22851
13.43000,0.48000,0.75537,0.24463
13.45000,0.48000,0.40561,0.59439
13.47000,0.48000,0.35856,0.64144
13.49000,0.48000,0.23488,0.76512
13.51000,0.48000,0.35982,0.64018
13.53000,0.48000,0.65513,0.34487
13.55000,0.48000,0.42926,0.57074
13.57000,0.48000,0.62821,0.37179
13.59000,0.48000,0.77202,0.22798
13.61000,0.48000,0.83814,0.16186
13.63000,0.48000,0.80391,0.19609
13.65000,0.48000,0.67754,0.32246
13.67000,0.48000,0.86824,0.13176
13.69000,0.48000,0.94248,0.05752
13.71000,0.48000,0.99457,0.00543
13.73000,0.48000,0.98070,0.01930
13.75000,0.48000,0.99750,0.00250
13.77000,0.48000,0.99629,0.00371
13.79000,0.48000,0.99809,0.00191
13.81000,0.48000,0.99633,0.00367
13.83000,0.48000,0.99771,0.00229
13.85000,0.48000,0.99679,0.00321
13.87000,0.48000,0.99828,0.00172
13.89000,0.48000,0.99749,0.00251
13.91000,0.48000,0.99821,0.00179
13.93000,0.48000,0.99753,0.00247
13.95000,0.48000,0.99771,0.00229
13.97000,0.48000,0.99543,0.00457
13.99000,0.48000,0.99611,0.00389
14.01000,0.48000,0.99272,0.00728
14.03000,0.48000,0.99698,0.00302
14.05000,0.48000,0.99014,0.00986
14.07000,0.48000,0.99735,0.00265
14.09000,0.48000,0.99189,0.00811
14.11000,0.48000,0.99605,0.00395
14.13000,0.48000,0.99025,0.00975
14.15000,0.48000,0.99567,0.00433
14.17000,0.48000,0.98323,0.01677
14.19000,0.48000,0.99466,0.00534
14.21000,0.48000,0.97458,0.02542
14.23000,0.48000,0.99541,0.00459
14.25000,0.48000,0.96561,0.03439
14.27000,0.48000,0.98866,0.01134
14.29000,0.48000,0.94395,0.05605
14.31000,0.48000,0.98473,0.01527
14.33000,0.48000,0.93020,0.06980
14.35000,0.48000,0.97819,0.02181
14.37000,0.48000,0.90448,0.09552
14.39000,0.48000,0.97242,0.02758
14.41000,0.48000,0.91789,0.08211
14.43000,0.48000,0.93705,0.06295
14.45000,0.48000,0.92282,0.07718
14.47000,0.48000,0.95473,0.04527
14.49000,0.48000,0.96129,0.03871
14.51000,0.48000,0.97009,0.02991
14.53000,0.48000,0.93439,0.06561
14.55000,0.48000,0.94810,0.05190
14.57000,0.48000,0.95245,0.04755
14.59000,0.48000,0.95074,0.04926
14.61000,0.48000,0.97152,0.02848
14.63000,0.48000,0.97042,0.02958
14.65000,0.48000,0.97877,0.02123
14.67000,0.48000,0.93669,0.06331
14.69000,0.48000,0.95269,0.04731
14.71000,0.48000,0.96386,0.03614
14.73000,0.48000,0.97546,0.02454
14.75000,0.48000,0.94823,0.05177
14.77000,0.48000,0.98135,0.01865
14.79000,0.48000,0.98658,0.01342
14.81000,0.48000,0.98691,0.01309
14.83000,0.48000,0.98060,0.01940
14.85000,0.48000,0.96175,0.03825
14.87000,0.48000,0.78249,0.21751
14.89000,0.48000,0.86897,0.13103
14.91000,0.48000,0.72245,0.27755
14.93000,0.48000,0.86042,0.13958
14.95000,0.48000,0.53939,0.46061
14.97000,0.48000,0.66698,0.33302
14.99000,0.48000,0.47045,0.52955
15.01000,0.48000,0.46266,0.53734
15.03000,0.48000,0.41201,0.58799
15.05000,0.48000,0.38773,0.61227
15.07000,0.48000,0.59030,0.40970
15.09000,0.48000,0.36394,0.63606
15.11000,0.48000,0.55719,0.44281
15.13000,0.48000,0.50786,0.49214
15.15000,0.48000,0.72933,0.27067
15.17000,0.48000,0.69886,0.30114
15.19000,0.48000,0.60363,0.39637
15.21000,0.48000,0.34510,0.65490
15.23000,0.48000,0.31805,0.68195
15.25000,0.48000,0.34663,0.65337
15.27000,0.48000,0.34969,0.65031
15.29000,0.48000,0.22626,0.77374
15.31000,0.48000,0.36721,0.63279
15.33000,0.48000,0.28198,0.71802
15.35000,0.48000,0.53545,0.46455
15.37000,0.48000,0.26910,0.73090
15.39000,0.48000,0.62268,0.37732
15.41000,0.48000,0.81975,0.18025
15.43000,0.48000,0.94938,0.05062
15.45000,0.48000,0.93052,0.06948
15.47000,0.48000,0.91633,0.08367
15.49000,0.48000,0.58448,0.41552
15.51000,0.48000,0.38698,0.61302
15.53000,0.48000,0.37868,0.62132
15.55000,0.48000,0.57384,0.42616
15.57000,0.48000,0.47042,0.52958
15.59000,0.48000,0.26110,0.73890
15.61000,0.48000,0.28943,0.71057
15.63000,0.48000,0.29851,0.70149
15.65000,0.48000,0.40191,0.59809
15.67000,0.48000,0.21652,0.78348
15.69000,0.48000,0.24849,0.75151
15.71000,0.48000,0.37892,0.62108
15.73000,0.48000,0.23439,0.76561
15.75000,0.48000,0.16019,0.83981
15.77000,0.48000,0.27235,0.72765
15.79000,0.48000,0.21540,0.78460
15.81000,0.48000,0.18722,0.81278
15.83000,0.48000,0.05551,0.94449
15.85000,0.48000,0.05377,0.94623
15.87000,0.48000,0.01571,0.98429
15.89000,0.48000,0.01505,0.98495
15.91000,0.48000,0.01220,0.98780
15.93000,0.48000,0.01357,0.98643
15.95000,0.48000,0.01046,0.98954
15.97000,0.48000,0.01025,0.98975
15.99000,0.48000,0.01525,0.98475
16.01000,0.48000,0.01183,0.98817
16.03000,0.48000,0.01365,0.98635
16.05000,0.48000,0.01076,0.98924
16.07000,0.48000,0.01466,0.98534
16.09000,0.48000,0.01393,0.98607
16.11000,0.48000,0.00871,0.99129
16.13000,0.48000,0.01234,0.98765
16.15000,0.48000,0.00751,0.99249
16.17000,0.48000,0.00799,0.99201
16.19000,0.48000,0.00694,0.99306
16.21000,0.48000,0.00779,0.99221
16.23000,0.48000,0.00694,0.99306
16.25000,0.48000,0.00600,0.99400
16.27000,0.48000,0.00848,0.99152
16.29000,0.48000,0.00505,0.99495
16.31000,0.48000,0.00639,0.99361
16.33000,0.48000,0.00526,0.99474
16.35000,0.48000,0.00715,0.99285
16.37000,0.48000,0.00451,0.99549
16.39000,0.48000,0.01273,0.98727
16.41000,0.48000,0.00903,0.99097
16.43000,0.48000,0.01552,0.98448
16.45000,0.48000,0.01122,0.98878
16.47000,0.48000,0.00667,0.99333
16.49000,0.48000,0.01568,0.98432
16.51000,0.48000,0.01060,0.98940
16.53000,0.48000,0.01853,0.98147
16.55000,0.48000,0.01178,0.98822
16.57000,0.48000,0.00812,0.99188
16.59000,0.48000,0.00903,0.99097
16.61000,0.48000,0.01031,0.98969
16.63000,0.48000,0.01190,0.98810
16.65000,0.48000,0.01452,0.98548
16.67000,0.48000,0.01152,0.98848
16.69000,0.48000,0.01156,0.98844
16.71000,0.48000,0.01301,0.98699
16.73000,0.48000,0.01299,0.98701
16.75000,0.48000,0.01042,0.98958
16.77000,0.48000,0.01687,0.98313
16.79000,0.48000,0.01080,0.98920
16.81000,0.48000,0.02947,0.97053
16.83000,0.48000,0.01144,0.98856
16.85000,0.48000,0.01241,0.98759
16.87000,0.48000,0.01978,0.98022
16.89000,0.48000,0.00989,0.99011
16.91000,0.48000,0.01338,0.98662
16.93000,0.48000,0.00901,0.99099
16.95000,0.48000,0.01172,0.98828
16.97000,0.48000,0.00902,0.99098
16.99000,0.48000,0.00736,0.99264
17.01000,0.48000,0.00701,0.99299
17.03000,0.48000,0.00991,0.99009
17.05000,0.48000,0.00393,0.99607
17.07000,0.48000,0.00652,0.99348
17.09000,0.48000,0.00622,0.99378
17.11000,0.48000,0.01028,0.98972
17.13000,0.48000,0.00691,0.99309
17.15000,0.48000,0.01150,0.98850
17.17000,0.48000,0.00675,0.99325
17.19000,0.48000,0.01660,0.98340
17.21000,0.48000,0.01182,0.98818
17.23000,0.48000,0.01656,0.98344
17.25000,0.48000,0.00738,0.99262
17.27000,0.48000,0.00982,0.99018
17.29000,0.48000,0.00831,0.99169
17.31000,0.48000,0.01327,0.98673
17.33000,0.48000,0.00827,0.99173
17.35000,0.48000,0.01391,0.98609
17.37000,0.48000,0.00901,0.99099
17.39000,0.48000,0.01438,0.98562
17.41000,0.48000,0.00875,0.99125
17.43000,0.48000,0.02037,0.97963
17.45000,0.48000,0.00572,0.99428
17.47000,0.48000,0.01280,0.98720
17.49000,0.48000,0.00628,0.99372
17.51000,0.48000,0.01924,0.98076
17.53000,0.48000,0.00564,0.99436
17.55000,0.48000,0.01101,0.98899
17.57000,0.48000,0.00429,0.99571
17.59000,0.48000,0.00701,0.99299
17.61000,0.48000,0.00301,0.99699
17.63000,0.48000,0.00672,0.99328
17.65000,0.48000,0.00379,0.99621
17.67000,0.48000,0.00641,0.99359
17.69000,0.48000,0.00307,0.99693
17.71000,0.48000,0.00470,0.99530
17.73000,0.48000,0.00345,0.99655
17.75000,0.48000,0.00302,0.99698
17.77000,0.48000,0.00284,0.99716
17.79000,0.48000,0.00763,0.99237
17.81000,0.48000,0.00335,0.99665
17.83000,0.48000,0.00523,0.99477
17.85000,0.48000,0.00232,0.99768
17.87000,0.48000,0.01145,0.98855
17.89000,0.48000,0.00498,0.99502
17.91000,0.48000,0.00499,0.99501
17.93000,0.48000,0.00314,0.99686
17.95000,0.48000,0.00418,0.99582
17.97000,0.48000,0.00436,0.99564
17.99000,0.48000,0.00558,0.99442
18.01000,0.48000,0.00825,0.99175
18.03000,0.48000,0.00489,0.99511
18.05000,0.48000,0.01023,0.98977
18.07000,0.48000,0.00859,0.99141
18.09000,0.48000,0.01309,0.98691
18.11000,0.48000,0.01272,0.98728
18.13000,0.48000,0.01623,0.98377
18.15000,0.48000,0.00868,0.99132
18.17000,0.48000,0.02258,0.97742
18.19000,0.48000,0.01146,0.98854
18.21000,0.48000,0.02460,0.97540
18.23000,0.48000,0.01865,0.98135
18.25000,0.48000,0.06587,0.93413
18.27000,0.48000,0.07758,0.92242
18.29000,0.48000,0.21800,0.78200
18.31000,0.48000,0.14384,0.85616
18.33000,0.48000,0.30164,0.69836
18.35000,0.48000,0.19005,0.80995
18.37000,0.48000,0.43306,0.56694
18.39000,0.48000,0.03388,0.96612
18.41000,0.48000,0.06776,0.93224
18.43000,0.48000,0.03449,0.96551
18.45000,0.48000,0.10411,0.89589
18.47000,0.48000,0.00914,0.99086
18.49000,0.48000,0.03374,0.96626
18.51000,0.48000,0.02043,0.97957
18.53000,0.48000,0.05044,0.94956
18.55000,0.48000,0.13073,0.86927
18.57000,0.48000,0.06300,0.93700
18.59000,0.48000,0.73177,0.26823
18.61000,0.48000,0.74101,0.25899
18.63000,0.48000,0.89066,0.10934
18.65000,0.48000,0.88787,0.11213
18.67000,0.48000,0.86616,0.13384
18.69000,0.48000,0.51125,0.48875
18.71000,0.48000,0.29149,0.70851
18.73000,0.48000,0.14688,0.85312
18.75000,0.48000,0.18328,0.81672
18.77000,0.48000,0.03585,0.96415
18.79000,0.48000,0.05501,0.94499
18.81000,0.48000,0.01835,0.98165
18.83000,0.48000,0.06775,0.93225
18.85000,0.48000,0.08098,0.91902
18.87000,0.48000,0.06969,0.93031
18.89000,0.48000,0.04919,0.95081
18.91000,0.48000,0.19037,0.80963
18.93000,0.48000,0.15000,0.85000
18.95000,0.48000,0.13989,0.86011
18.97000,0.48000,0.09339,0.90661
18.99000,0.48000,0.05438,0.94562
19.01000,0.48000,0.08898,0.91102
19.03000,0.48000,0.08278,0.91722
19.05000,0.48000,0.03763,0.96237
19.07000,0.48000,0.22897,0.77103
19.09000,0.48000,0.08013,0.91987
19.11000,0.48000,0.32061,0.67939
19.13000,0.48000,0.09737,0.90263
19.15000,0.48000,0.31845,0.68155
19.17000,0.48000,0.05585,0.94415
19.19000,0.48000,0.12951,0.87049
19.21000,0.48000,0.01871,0.98129
19.23000,0.48000,0.18574,0.81426
19.25000,0.48000,0.01723,0.98277
19.27000,0.48000,0.20725,0.79275
19.29000,0.48000,0.01266,0.98734
19.31000,0.48000,0.03751,0.96249
19.33000,0.48000,0.02313,0.97687
19.35000,0.48000,0.05812,0.94188
19.37000,0.48000,0.03504,0.96496
19.39000,0.48000,0.14302,0.85698
19.41000,0.48000,0.47666,0.52334
19.43000,0.48000,0.87255,0.12745
19.45000,0.48000,0.81604,0.18396
19.47000,0.48000,0.34312,0.65688
19.49000,0.48000,0.17839,0.82161
19.51000,0.48000,0.13333,0.86667
19.53000,0.48000,0.05675,0.94325
19.55000,0.48000,0.02513,0.97487
19.57000,0.48000,0.02258,0.97742
19.59000,0.48000,0.01973,0.98027
19.61000,0.48000,0.02898,0.97102
19.63000,0.48000,0.01936,0.98064
19.65000,0.48000,0.02415,0.97585
19.67000,0.48000,0.02003,0.97997
19.69000,0.48000,0.01446,0.98554
19.71000,0.48000,0.03697,0.96303
19.73000,0.48000,0.06644,0.93356
19.75000,0.48000,0.19231,0.80769
19.77000,0.48000,0.07510,0.92490
19.79000,0.48000,0.09529,0.90471
19.81000,0.48000,0.06387,0.93613
19.83000,0.48000,0.21815,0.78185
19.85000,0.48000,0.08925,0.91075
19.87000,0.48000,0.37537,0.62463
19.89000,0.48000,0.13380,0.86620
19.91000,0.48000,0.34031,0.65969
19.93000,0.48000,0.21089,0.78911
19.95000,0.48000,0.63757,0.36243
19.97000,0.48000,0.42083,0.57917
19.99000,0.48000,0.70882,0.29118
20.01000,0.48000,0.53136,0.46864
20.03000,0.48000,0.90439,0.09561
20.05000,0.48000,0.53174,0.46826
20.07000,0.48000,0.74453,0.25547
20.09000,0.48000,0.33251,0.66749
20.11000,0.48000,0.89346,0.10654
20.13000,0.48000,0.62018,0.37982
20.15000,0.48000,0.86507,0.13493
20.17000,0.48000,0.96708,0.03292
20.19000,0.48000,0.99209,0.00791
20.21000,0.48000,0.96154,0.03846
20.23000,0.48000,0.98742,0.01258
20.25000,0.48000,0.97581,0.02419
20.27000,0.48000,0.98688,0.01312
20.29000,0.48000,0.95662,0.04338
20.31000,0.48000,0.96764,0.03236
20.33000,0.48000,0.97239,0.02761
20.35000,0.48000,0.97675,0.02325
20.37000,0.48000,0.92657,0.07343
20.39000,0.48000,0.96439,0.03561
20.41000,0.48000,0.97437,0.02563
20.43000,0.48000,0.93714,0.06286
20.45000,0.48000,0.94828,0.05172
20.47000,0.48000,0.95369,0.04631
20.49000,0.48000,0.97276,0.02724
20.51000,0.48000,0.94120,0.05880
20.53000,0.48000,0.90560,0.09440
20.55000,0.48000,0.80568,0.19432
20.57000,0.48000,0.95798,0.04202
20.59000,0.48000,0.88560,0.11440
20.61000,0.48000,0.89872,0.10128
20.63000,0.48000,0.92029,0.07971
20.65000,0.48000,0.95750,0.04250
20.67000,0.48000,0.94118,0.05882
20.69000,0.48000,0.94527,0.05473
20.71000,0.48000,0.97753,0.02247
20.73000,0.48000,0.97535,0.02465
20.75000,0.48000,0.96236,0.03764
20.77000,0.48000,0.98351,0.01649
20.79000,0.48000,0.98497,0.01503
20.81000,0.48000,0.98584,0.01416
20.83000,0.48000,0.97838,0.02162
20.85000,0.48000,0.98944,0.01056
20.87000,0.48000,0.98628,0.01372
20.89000,0.48000,0.98371,0.01629
20.91000,0.48000,0.98476,0.01524
20.93000,0.48000,0.98893,0.01107
20.95000,0.48000,0.98911,0.01089
20.97000,0.48000,0.98963,0.01037
20.99000,0.48000,0.99294,0.00706
21.01000,0.48000,0.98998,0.01002
21.03000,0.48000,0.99700,0.00300
21.05000,0.48000,0.99665,0.00335
21.07000,0.48000,0.99655,0.00345
21.09000,0.48000,0.99656,0.00344
21.11000,0.48000,0.99610,0.00390
21.13000,0.48000,0.99642,0.00358
21.15000,0.48000,0.99471,0.00529
21.17000,0.48000,0.99512,0.00488
21.19000,0.48000,0.99545,0.00455
21.21000,0.48000,0.99399,0.00601
21.23000,0.48000,0.99494,0.00506
21.25000,0.48000,0.99421,0.00579
21.27000,0.48000,0.98925,0.01075
21.29000,0.48000,0.99210,0.00790
21.31000,0.48000,0.99290,0.00710
21.33000,0.48000,0.98872,0.01128
21.35000,0.48000,0.99316,0.00684
21.37000,0.48000,0.99219,0.00781
21.39000,0.48000,0.98874,0.01126
21.41000,0.48000,0.98670,0.01330
21.43000,0.48000,0.99207,0.00793
21.45000,0.48000,0.97922,0.02078
21.47000,0.48000,0.98821,0.01179
21.49000,0.48000,0.98377,0.01623
21.51000,0.48000,0.98602,0.01398
21.53000,0.48000,0.96722,0.03278
21.55000,0.48000,0.98932,0.01068
21.57000,0.48000,0.96954,0.03046
21.59000,0.48000,0.99120,0.00880
21.61000,0.48000,0.98871,0.01129
21.63000,0.48000,0.98504,0.01496
21.65000,0.48000,0.98934,0.01066
21.67000,0.48000,0.98891,0.01109
21.69000,0.48000,0.97414,0.02586
21.71000,0.48000,0.88776,0.11224
21.73000,0.48000,0.71660,0.28340
21.75000,0.48000,0.73105,0.26895
21.77000,0.48000,0.84304,0.15696
21.79000,0.48000,0.33373,0.66627
21.81000,0.48000,0.62512,0.37488
21.83000,0.48000,0.44425,0.55575
21.85000,0.48000,0.65445,0.34555
21.87000,0.48000,0.17950,0.82050
21.89000,0.48000,0.45313,0.54687
21.91000,0.48000,0.26097,0.73903
21.93000,0.48000,0.40832,0.59168
21.95000,0.48000,0.12759,0.87241
21.97000,0.48000,0.14000,0.86000
21.99000,0.48000,0.20386,0.79614
22.01000,0.48000,0.12690,0.87310
22.03000,0.48000,0.02281,0.97719
22.05000,0.48000,0.04909,0.95091
22.07000,0.48000,0.02005,0.97995
22.09000,0.48000,0.01852,0.98148
22.11000,0.48000,0.00310,0.99690
22.13000,0.48000,0.00515,0.99485
22.15000,0.48000,0.00367,0.99633
22.17000,0.48000,0.00298,0.99702
22.19000,0.48000,0.00285,0.99715
22.21000,0.48000,0.00286,0.99714
22.23000,0.48000,0.00470,0.99530
22.25000,0.48000,0.00401,0.99599
22.27000,0.48000,0.00539,0.99461
22.29000,0.48000,0.00458,0.99542
22.31000,0.48000,0.00460,0.99540
22.33000,0.48000,0.00478,0.99522
22.35000,0.48000,0.00453,0.99547
22.37000,0.48000,0.00510,0.99490
22.39000,0.48000,0.00573,0.99427
22.41000,0.48000,0.00600,0.99400
22.43000,0.48000,0.00680,0.99320
22.45000,0.48000,0.00531,0.99469
22.47000,0.48000,0.00887,0.99113
22.49000,0.48000,0.00623,0.99377
22.51000,0.48000,0.00942,0.99058
22.53000,0.48000,0.00808,0.99192
22.55000,0.48000,0.00954,0.99046
22.57000,0.48000,0.00710,0.99290
22.59000,0.48000,0.00853,0.99147
22.61000,0.48000,0.00937,0.99063
22.63000,0.48000,0.00897,0.99103
22.65000,0.48000,0.01241,0.98759
22.67000,0.48000,0.00549,0.99451
22.69000,0.48000,0.00883,0.99117
22.71000,0.48000,0.00842,0.99158
22.73000,0.48000,0.01164,0.98836
22.75000,0.48000,0.00940,0.99060
22.77000,0.48000,0.01159,0.98841
22.79000,0.48000,0.00974,0.99026
22.81000,0.48000,0.00707,0.99293
22.83000,0.48000,0.01068,0.98932
22.85000,0.48000,0.01159,0.98841
22.87000,0.48000,0.00788,0.99212
22.89000,0.48000,0.01268,0.98732
22.91000,0.48000,0.00940,0.99060
22.93000,0.48000,0.00956,0.99044
22.95000,0.48000,0.00848,0.99152
22.97000,0.48000,0.00679,0.99321
22.99000,0.48000,0.00423,0.99577
23.01000,0.48000,0.00726,0.99274
23.03000,0.48000,0.00653,0.99347
23.05000,0.48000,0.00511,0.99489
23.07000,0.48000,0.00666,0.99334
23.09000,0.48000,0.00487,0.99513
23.11000,0.48000,0.00581,0.99419
23.13000,0.48000,0.00790,0.99210
23.15000,0.48000,0.00997,0.99003
23.17000,0.48000,0.02731,0.97269
23.19000,0.48000,0.04640,0.95360
23.21000,0.48000,0.10952,0.89048
23.23000,0.48000,0.12618,0.87382
23.25000,0.48000,0.19862,0.80138
23.27000,0.48000,0.21874,0.78126
23.29000,0.48000,0.31786,0.68214
23.31000,0.48000,0.23873,0.76127
23.33000,0.48000,0.32542,0.67458
23.35000,0.48000,0.27838,0.72162
23.37000,0.48000,0.47542,0.52458
23.39000,0.48000,0.39151,0.60849
23.41000,0.48000,0.57612,0.42388
23.43000,0.48000,0.70741,0.29259
23.45000,0.48000,0.83818,0.16182
23.47000,0.48000,0.91458,0.08542
23.49000,0.48000,0.88462,0.11538
23.51000,0.48000,0.93521,0.06479
23.53000,0.48000,0.96391,0.03609
23.55000,0.48000,0.96697,0.03303
23.57000,0.48000,0.99123,0.00877
23.59000,0.48000,0.99080,0.00920
23.61000,0.48000,0.99457,0.00543
23.63000,0.48000,0.99027,0.00973
23.65000,0.48000,0.99549,0.00451
23.67000,0.48000,0.99336,0.00664
23.69000,0.48000,0.99373,0.00627
23.71000,0.48000,0.99258,0.00742
23.73000,0.48000,0.99329,0.00671
23.75000,0.48000,0.98984,0.01016
23.77000,0.48000,0.99402,0.00598
23.79000,0.48000,0.97481,0.02519
23.81000,0.48000,0.97509,0.02491
23.83000,0.48000,0.71423,0.28577
23.85000,0.48000,0.97126,0.02874
23.87000,0.48000,0.82916,0.17084
23.89000,0.48000,0.94722,0.05278
23.91000,0.48000,0.68529,0.31471
23.93000,0.48000,0.95064,0.04936
23.95000,0.48000,0.56817,0.43183
23.97000,0.48000,0.74804,0.25196
23.99000,0.48000,0.32193,0.67807
24.01000,0.48000,0.73952,0.26048
24.03000,0.48000,0.21169,0.78831
24.05000,0.48000,0.43226,0.56774
24.07000,0.48000,0.16280,0.83720
24.09000,0.48000,0.40114,0.59886
24.11000,0.48000,0.13260,0.86740
24.13000,0.48000,0.17844,0.82156
24.15000,0.48000,0.01382,0.98618
24.17000,0.48000,0.04333,0.95667
24.19000,0.48000,0.00544,0.99456
24.21000,0.48000,0.01544,0.98456
24.23000,0.48000,0.00164,0.99836
24.25000,0.48000,0.00788,0.99212
24.27000,0.48000,0.00197,0.99803
24.29000,0.48000,0.00766,0.99234
24.31000,0.48000,0.00106,0.99894
24.33000,0.48000,0.00270,0.99730
24.35000,0.48000,0.00243,0.99757
24.37000,0.48000,0.00890,0.99110
24.39000,0.48000,0.00427,0.99573
24.41000,0.48000,0.00938,0.99062
24.43000,0.48000,0.00524,0.99476
24.45000,0.48000,0.00943,0.99057
24.47000,0.48000,0.00630,0.99370
24.49000,0.48000,0.01043,0.98957
24.51000,0.48000,0.00795,0.99205
24.53000,0.48000,0.00672,0.99328
24.55000,0.48000,0.00938,0.99062
24.57000,0.48000,0.01339,0.98661
24.59000,0.48000,0.00921,0.99079
24.61000,0.48000,0.01402,0.98598
24.63000,0.48000,0.00587,0.99413
24.65000,0.48000,0.01313,0.98687
24.67000,0.48000,0.00660,0.99340
24.69000,0.48000,0.01300,0.98700
24.71000,0.48000,0.00382,0.99618
24.73000,0.48000,0.01384,0.98616
24.75000,0.48000,0.00502,0.99498
24.77000,0.48000,0.01054,0.98946
24.79000,0.48000,0.00262,0.99738
24.81000,0.48000,0.02105,0.97895
24.83000,0.48000,0.00212,0.99788
24.85000,0.48000,0.01562,0.98438
24.87000,0.48000,0.00161,0.99839
24.89000,0.48000,0.01649,0.98351
24.91000,0.48000,0.00153,0.99847
24.93000,0.48000,0.01358,0.98642
24.95000,0.48000,0.00482,0.99518
24.97000,0.48000,0.02759,0.97241
24.99000,0.48000,0.00940,0.99060
25.01000,0.48000,0.04225,0.95775
25.03000,0.48000,0.02248,0.97752
25.05000,0.48000,0.07326,0.92674
25.07000,0.48000,0.06176,0.93824
25.09000,0.48000,0.30607,0.69393
25.11000,0.48000,0.15689,0.84311
25.13000,0.48000,0.55005,0.44995
25.15000,0.48000,0.46726,0.53274
25.17000,0.48000,0.74739,0.25261
25.19000,0.48000,0.50415,0.49585
25.21000,0.48000,0.74328,0.25672
25.23000,0.48000,0.63064,0.36936
25.25000,0.48000,0.89105,0.10895
25.27000,0.48000,0.84742,0.15258
25.29000,0.48000,0.86584,0.13416
25.31000,0.48000,0.87086,0.12914
25.33000,0.48000,0.96701,0.03299
25.35000,0.48000,0.88262,0.11738
25.37000,0.48000,0.88008,0.11992
25.39000,0.48000,0.97478,0.02522
25.41000,0.48000,0.99396,0.00604
25.43000,0.48000,0.98766,0.01234
25.45000,0.48000,0.99441,0.00559
25.47000,0.48000,0.99335,0.00665
25.49000,0.48000,0.99613,0.00387
25.51000,0.48000,0.99564,0.00436
25.53000,0.48000,0.99803,0.00197
25.55000,0.48000,0.99555,0.00445
25.57000,0.48000,0.99708,0.00292
25.59000,0.48000,0.99768,0.00232
25.61000,0.48000,0.99784,0.00216
25.63000,0.48000,0.99541,0.00459
25.65000,0.48000,0.99633,0.00367
25.67000,0.48000,0.99477,0.00523
25.69000,0.48000,0.99834,0.00166
25.71000,0.48000,0.99528,0.00472
25.73000,0.48000,0.99649,0.00351
25.75000,0.48000,0.99578,0.00422
25.77000,0.48000,0.99624,0.00376
25.79000,0.48000,0.99429,0.00571
25.81000,0.48000,0.99548,0.00452
25.83000,0.48000,0.99296,0.00704
25.85000,0.48000,0.99731,0.00269
25.87000,0.48000,0.99351,0.00649
25.89000,0.48000,0.99554,0.00446
25.91000,0.48000,0.98907,0.01093
25.93000,0.48000,0.99400,0.00600
25.95000,0.48000,0.98107,0.01893
25.97000,0.48000,0.99183,0.00817
25.99000,0.48000,0.99008,0.00992
26.01000,0.48000,0.99227,0.00773
26.03000,0.48000,0.98514,0.01485
26.05000,0.48000,0.99023,0.00977
26.07000,0.48000,0.99184,0.00816
26.09000,0.48000,0.99132,0.00868
26.11000,0.48000,0.99246,0.00754
26.13000,0.48000,0.99135,0.00865
26.15000,0.48000,0.98369,0.01631
26.17000,0.48000,0.98514,0.01486
26.19000,0.48000,0.97712,0.02288
26.21000,0.48000,0.98519,0.01481
26.23000,0.48000,0.96294,0.03706
26.25000,0.48000,0.98456,0.01544
26.27000,0.48000,0.96787,0.03213
26.29000,0.48000,0.97909,0.02091
26.31000,0.48000,0.92470,0.07530
26.33000,0.48000,0.95504,0.04496
26.35000,0.48000,0.95260,0.04740
26.37000,0.48000,0.98062,0.01938
26.39000,0.48000,0.95838,0.04162
26.41000,0.48000,0.98023,0.01977
26.43000,0.48000,0.92499,0.07501
26.45000,0.48000,0.95347,0.04653
26.47000,0.48000,0.93955,0.06045
26.49000,0.48000,0.98457,0.01543
26.51000,0.48000,0.96849,0.03151
26.53000,0.48000,0.97161,0.02839
26.55000,0.48000,0.96128,0.03872
26.57000,0.48000,0.98425,0.01575
26.59000,0.48000,0.96619,0.03381
26.61000,0.48000,0.97992,0.02008
26.63000,0.48000,0.96403,0.03597
26.65000,0.48000,0.98925,0.01075
26.67000,0.48000,0.98060,0.01940
26.69000,0.48000,0.98450,0.01550
26.71000,0.48000,0.95452,0.04548
26.73000,0.48000,0.98756,0.01244
26.75000,0.48000,0.98102,0.01898
26.77000,0.48000,0.97663,0.02337
26.79000,0.48000,0.97618,0.02382
26.81000,0.48000,0.98291,0.01709
26.83000,0.48000,0.98678,0.01322
26.85000,0.48000,0.98241,0.01759
26.87000,0.48000,0.99519,0.00481
26.89000,0.48000,0.99214,0.00786
26.91000,0.48000,0.98420,0.01580
26.93000,0.48000,0.99063,0.00937
26.95000,0.48000,0.99011,0.00989
26.97000,0.48000,0.98701,0.01299
26.99000,0.48000,0.98299,0.01701
27.01000,0.48000,0.99010,0.00990
27.03000,0.48000,0.99219,0.00781
27.05000,0.48000,0.98759,0.01241
27.07000,0.48000,0.99663,0.00337
27.09000,0.48000,0.99310,0.00690
27.11000,0.48000,0.99625,0.00375
27.13000,0.48000,0.99494,0.00506
27.15000,0.48000,0.99595,0.00405
27.17000,0.48000,0.99456,0.00544
27.19000,0.48000,0.99630,0.00370
27.21000,0.48000,0.99580,0.00420
27.23000,0.48000,0.99490,0.00510
27.25000,0.48000,0.99512,0.00488
27.27000,0.48000,0.99644,0.00356
27.29000,0.48000,0.99507,0.00493
27.31000,0.48000,0.99459,0.00541
27.33000,0.48000,0.99602,0.00398
27.35000,0.48000,0.99715,0.00285
27.37000,0.48000,0.99228,0.00772
27.39000,0.48000,0.99703,0.00297
27.41000,0.48000,0.99299,0.00701
27.43000,0.48000,0.99539,0.00461
27.45000,0.48000,0.99587,0.00413
27.47000,0.48000,0.99559,0.00441
27.49000,0.48000,0.99399,0.00601
27.51000,0.48000,0.99730,0.00270
27.53000,0.48000,0.99500,0.00500
27.55000,0.48000,0.99620,0.00380
27.57000,0.48000,0.99629,0.00371
27.59000,0.48000,0.99638,0.00362
27.61000,0.48000,0.99511,0.00489
27.63000,0.48000,0.99747,0.00253
27.65000,0.48000,0.99293,0.00707
27.67000,0.48000,0.99734,0.00266
27.69000,0.48000,0.99380,0.00620
27.71000,0.48000,0.99465,0.00535
27.73000,0.48000,0.99490,0.00510
27.75000,0.48000,0.99701,0.00299
27.77000,0.48000,0.99214,0.00786
27.79000,0.48000,0.99800,0.00200
27.81000,0.48000,0.99648,0.00352
27.83000,0.48000,0.99701,0.00299
27.85000,0.48000,0.99600,0.00400
27.87000,0.48000,0.99777,0.00223
27.89000,0.48000,0.99572,0.00428
27.91000,0.48000,0.99716,0.00284
27.93000,0.48000,0.99465,0.00535
27.95000,0.48000,0.99568,0.00432
27.97000,0.48000,0.99641,0.00359
27.99000,0.48000,0.99489,0.00511
28.01000,0.48000,0.99567,0.00433
28.03000,0.48000,0.99672,0.00328
28.05000,0.48000,0.99473,0.00527
28.07000,0.48000,0.99654,0.00346
28.09000,0.48000,0.99449,0.00551
28.11000,0.48000,0.99393,0.00607
28.13000,0.48000,0.99439,0.00561
28.15000,0.48000,0.99372,0.00628
28.17000,0.48000,0.99405,0.00595
28.19000,0.48000,0.99640,0.00360
28.21000,0.48000,0.99428,0.00572
28.23000,0.48000,0.99728,0.00272
28.25000,0.48000,0.99581,0.00419
28.27000,0.48000,0.99631,0.00369
28.29000,0.48000,0.99536,0.00464
28.31000,0.48000,0.99691,0.00309
28.33000,0.48000,0.99538,0.00462
28.35000,0.48000,0.99537,0.00463
28.37000,0.48000,0.99413,0.00587
28.39000,0.48000,0.99302,0.00698
28.41000,0.48000,0.99687,0.00313
28.43000,0.48000,0.99541,0.00459
28.45000,0.48000,0.99546,0.00454
28.47000,0.48000,0.99609,0.00391
28.49000,0.48000,0.99491,0.00509
28.51000,0.48000,0.99653,0.00347
28.53000,0.48000,0.99678,0.00322
28.55000,0.48000,0.99492,0.00508
28.57000,0.48000,0.99749,0.00251
28.59000,0.48000,0.99429,0.00571
28.61000,0.48000,0.99664,0.00336
28.63000,0.48000,0.99664,0.00336
28.65000,0.48000,0.99529,0.00471
28.67000,0.48000,0.99467,0.00533
28.69000,0.48000,0.99746,0.00254
28.71000,0.48000,0.99378,0.00622
28.73000,0.48000,0.99664,0.00336
28.75000,0.48000,0.99420,0.00580
28.77000,0.48000,0.99599,0.00401
28.79000,0.48000,0.99382,0.00618
28.81000,0.48000,0.99728,0.00272
28.83000,0.48000,0.99183,0.00817
28.85000,0.48000,0.99619,0.00381
28.87000,0.48000,0.99357,0.00643
28.89000,0.48000,0.99617,0.00383
28.91000,0.48000,0.98882,0.01118
28.93000,0.48000,0.99277,0.00723
28.95000,0.48000,0.99231,0.00769
28.97000,0.48000,0.99422,0.00578
28.99000,0.48000,0.98789,0.01211
29.01000,0.48000,0.99216,0.00784
29.03000,0.48000,0.99135,0.00865
29.05000,0.48000,0.99281,0.00719
29.07000,0.48000,0.98727,0.01273
29.09000,0.48000,0.99082,0.00918
29.11000,0.48000,0.99226,0.00774
29.13000,0.48000,0.99175,0.00825
29.15000,0.48000,0.99353,0.00647
29.17000,0.48000,0.98616,0.01384
29.19000,0.48000,0.99283,0.00717
29.21000,0.48000,0.98618,0.01382
29.23000,0.48000,0.99179,0.00821
29.25000,0.48000,0.98757,0.01243
29.27000,0.48000,0.99120,0.00880
29.29000,0.48000,0.98401,0.01599
29.31000,0.48000,0.98792,0.01208
29.33000,0.48000,0.98711,0.01289
29.35000,0.48000,0.99455,0.00545
29.37000,0.48000,0.98167,0.01833
29.39000,0.48000,0.99322,0.00678
29.41000,0.48000,0.99020,0.00980
29.43000,0.48000,0.99183,0.00817
29.45000,0.48000,0.98853,0.01147
29.47000,0.48000,0.98788,0.01212
29.49000,0.48000,0.98767,0.01233
29.51000,0.48000,0.99161,0.00839
29.53000,0.48000,0.98927,0.01073
29.55000,0.48000,0.99415,0.00585
29.57000,0.48000,0.99102,0.00898
29.59000,0.48000,0.99237,0.00763
29.61000,0.48000,0.99336,0.00664
29.63000,0.48000,0.99367,0.00633
29.65000,0.48000,0.99207,0.00793
29.67000,0.48000,0.99533,0.00467
29.69000,0.48000,0.99238,0.00762
29.71000,0.48000,0.99525,0.00475
29.73000,0.48000,0.99388,0.00612
29.75000,0.48000,0.99409,0.00591
29.77000,0.48000,0.99617,0.00383
29.79000,0.48000,0.99699,0.00301
29.81000,0.48000,0.99782,0.00218
29.83000,0.48000,0.99759,0.00241
29.85000,0.48000,0.99680,0.00320
29.87000,0.48000,0.99577,0.00423
29.89000,0.48000,0.99709,0.00291
29.91000,0.48000,0.99347,0.00653
29.93000,0.48000,0.99665,0.00335
29.95000,0.48000,0.99582,0.00418
29.97000,0.48000,0.99630,0.00370
29.99000,0.48000,0.99251,0.00749
30.01000,0.48000,0.99584,0.00416
30.03000,0.48000,0.99281,0.00719
30.05000,0.48000,0.99381,0.00619
30.07000,0.48000,0.98538,0.01462
30.09000,0.48000,0.99280,0.00720
30.11000,0.48000,0.98490,0.01510
30.13000,0.48000,0.97830,0.02170
30.15000,0.48000,0.97321,0.02679
30.17000,0.48000,0.98170,0.01830
30.19000,0.48000,0.98410,0.01590
30.21000,0.48000,0.98667,0.01333
30.23000,0.48000,0.98922,0.01078
30.25000,0.48000,0.99140,0.00860
30.27000,0.48000,0.98647,0.01353
30.29000,0.48000,0.99007,0.00993
30.31000,0.48000,0.98969,0.01031
30.33000,0.48000,0.98876,0.01124
30.35000,0.48000,0.97736,0.02264
30.37000,0.48000,0.98725,0.01275
30.39000,0.48000,0.97528,0.02472
30.41000,0.48000,0.98054,0.01946
30.43000,0.48000,0.98561,0.01439
30.45000,0.48000,0.96260,0.03740
30.47000,0.48000,0.99085,0.00915
30.49000,0.48000,0.98764,0.01236
30.51000,0.48000,0.98735,0.01265
30.53000,0.48000,0.97685,0.02315
30.55000,0.48000,0.99079,0.00921
30.57000,0.48000,0.98606,0.01394
30.59000,0.48000,0.98827,0.01173
30.61000,0.48000,0.98398,0.01602
30.63000,0.48000,0.99385,0.00615
30.65000,0.48000,0.98661,0.01339
30.67000,0.48000,0.99481,0.00519
30.69000,0.48000,0.98120,0.01880
30.71000,0.48000,0.99419,0.00581
30.73000,0.48000,0.98790,0.01210
30.75000,0.48000,0.99648,0.00352
30.77000,0.48000,0.99322,0.00678
30.79000,0.48000,0.99435,0.00565
30.81000,0.48000,0.99662,0.00338
30.83000,0.48000,0.99592,0.00408
30.85000,0.48000,0.99718,0.00282
30.87000,0.48000,0.99469,0.00531
30.89000,0.48000,0.99754,0.00246
30.91000,0.48000,0.99809,0.00191
30.93000,0.48000,0.99806,0.00194
30.95000,0.48000,0.99672,0.00328
30.97000,0.48000,0.99828,0.00172
30.99000,0.48000,0.99794,0.00206
31.01000,0.48000,0.99878,0.00122
31.03000,0.48000,0.99649,0.00351
31.05000,0.48000,0.99823,0.00177
31.07000,0.48000,0.99620,0.00380
31.09000,0.48000,0.99890,0.00110
31.11000,0.48000,0.99723,0.00277
31.13000,0.48000,0.99822,0.00178
31.15000,0.48000,0.99800,0.00200
31.17000,0.48000,0.99882,0.00118
31.19000,0.48000,0.99865,0.00135
31.21000,0.48000,0.99894,0.00106
31.23000,0.48000,0.99847,0.00153
31.25000,0.48000,0.99924,0.00076
31.27000,0.48000,0.99862,0.00138
31.29000,0.48000,0.99878,0.00122
31.31000,0.48000,0.99779,0.00221
31.33000,0.48000,0.99873,0.00127
31.35000,0.48000,0.99807,0.00193
31.37000,0.48000,0.99903,0.00097
31.39000,0.48000,0.99825,0.00175
31.41000,0.48000,0.99885,0.00115
31.43000,0.48000,0.99842,0.00158
31.45000,0.48000,0.99782,0.00218
31.47000,0.48000,0.99555,0.00445
31.49000,0.48000,0.99833,0.00167
31.51000,0.48000,0.99478,0.00522
31.53000,0.48000,0.99754,0.00246
31.55000,0.48000,0.99446,0.00554
31.57000,0.48000,0.99750,0.00250
31.59000,0.48000,0.99241,0.00759
31.61000,0.48000,0.99679,0.00321
31.63000,0.48000,0.99592,0.00408
31.65000,0.48000,0.99755,0.00245
31.67000,0.48000,0.99378,0.00622
31.69000,0.48000,0.99809,0.00191
31.71000,0.48000,0.99438,0.00562
31.73000,0.48000,0.99633,0.00367
31.75000,0.48000,0.99210,0.00790
31.77000,0.48000,0.99530,0.00470
31.79000,0.48000,0.99404,0.00596
31.81000,0.48000,0.99349,0.00651
31.83000,0.48000,0.99591,0.00409
31.85000,0.48000,0.99147,0.00853
31.87000,0.48000,0.99530,0.00470
31.89000,0.48000,0.99390,0.00610
31.91000,0.48000,0.99097,0.00903
31.93000,0.48000,0.98667,0.01333
31.95000,0.48000,0.99666,0.00334
31.97000,0.48000,0.98925,0.01075
31.99000,0.48000,0.99513,0.00487
32.01000,0.48000,0.99053,0.00947
32.03000,0.48000,0.99657,0.00343
32.05000,0.48000,0.99316,0.00684
32.07000,0.48000,0.99744,0.00256
32.09000,0.48000,0.99608,0.00392
32.11000,0.48000,0.99725,0.00275
32.13000,0.48000,0.99604,0.00396
32.15000,0.48000,0.99749,0.00251
32.17000,0.48000,0.99519,0.00481
32.19000,0.48000,0.99624,0.00376
32.21000,0.48000,0.99413,0.00587
32.23000,0.48000,0.99386,0.00614
32.25000,0.48000,0.99361,0.00639
32.27000,0.48000,0.99404,0.00596
32.29000,0.48000,0.99289,0.00711
32.31000,0.48000,0.99420,0.00580
32.33000,0.48000,0.99469,0.00531
32.35000,0.48000,0.99515,0.00485
32.37000,0.48000,0.99226,0.00774
32.39000,0.48000,0.99409,0.00590
32.41000,0.48000,0.99163,0.00837
32.43000,0.48000,0.99363,0.00637
32.45000,0.48000,0.99003,0.00997
32.47000,0.48000,0.99065,0.00935
32.49000,0.48000,0.99467,0.00533
32.51000,0.48000,0.98238,0.01762
32.53000,0.48000,0.98901,0.01099
32.55000,0.48000,0.97392,0.02608
32.57000,0.48000,0.98629,0.01371
32.59000,0.48000,0.97996,0.02004
32.61000,0.48000,0.98607,0.01393
32.63000,0.48000,0.95425,0.04575
32.65000,0.48000,0.98560,0.01440
32.67000,0.48000,0.96128,0.03872
32.69000,0.48000,0.95022,0.04978
32.71000,0.48000,0.93567,0.06433
32.73000,0.48000,0.95614,0.04386
32.75000,0.48000,0.93696,0.06304
32.77000,0.48000,0.97346,0.02654
32.79000,0.48000,0.93586,0.06414
32.81000,0.48000,0.87413,0.12587
32.83000,0.48000,0.94998,0.05002
32.85000,0.48000,0.77748,0.22252
32.87000,0.48000,0.95362,0.04638
32.89000,0.48000,0.92829,0.07171
32.91000,0.48000,0.93675,0.06325
32.93000,0.48000,0.93131,0.06869
32.95000,0.48000,0.96123,0.03877
32.97000,0.48000,0.97034,0.02966
32.99000,0.48000,0.90717,0.09283
33.01000,0.48000,0.95145,0.04855
33.03000,0.48000,0.96377,0.03623
33.05000,0.48000,0.95549,0.04451
33.07000,0.48000,0.91327,0.08673
33.09000,0.48000,0.97457,0.02543
33.11000,0.48000,0.91987,0.08013
33.13000,0.48000,0.95492,0.04508
33.15000,0.48000,0.97976,0.02024
33.17000,0.48000,0.98542,0.01458
33.19000,0.48000,0.97026,0.02974
33.21000,0.48000,0.98806,0.01194
33.23000,0.48000,0.98620,0.01380
33.25000,0.48000,0.96033,0.03967
33.27000,0.48000,0.96725,0.03275
33.29000,0.48000,0.98434,0.01566
33.31000,0.48000,0.99361,0.00639
33.33000,0.48000,0.97949,0.02051
33.35000,0.48000,0.99495,0.00505
33.37000,0.48000,0.98862,0.01138
33.39000,0.48000,0.99518,0.00482
33.41000,0.48000,0.97655,0.02345
33.43000,0.48000,0.99573,0.00427
33.45000,0.48000,0.98614,0.01386
33.47000,0.48000,0.99527,0.00473
33.49000,0.48000,0.99132,0.00868
33.51000,0.48000,0.99398,0.00602
33.53000,0.48000,0.99278,0.00722
33.55000,0.48000,0.99496,0.00504
33.57000,0.48000,0.99425,0.00575
33.59000,0.48000,0.99638,0.00362
33.61000,0.48000,0.99410,0.00590
33.63000,0.48000,0.99383,0.00617
33.65000,0.48000,0.99639,0.00361
33.67000,0.48000,0.99748,0.00252
33.69000,0.48000,0.99620,0.00380
33.71000,0.48000,0.99558,0.00442
33.73000,0.48000,0.99261,0.00739
33.75000,0.48000,0.99801,0.00199
33.77000,0.48000,0.99713,0.00287
33.79000,0.48000,0.99717,0.00283
33.81000,0.48000,0.99691,0.00309
33.83000,0.48000,0.99855,0.00145
33.85000,0.48000,0.99589,0.00411
33.87000,0.48000,0.99775,0.00225
33.89000,0.48000,0.99511,0.00489
33.91000,0.48000,0.99799,0.00201
33.93000,0.48000,0.99648,0.00352
33.95000,0.48000,0.99401,0.00599
33.97000,0.48000,0.99408,0.00592
33.99000,0.48000,0.99721,0.00279
34.01000,0.48000,0.99270,0.00730
34.03000,0.48000,0.99789,0.00211
34.05000,0.48000,0.99622,0.00378
34.07000,0.48000,0.99381,0.00619
34.09000,0.48000,0.99469,0.00531
34.11000,0.48000,0.99674,0.00326
34.13000,0.48000,0.99499,0.00501
34.15000,0.48000,0.99561,0.00439
34.17000,0.48000,0.98920,0.01080
34.19000,0.48000,0.99357,0.00643
34.21000,0.48000,0.99504,0.00496
34.23000,0.48000,0.99092,0.00908
34.25000,0.48000,0.99220,0.00780
34.27000,0.48000,0.99626,0.00374
34.29000,0.48000,0.99483,0.00517
34.31000,0.48000,0.99142,0.00858
34.33000,0.48000,0.99466,0.00534
34.35000,0.48000,0.98750,0.01250
34.37000,0.48000,0.99518,0.00482
34.39000,0.48000,0.98959,0.01041
34.41000,0.48000,0.99235,0.00765
34.43000,0.48000,0.99461,0.00539
34.45000,0.48000,0.99175,0.00825
34.47000,0.48000,0.99479,0.00521
34.49000,0.48000,0.99661,0.00339
34.51000,0.48000,0.99478,0.00522
34.53000,0.48000,0.98631,0.01369
34.55000,0.48000,0.99554,0.00446
34.57000,0.48000,0.99153,0.00847
34.59000,0.48000,0.99565,0.00436
34.61000,0.48000,0.98853,0.01147
34.63000,0.48000,0.99185,0.00815
34.65000,0.48000,0.99436,0.00564
34.67000,0.48000,0.99377,0.00623
34.69000,0.48000,0.98944,0.01056
34.71000,0.48000,0.99575,0.00425
34.73000,0.48000,0.99009,0.00991
34.75000,0.48000,0.97429,0.02571
34.77000,0.48000,0.96686,0.03314
34.79000,0.48000,0.85678,0.14322
34.81000,0.48000,0.90457,0.09543
34.83000,0.48000,0.77439,0.22561
34.85000,0.48000,0.83805,0.16195
34.87000,0.48000,0.69557,0.30443
34.89000,0.48000,0.80056,0.19944
34.91000,0.48000,0.40678,0.59322
34.93000,0.48000,0.69737,0.30263
34.95000,0.48000,0.37317,0.62683
34.97000,0.48000,0.32703,0.67297
34.99000,0.48000,0.33042,0.66958
35.01000,0.48000,0.31355,0.68645
35.03000,0.48000,0.32969,0.67031
35.05000,0.48000,0.32216,0.67784
35.07000,0.48000,0.14456,0.85544
35.09000,0.48000,0.42356,0.57644
35.11000,0.48000,0.17415,0.82585
35.13000,0.48000,0.08323,0.91677
35.15000,0.48000,0.12427,0.87573
35.17000,0.48000,0.10950,0.89050
35.19000,0.48000,0.04975,0.95025
35.21000,0.48000,0.04602,0.95398
35.23000,0.48000,0.02139,0.97861
35.25000,0.48000,0.02270,0.97730
35.27000,0.48000,0.01512,0.98488
35.29000,0.48000,0.00624,0.99376
35.31000,0.48000,0.01234,0.98766
35.33000,0.48000,0.00360,0.99640
35.35000,0.48000,0.00426,0.99574
35.37000,0.48000,0.02651,0.97349
35.39000,0.48000,0.02804,0.97196
35.41000,0.48000,0.04681,0.95319
35.43000,0.48000,0.08264,0.91736
35.45000,0.48000,0.02775,0.97225
35.47000,0.48000,0.02431,0.97569
35.49000,0.48000,0.03137,0.96863
35.51000,0.48000,0.03582,0.96418
35.53000,0.48000,0.03524,0.96476
35.55000,0.48000,0.04213,0.95787
35.57000,0.48000,0.04078,0.95922
35.59000,0.48000,0.02113,0.97887
35.61000,0.48000,0.03118,0.96882
35.63000,0.48000,0.02697,0.97303
35.65000,0.48000,0.01339,0.98661
35.67000,0.48000,0.02532,0.97468
35.69000,0.48000,0.01250,0.98750
35.71000,0.48000,0.02862,0.97138
35.73000,0.48000,0.04427,0.95573
35.75000,0.48000,0.02798,0.97202
35.77000,0.48000,0.05366,0.94634
35.79000,0.48000,0.02672,0.97328
35.81000,0.48000,0.01152,0.98848
35.83000,0.48000,0.00735,0.99265
35.85000,0.48000,0.00722,0.99278
35.87000,0.48000,0.00620,0.99380
35.89000,0.48000,0.00612,0.99388
35.91000,0.48000,0.00463,0.99537
35.93000,0.48000,0.00598,0.99402
35.95000,0.48000,0.00553,0.99447
35.97000,0.48000,0.00229,0.99771
35.99000,0.48000,0.00441,0.99559
36.01000,0.48000,0.00582,0.99418
36.03000,0.48000,0.00949,0.99051
36.05000,0.48000,0.00524,0.99476
36.07000,0.48000,0.01240,0.98760
36.09000,0.48000,0.00448,0.99552
36.11000,0.48000,0.00591,0.99409
36.13000,0.48000,0.00352,0.99648
36.15000,0.48000,0.00825,0.99175
36.17000,0.48000,0.00489,0.99511
36.19000,0.48000,0.00950,0.99050
36.21000,0.48000,0.00366,0.99634
36.23000,0.48000,0.00890,0.99110
36.25000,0.48000,0.00661,0.99339
36.27000,0.48000,0.00813,0.99187
36.29000,0.48000,0.00624,0.99376
36.31000,0.48000,0.00476,0.99524
36.33000,0.48000,0.00433,0.99567
36.35000,0.48000,0.00338,0.99662
36.37000,0.48000,0.00294,0.99706
36.39000,0.48000,0.00406,0.99594
36.41000,0.48000,0.00224,0.99776
36.43000,0.48000,0.00426,0.99574
36.45000,0.48000,0.00223,0.99777
36.47000,0.48000,0.00525,0.99475
36.49000,0.48000,0.00367,0.99633
36.51000,0.48000,0.00716,0.99284
36.53000,0.48000,0.00602,0.99398
36.55000,0.48000,0.00518,0.99482
36.57000,0.48000,0.00417,0.99583
36.59000,0.48000,0.01100,0.98900
36.61000,0.48000,0.00463,0.99537
36.63000,0.48000,0.00366,0.99634
36.65000,0.48000,0.00153,0.99847
36.67000,0.48000,0.00470,0.99530
36.69000,0.48000,0.00243,0.99757
36.71000,0.48000,0.00570,0.99430
36.73000,0.48000,0.00450,0.99550
36.75000,0.48000,0.02517,0.97483
36.77000,0.48000,0.01719,0.98281
36.79000,0.48000,0.11868,0.88132
36.81000,0.48000,0.04924,0.95076
36.83000,0.48000,0.31700,0.68300
36.85000,0.48000,0.10641,0.89359
36.87000,0.48000,0.44617,0.55383
36.89000,0.48000,0.27094,0.72906
36.91000,0.48000,0.31013,0.68987
36.93000,0.48000,0.16184,0.83816
36.95000,0.48000,0.42512,0.57488
36.97000,0.48000,0.29893,0.70107
36.99000,0.48000,0.47064,0.52936
37.01000,0.48000,0.63743,0.36257
37.03000,0.48000,0.76575,0.23425
37.05000,0.48000,0.58086,0.41914
37.07000,0.48000,0.54730,0.45270
37.09000,0.48000,0.64778,0.35222
37.11000,0.48000,0.93456,0.06544
37.13000,0.48000,0.92334,0.07666
37.15000,0.48000,0.94076,0.05924
37.17000,0.48000,0.86933,0.13067
37.19000,0.48000,0.78637,0.21363
37.21000,0.48000,0.88106,0.11894
37.23000,0.48000,0.82027,0.17973
37.25000,0.48000,0.85039,0.14961
37.27000,0.48000,0.92581,0.07419
37.29000,0.48000,0.81271,0.18729
37.31000,0.48000,0.94294,0.05706
37.33000,0.48000,0.93237,0.06763
37.35000,0.48000,0.96324,0.03676
37.37000,0.48000,0.91146,0.08854
37.39000,0.48000,0.88522,0.11478
37.41000,0.48000,0.84375,0.15625
37.43000,0.48000,0.84023,0.15977
37.45000,0.48000,0.91769,0.08231
37.47000,0.48000,0.89107,0.10893
37.49000,0.48000,0.88591,0.11409
37.51000,0.48000,0.97890,0.02110
37.53000,0.48000,0.90558,0.09442
37.55000,0.48000,0.93351,0.06649
37.57000,0.48000,0.96316,0.03684
37.59000,0.48000,0.93007,0.06993
37.61000,0.48000,0.95626,0.04374
37.63000,0.48000,0.98082,0.01918
37.65000,0.48000,0.92676,0.07324
37.67000,0.48000,0.95110,0.04890
37.69000,0.48000,0.90427,0.09573
37.71000,0.48000,0.89430,0.10570
37.73000,0.48000,0.89386,0.10614
37.75000,0.48000,0.96789,0.03211
37.77000,0.48000,0.85845,0.14155
37.79000,0.48000,0.97739,0.02261
37.81000,0.48000,0.92938,0.07062
37.83000,0.48000,0.95407,0.04593
37.85000,0.48000,0.68945,0.31055
37.87000,0.48000,0.92683,0.07317
37.89000,0.48000,0.84366,0.15634
37.91000,0.48000,0.81721,0.18279
37.93000,0.48000,0.75352,0.24648
37.95000,0.48000,0.90354,0.09646
37.97000,0.48000,0.94411,0.05589
37.99000,0.48000,0.94103,0.05897
38.01000,0.48000,0.93880,0.06120
38.03000,0.48000,0.97867,0.02133
38.05000,0.48000,0.96528,0.03472
38.07000,0.48000,0.95474,0.04526
38.09000,0.48000,0.95360,0.04640
38.11000,0.48000,0.96273,0.03727
38.13000,0.48000,0.96705,0.03295
38.15000,0.48000,0.94134,0.05866
38.17000,0.48000,0.98385,0.01615
38.19000,0.48000,0.97179,0.02821
38.21000,0.48000,0.98316,0.01684
38.23000,0.48000,0.94475,0.05525
38.25000,0.48000,0.94807,0.05193
38.27000,0.48000,0.95378,0.04622
38.29000,0.48000,0.69743,0.30257
38.31000,0.48000,0.78054,0.21946
38.33000,0.48000,0.63954,0.36046
38.35000,0.48000,0.55016,0.44984
38.37000,0.48000,0.62024,0.37976
38.39000,0.48000,0.46125,0.53875
38.41000,0.48000,0.94726,0.05274
38.43000,0.48000,0.65260,0.34740
38.45000,0.48000,0.86689,0.13311
38.47000,0.48000,0.55491,0.44509
38.49000,0.48000,0.91723,0.08277
38.51000,0.48000,0.50615,0.49385
38.53000,0.48000,0.71257,0.28743
38.55000,0.48000,0.53922,0.46078
38.57000,0.48000,0.76482,0.23518
38.59000,0.48000,0.32401,0.67599
38.61000,0.48000,0.66405,0.33595
38.63000,0.48000,0.25514,0.74486
38.65000,0.48000,0.54409,0.45591
38.67000,0.48000,0.06448,0.93552
38.69000,0.48000,0.40910,0.59090
38.71000,0.48000,0.00544,0.99456
38.73000,0.48000,0.05570,0.94430
38.75000,0.48000,0.00433,0.99567
38.77000,0.48000,0.02399,0.97601
38.79000,0.48000,0.00328,0.99672
38.81000,0.48000,0.00921,0.99079
38.83000,0.48000,0.00261,0.99739
38.85000,0.48000,0.00861,0.99139
38.87000,0.48000,0.00220,0.99779
38.89000,0.48000,0.00619,0.99381
38.91000,0.48000,0.00285,0.99715
38.93000,0.48000,0.00300,0.99700
38.95000,0.48000,0.00152,0.99848
38.97000,0.48000,0.00335,0.99665
38.99000,0.48000,0.00227,0.99773
39.01000,0.48000,0.00633,0.99367
39.03000,0.48000,0.00117,0.99883
39.05000,0.48000,0.01162,0.98838
39.07000,0.48000,0.00334,0.99666
39.09000,0.48000,0.01057,0.98943
39.11000,0.48000,0.00943,0.99057
39.13000,0.48000,0.03571,0.96429
39.15000,0.48000,0.17303,0.82697
39.17000,0.48000,0.32445,0.67555
39.19000,0.48000,0.21615,0.78385
39.21000,0.48000,0.43430,0.56570
39.23000,0.48000,0.44692,0.55308
39.25000,0.48000,0.31568,0.68432
39.27000,0.48000,0.38843,0.61157
39.29000,0.48000,0.34243,0.65757
39.31000,0.48000,0.51843,0.48157
39.33000,0.48000,0.55360,0.44640
39.35000,0.48000,0.39173,0.60827
39.37000,0.48000,0.71534,0.28466
39.39000,0.48000,0.69319,0.30681
39.41000,0.48000,0.88862,0.11138
39.43000,0.48000,0.80146,0.19854
39.45000,0.48000,0.97534,0.02466
39.47000,0.48000,0.85419,0.14581
39.49000,0.48000,0.99361,0.00639
39.51000,0.48000,0.98767,0.01233
39.53000,0.48000,0.99573,0.00427
39.55000,0.48000,0.99087,0.00913
39.57000,0.48000,0.99770,0.00230
39.59000,0.48000,0.99424,0.00576
39.61000,0.48000,0.99739,0.00261
39.63000,0.48000,0.99604,0.00396
39.65000,0.48000,0.99711,0.00289
39.67000,0.48000,0.99529,0.00471
39.69000,0.48000,0.99767,0.00233
39.71000,0.48000,0.99743,0.00257
39.73000,0.48000,0.99507,0.00493
39.75000,0.48000,0.99671,0.00329
39.77000,0.48000,0.99648,0.00352
39.79000,0.48000,0.99679,0.00321
39.81000,0.48000,0.99221,0.00779
39.83000,0.48000,0.99748,0.00252
39.85000,0.48000,0.99397,0.00603
39.87000,0.48000,0.99417,0.00583
39.89000,0.48000,0.97907,0.02093
39.91000,0.48000,0.98596,0.01404
39.93000,0.48000,0.97840,0.02160
39.95000,0.48000,0.97016,0.02985
39.97000,0.48000,0.96836,0.03164
39.99000,0.48000,0.94768,0.05232
40.01000,0.48000,0.91995,0.08005
40.03000,0.48000,0.92808,0.07192
40.05000,0.48000,0.92685,0.07315
40.07000,0.48000,0.89295,0.10705
40.09000,0.48000,0.93994,0.06006
40.11000,0.48000,0.81822,0.18178
40.13000,0.48000,0.94831,0.05169
40.15000,0.48000,0.87950,0.12050
40.17000,0.48000,0.96157,0.03843
40.19000,0.48000,0.79358,0.20642
40.21000,0.48000,0.94817,0.05183
40.23000,0.48000,0.66978,0.33022
40.25000,0.48000,0.94478,0.05522
40.27000,0.48000,0.84940,0.15060
40.29000,0.48000,0.91228,0.08772
40.31000,0.48000,0.86723,0.13277
40.33000,0.48000,0.94517,0.05483
40.35000,0.48000,0.92336,0.07664
40.37000,0.48000,0.91174,0.08826
40.39000,0.48000,0.98682,0.01318
40.41000,0.48000,0.97166,0.02834
40.43000,0.48000,0.96237,0.03763
40.45000,0.48000,0.97929,0.02071
40.47000,0.48000,0.97006,0.02994
40.49000,0.48000,0.97043,0.02957
40.51000,0.48000,0.97976,0.02024
40.53000,0.48000,0.98613,0.01387
40.55000,0.48000,0.99144,0.00856
40.57000,0.48000,0.99199,0.00801
40.59000,0.48000,0.98822,0.01178
40.61000,0.48000,0.97555,0.02445
40.63000,0.48000,0.87760,0.12240
40.65000,0.48000,0.86750,0.13250
40.67000,0.48000,0.51408,0.48592
40.69000,0.48000,0.86063,0.13937
40.71000,0.48000,0.89290,0.10710
40.73000,0.48000,0.91666,0.08334
40.75000,0.48000,0.73430,0.26570
40.77000,0.48000,0.97058,0.02942
40.79000,0.48000,0.95250,0.04750
40.81000,0.48000,0.91293,0.08707
40.83000,0.48000,0.92505,0.07495
40.85000,0.48000,0.91656,0.08344
40.87000,0.48000,0.87865,0.12135
40.89000,0.48000,0.75825,0.24175
40.91000,0.48000,0.69997,0.30003
40.93000,0.48000,0.61403,0.38597
40.95000,0.48000,0.52809,0.47191
40.97000,0.48000,0.06775,0.93225
40.99000,0.48000,0.26440,0.73560
41.01000,0.48000,0.05590,0.94410
41.03000,0.48000,0.08358,0.91642
41.05000,0.48000,0.00443,0.99557
41.07000,0.48000,0.07687,0.92313
41.09000,0.48000,0.00183,0.99817
41.11000,0.48000,0.01319,0.98681
41.13000,0.48000,0.00080,0.99920
41.15000,0.48000,0.01009,0.98991
41.17000,0.48000,0.00055,0.99945
41.19000,0.48000,0.01104,0.98896
41.21000,0.48000,0.00160,0.99840
41.23000,0.48000,0.01032,0.98968
41.25000,0.48000,0.00138,0.99862
41.27000,0.48000,0.01410,0.98590
41.29000,0.48000,0.00660,0.99340
41.31000,0.48000,0.17487,0.82513
41.33000,0.48000,0.06549,0.93451
41.35000,0.48000,0.17072,0.82928
41.37000,0.48000,0.14448,0.85552
41.39000,0.48000,0.46278,0.53722
41.41000,0.48000,0.22874,0.77126
41.43000,0.48000,0.58672,0.41328
41.45000,0.48000,0.29168,0.70832
41.47000,0.48000,0.58388,0.41612
41.49000,0.48000,0.38883,0.61117
41.51000,0.48000,0.53338,0.46662
41.53000,0.48000,0.70848,0.29152
41.55000,0.48000,0.78175,0.21825
41.57000,0.48000,0.73755,0.26245
41.59000,0.48000,0.68738,0.31262
41.61000,0.48000,0.71571,0.28429
41.63000,0.48000,0.93180,0.06820
41.65000,0.48000,0.96020,0.03980
41.67000,0.48000,0.98326,0.01674
41.69000,0.48000,0.99009,0.00991
41.71000,0.48000,0.97233,0.02767
41.73000,0.48000,0.98167,0.01833
41.75000,0.48000,0.99026,0.00974
41.77000,0.48000,0.99001,0.00999
41.79000,0.48000,0.98140,0.01860
41.81000,0.48000,0.99232,0.00768
41.83000,0.48000,0.98995,0.01005
41.85000,0.48000,0.99039,0.00961
41.87000,0.48000,0.99271,0.00729
41.89000,0.48000,0.99083,0.00917
41.91000,0.48000,0.99281,0.00719
41.93000,0.48000,0.99237,0.00763
41.95000,0.48000,0.99699,0.00301
41.97000,0.48000,0.99681,0.00319
41.99000,0.48000,0.99786,0.00214
42.01000,0.48000,0.99622,0.00378
42.03000,0.48000,0.99698,0.00302
42.05000,0.48000,0.99556,0.00444
42.07000,0.48000,0.99426,0.00574
42.09000,0.48000,0.99583,0.00417
42.11000,0.48000,0.99463,0.00537
42.13000,0.48000,0.99652,0.00348
42.15000,0.48000,0.99310,0.00690
42.17000,0.48000,0.99614,0.00386
42.19000,0.48000,0.99215,0.00785
42.21000,0.48000,0.98784,0.01216
42.23000,0.48000,0.99109,0.00891
42.25000,0.48000,0.99307,0.00693
42.27000,0.48000,0.98162,0.01838
42.29000,0.48000,0.99122,0.00878
42.31000,0.48000,0.98526,0.01474
42.33000,0.48000,0.97852,0.02148
42.35000,0.48000,0.98939,0.01061
42.37000,0.48000,0.98572,0.01428
42.39000,0.48000,0.99217,0.00783
42.41000,0.48000,0.98801,0.01199
42.43000,0.48000,0.99271,0.00729
42.45000,0.48000,0.99233,0.00767
42.47000,0.48000,0.99447,0.00553
42.49000,0.48000,0.99188,0.00812
42.51000,0.48000,0.99709,0.00291
42.53000,0.48000,0.99627,0.00373
42.55000,0.48000,0.99703,0.00297
42.57000,0.48000,0.99321,0.00679
42.59000,0.48000,0.99785,0.00215
42.61000,0.48000,0.99465,0.00535
42.63000,0.48000,0.99811,0.00189
42.65000,0.48000,0.99580,0.00420
42.67000,0.48000,0.99665,0.00335
42.69000,0.48000,0.98079,0.01921
42.71000,0.48000,0.98124,0.01876
42.73000,0.48000,0.86723,0.13277
42.75000,0.48000,0.97551,0.02449
42.77000,0.48000,0.94498,0.05502
42.79000,0.48000,0.98798,0.01202
42.81000,0.48000,0.93347,0.06653
42.83000,0.48000,0.95690,0.04310
42.85000,0.48000,0.88775,0.11225
42.87000,0.48000,0.95945,0.04055
42.89000,0.48000,0.87034,0.12966
42.91000,0.48000,0.87820,0.12180
42.93000,0.48000,0.67890,0.32110
42.95000,0.48000,0.83029,0.16971
42.97000,0.48000,0.62174,0.37826
42.99000,0.48000,0.45661,0.54339
43.01000,0.48000,0.10573,0.89427
43.03000,0.48000,0.25829,0.74171
43.05000,0.48000,0.08024,0.91976
43.07000,0.48000,0.04472,0.95528
43.09000,0.48000,0.01432,0.98568
43.11000,0.48000,0.02676,0.97324
43.13000,0.48000,0.01260,0.98740
43.15000,0.48000,0.01679,0.98321
43.17000,0.48000,0.00951,0.99049
43.19000,0.48000,0.01442,0.98558
43.21000,0.48000,0.00831,0.99169
43.23000,0.48000,0.02326,0.97674
43.25000,0.48000,0.00996,0.99004
43.27000,0.48000,0.26527,0.73473
43.29000,0.48000,0.11589,0.88411
43.31000,0.48000,0.31255,0.68745
43.33000,0.48000,0.17283,0.82717
43.35000,0.48000,0.37476,0.62524
43.37000,0.48000,0.17677,0.82323
43.39000,0.48000,0.19694,0.80306
43.41000,0.48000,0.11758,0.88242
43.43000,0.48000,0.32883,0.67117
43.45000,0.48000,0.11009,0.88991
43.47000,0.48000,0.17587,0.82413
43.49000,0.48000,0.06321,0.93679
43.51000,0.48000,0.12549,0.87451
43.53000,0.48000,0.05620,0.94380
43.55000,0.48000,0.08949,0.91051
43.57000,0.48000,0.12560,0.87440
43.59000,0.48000,0.27355,0.72645
43.61000,0.48000,0.27396,0.72604
43.63000,0.48000,0.56236,0.43764
43.65000,0.48000,0.78571,0.21429
43.67000,0.48000,0.92010,0.07990
43.69000,0.48000,0.87395,0.12605
43.71000,0.48000,0.90731,0.09269
43.73000,0.48000,0.94416,0.05584
43.75000,0.48000,0.96270,0.03730
43.77000,0.48000,0.85086,0.14914
43.79000,0.48000,0.95224,0.04776
43.81000,0.48000,0.91743,0.08257
43.83000,0.48000,0.94539,0.05461
43.85000,0.48000,0.93846,0.06154
43.87000,0.48000,0.96444,0.03556
43.89000,0.48000,0.93335,0.06665
43.91000,0.48000,0.95899,0.04101
43.93000,0.48000,0.98341,0.01659
43.95000,0.48000,0.96199,0.03801
43.97000,0.48000,0.96244,0.03756
43.99000,0.48000,0.97203,0.02797
44.01000,0.48000,0.96549,0.03451
44.03000,0.48000,0.96749,0.03251
44.05000,0.48000,0.98141,0.01859
44.07000,0.48000,0.98199,0.01801
44.09000,0.48000,0.98511,0.01489
44.11000,0.48000,0.94090,0.05910
44.13000,0.48000,0.98129,0.01871
44.15000,0.48000,0.92065,0.07935
44.17000,0.48000,0.96205,0.03795
44.19000,0.48000,0.96001,0.03999
44.21000,0.48000,0.97387,0.02613
44.23000,0.48000,0.92866,0.07134
44.25000,0.48000,0.88766,0.11234
44.27000,0.48000,0.91380,0.08620
44.29000,0.48000,0.96013,0.03987
44.31000,0.48000,0.89588,0.10412
44.33000,0.48000,0.91631,0.08369
44.35000,0.48000,0.82514,0.17486
44.37000,0.48000,0.95693,0.04307
44.39000,0.48000,0.88708,0.11292
44.41000,0.48000,0.94895,0.05105
44.43000,0.48000,0.96567,0.03433
44.45000,0.48000,0.95819,0.04181
44.47000,0.48000,0.86924,0.13076
44.49000,0.48000,0.96114,0.03886
44.51000,0.48000,0.76516,0.23484
44.53000,0.48000,0.86734,0.13266
44.55000,0.48000,0.88282,0.11718
44.57000,0.48000,0.91731,0.08269
44.59000,0.48000,0.84945,0.15055
44.61000,0.48000,0.87765,0.12235
44.63000,0.48000,0.87737,0.12263
44.65000,0.48000,0.78468,0.21532
44.67000,0.48000,0.78081,0.21919
44.69000,0.48000,0.91348,0.08652
44.71000,0.48000,0.80789,0.19211
44.73000,0.48000,0.90722,0.09278
44.75000,0.48000,0.95863,0.04137
44.77000,0.48000,0.96748,0.03252
44.79000,0.48000,0.96393,0.03607
44.81000,0.48000,0.94094,0.05906
44.83000,0.48000,0.98921,0.01079
44.85000,0.48000,0.98842,0.01158
44.87000,0.48000,0.97569,0.02431
44.89000,0.48000,0.99442,0.00558
44.91000,0.48000,0.99258,0.00742
44.93000,0.48000,0.98539,0.01461
44.95000,0.48000,0.99337,0.00663
44.97000,0.48000,0.99756,0.00244
44.99000,0.48000,0.99379,0.00621
45.01000,0.48000,0.99590,0.00410
45.03000,0.48000,0.99825,0.00175
45.05000,0.48000,0.99510,0.00490
45.07000,0.48000,0.99441,0.00559
45.09000,0.48000,0.99691,0.00309
45.11000,0.48000,0.99452,0.00548
45.13000,0.48000,0.99610,0.00390
45.15000,0.48000,0.99776,0.00224
45.17000,0.48000,0.99249,0.00751
45.19000,0.48000,0.99727,0.00273
45.21000,0.48000,0.99544,0.00456
45.23000,0.48000,0.99660,0.00340
45.25000,0.48000,0.99731,0.00269
45.27000,0.48000,0.99487,0.00513
45.29000,0.48000,0.99368,0.00632
45.31000,0.48000,0.99793,0.00207
45.33000,0.48000,0.99668,0.00332
45.35000,0.48000,0.99585,0.00415
45.37000,0.48000,0.99760,0.00240
45.39000,0.48000,0.99673,0.00327
45.41000,0.48000,0.99474,0.00526
45.43000,0.48000,0.99786,0.00214
45.45000,0.48000,0.99495,0.00505
45.47000,0.48000,0.99436,0.00564
45.49000,0.48000,0.99794,0.00206
45.51000,0.48000,0.99660,0.00340
45.53000,0.48000,0.99697,0.00303
45.55000,0.48000,0.99764,0.00236
45.57000,0.48000,0.99782,0.00218
45.59000,0.48000,0.99814,0.00186
45.61000,0.48000,0.99837,0.00163
45.63000,0.48000,0.99686,0.00314
45.65000,0.48000,0.99858,0.00142
45.67000,0.48000,0.99653,0.00347
45.69000,0.48000,0.99694,0.00306
45.71000,0.48000,0.99865,0.00135
45.73000,0.48000,0.99525,0.00475
45.75000,0.48000,0.99701,0.00299
45.77000,0.48000,0.99238,0.00762
45.79000,0.48000,0.99435,0.00565
45.81000,0.48000,0.97591,0.02410
45.83000,0.48000,0.99313,0.00687
45.85000,0.48000,0.98425,0.01575
45.87000,0.48000,0.99136,0.00864
45.89000,0.48000,0.97980,0.02020
45.91000,0.48000,0.98594,0.01406
45.93000,0.48000,0.96318,0.03682
45.95000,0.48000,0.92831,0.07169
45.97000,0.48000,0.91769,0.08231
45.99000,0.48000,0.92940,0.07060
46.01000,0.48000,0.57858,0.42142
46.03000,0.48000,0.78782,0.21218
46.05000,0.48000,0.74288,0.25712
46.07000,0.48000,0.47503,0.52497
46.09000,0.48000,0.40963,0.59037
46.11000,0.48000,0.45212,0.54788
46.13000,0.48000,0.55369,0.44631
46.15000,0.48000,0.34074,0.65926
46.17000,0.48000,0.21398,0.78602
46.19000,0.48000,0.16387,0.83613
46.21000,0.48000,0.33379,0.66621
46.23000,0.48000,0.05907,0.94093
46.25000,0.48000,0.10355,0.89645
46.27000,0.48000,0.07489,0.92511
46.29000,0.48000,0.16356,0.83644
46.31000,0.48000,0.02459,0.97541
46.33000,0.48000,0.05255,0.94745
46.35000,0.48000,0.01606,0.98394
46.37000,0.48000,0.02105,0.97895
46.39000,0.48000,0.00743,0.99257
46.41000,0.48000,0.00451,0.99549
46.43000,0.48000,0.00244,0.99756
46.45000,0.48000,0.00835,0.99165
46.47000,0.48000,0.00232,0.99768
46.49000,0.48000,0.00977,0.99023
46.51000,0.48000,0.00324,0.99676
46.53000,0.48000,0.02532,0.97468
46.55000,0.48000,0.00954,0.99046
46.57000,0.48000,0.06442,0.93558
46.59000,0.48000,0.11637,0.88363
46.61000,0.48000,0.71766,0.28234
46.63000,0.48000,0.35350,0.64650
46.65000,0.48000,0.80946,0.19054
46.67000,0.48000,0.58167,0.41833
46.69000,0.48000,0.46673,0.53327
46.71000,0.48000,0.60854,0.39146
46.73000,0.48000,0.51746,0.48254
46.75000,0.48000,0.74550,0.25450
46.77000,0.48000,0.82670,0.17330
46.79000,0.48000,0.86700,0.13300
46.81000,0.48000,0.96821,0.03179
46.83000,0.48000,0.71852,0.28148
46.85000,0.48000,0.88784,0.11216
46.87000,0.48000,0.61874,0.38126
46.89000,0.48000,0.98080,0.01920
46.91000,0.48000,0.99143,0.00857
46.93000,0.48000,0.99171,0.00829
46.95000,0.48000,0.99714,0.00286
46.97000,0.48000,0.99435,0.00565
46.99000,0.48000,0.99575,0.00425
47.01000,0.48000,0.99222,0.00778
47.03000,0.48000,0.99720,0.00280
47.05000,0.48000,0.99609,0.00391
47.07000,0.48000,0.99667,0.00333
47.09000,0.48000,0.99163,0.00837
47.11000,0.48000,0.99270,0.00730
47.13000,0.48000,0.98989,0.01011
47.15000,0.48000,0.99250,0.00750
47.17000,0.48000,0.98779,0.01221
47.19000,0.48000,0.99146,0.00854
47.21000,0.48000,0.98268,0.01732
47.23000,0.48000,0.98315,0.01685
47.25000,0.48000,0.96482,0.03518
47.27000,0.48000,0.97574,0.02426
47.29000,0.48000,0.98002,0.01998
47.31000,0.48000,0.95914,0.04086
47.33000,0.48000,0.97922,0.02078
47.35000,0.48000,0.95293,0.04707
47.37000,0.48000,0.93306,0.06694
47.39000,0.48000,0.96538,0.03462
47.41000,0.48000,0.96174,0.03826
47.43000,0.48000,0.97812,0.02188
47.45000,0.48000,0.97767,0.02233
47.47000,0.48000,0.96775,0.03225
47.49000,0.48000,0.97688,0.02312
47.51000,0.48000,0.98078,0.01922
47.53000,0.48000,0.98051,0.01949
47.55000,0.48000,0.99017,0.00983
47.57000,0.48000,0.99218,0.00782
47.59000,0.48000,0.99479,0.00521
47.61000,0.48000,0.98687,0.01313
47.63000,0.48000,0.99526,0.00474
47.65000,0.48000,0.99286,0.00714
47.67000,0.48000,0.99629,0.00371
47.69000,0.48000,0.99497,0.00503
47.71000,0.48000,0.99487,0.00513
47.73000,0.48000,0.99175,0.00825
47.75000,0.48000,0.99643,0.00357
47.77000,0.48000,0.98958,0.01042
47.79000,0.48000,0.99662,0.00338
47.81000,0.48000,0.99513,0.00487
47.83000,0.48000,0.99576,0.00424
47.85000,0.48000,0.99086,0.00914
47.87000,0.48000,0.99328,0.00672
47.89000,0.48000,0.99182,0.00818
47.91000,0.48000,0.99193,0.00807
47.93000,0.48000,0.99173,0.00827
47.95000,0.48000,0.98685,0.01315
47.97000,0.48000,0.99245,0.00755
47.99000,0.48000,0.98831,0.01169
48.01000,0.48000,0.99131,0.00869
48.03000,0.48000,0.98144,0.01856
48.05000,0.48000,0.98333,0.01667
48.07000,0.48000,0.97563,0.02437
48.09000,0.48000,0.96962,0.03038
48.11000,0.48000,0.96868,0.03132
48.13000,0.48000,0.97999,0.02001
48.15000,0.48000,0.98591,0.01409
48.17000,0.48000,0.98051,0.01949
48.19000,0.48000,0.98148,0.01852
48.21000,0.48000,0.99242,0.00758
48.23000,0.48000,0.98649,0.01351
48.25000,0.48000,0.98803,0.01197
48.27000,0.48000,0.99240,0.00760
48.29000,0.48000,0.99143,0.00857
48.31000,0.48000,0.99387,0.00613
48.33000,0.48000,0.99402,0.00598
48.35000,0.48000,0.99487,0.00513
48.37000,0.48000,0.99458,0.00542
48.39000,0.48000,0.99392,0.00608
48.41000,0.48000,0.99559,0.00441
48.43000,0.48000,0.99679,0.00321
48.45000,0.48000,0.99793,0.00207
48.47000,0.48000,0.99332,0.00668
48.49000,0.48000,0.99614,0.00386
48.51000,0.48000,0.99708,0.00292
48.53000,0.48000,0.99118,0.00882
48.55000,0.48000,0.99677,0.00323
48.57000,0.48000,0.99723,0.00277
48.59000,0.48000,0.99540,0.00460
48.61000,0.48000,0.99749,0.00251
48.63000,0.48000,0.99719,0.00281
48.65000,0.48000,0.99601,0.00399
48.67000,0.48000,0.99835,0.00165
48.69000,0.48000,0.99669,0.00331
48.71000,0.48000,0.99757,0.00243
48.73000,0.48000,0.99839,0.00161
48.75000,0.48000,0.99786,0.00214
48.77000,0.48000,0.99630,0.00370
48.79000,0.48000,0.99897,0.00103
48.81000,0.48000,0.99827,0.00173
48.83000,0.48000,0.99581,0.00419
48.85000,0.48000,0.99753,0.00247
48.87000,0.48000,0.99818,0.00182
48.89000,0.48000,0.99474,0.00526
48.91000,0.48000,0.99825,0.00175
48.93000,0.48000,0.99425,0.00575
48.95000,0.48000,0.99819,0.00181
48.97000,0.48000,0.99375,0.00625
48.99000,0.48000,0.99717,0.00283
49.01000,0.48000,0.98855,0.01145
49.03000,0.48000,0.99643,0.00357
49.05000,0.48000,0.99479,0.00521
49.07000,0.48000,0.99568,0.00432
49.09000,0.48000,0.99646,0.00354
49.11000,0.48000,0.99496,0.00504
49.13000,0.48000,0.99563,0.00437
49.15000,0.48000,0.99679,0.00321
49.17000,0.48000,0.99390,0.00610
49.19000,0.48000,0.99319,0.00681
49.21000,0.48000,0.99306,0.00694
49.23000,0.48000,0.99216,0.00784
49.25000,0.48000,0.99391,0.00609
49.27000,0.48000,0.97795,0.02205
49.29000,0.48000,0.99503,0.00497
49.31000,0.48000,0.98453,0.01547
49.33000,0.48000,0.99600,0.00400
49.35000,0.48000,0.99519,0.00481
49.37000,0.48000,0.98978,0.01022
49.39000,0.48000,0.99558,0.00442
49.41000,0.48000,0.99643,0.00357
49.43000,0.48000,0.99618,0.00382
49.45000,0.48000,0.99573,0.00427
49.47000,0.48000,0.99687,0.00313
49.49000,0.48000,0.99531,0.00469
49.51000,0.48000,0.99522,0.00478
49.53000,0.48000,0.99470,0.00530
49.55000,0.48000,0.98989,0.01011
49.57000,0.48000,0.99588,0.00412
49.59000,0.48000,0.98492,0.01508
49.61000,0.48000,0.98646,0.01354
49.63000,0.48000,0.99357,0.00643
49.65000,0.48000,0.98948,0.01052
49.67000,0.48000,0.99404,0.00596
49.69000,0.48000,0.99545,0.00455
49.71000,0.48000,0.99121,0.00879
49.73000,0.48000,0.99605,0.00395
49.75000,0.48000,0.99603,0.00397
49.77000,0.48000,0.99727,0.00273
49.79000,0.48000,0.99493,0.00507
49.81000,0.48000,0.99673,0.00327
49.83000,0.48000,0.98978,0.01022
49.85000,0.48000,0.99680,0.00320
49.87000,0.48000,0.98883,0.01117
49.89000,0.48000,0.99181,0.00819
49.91000,0.48000,0.99600,0.00400
49.93000,0.48000,0.98793,0.01207
49.95000,0.48000,0.99064,0.00936
49.97000,0.48000,0.99551,0.00449
49.99000,0.48000,0.99451,0.00549
50.01000,0.48000,0.99503,0.00497
50.03000,0.48000,0.99635,0.00365
50.05000,0.48000,0.99601,0.00399
50.07000,0.48000,0.99762,0.00238
50.09000,0.48000,0.99717,0.00283
50.11000,0.48000,0.99695,0.00305
50.13000,0.48000,0.99789,0.00211
50.15000,0.48000,0.99653,0.00347
50.17000,0.48000,0.99512,0.00488
50.19000,0.48000,0.99783,0.00217
50.21000,0.48000,0.99226,0.00774
