Time (seconds), Duration (seconds),pred_unlabelled,pred_anomaly
0.01000,0.48000,0.99695,0.00305
0.03000,0.48000,0.99417,0.00583
0.05000,0.48000,0.99492,0.00508
0.07000,0.48000,0.99673,0.00327
0.09000,0.48000,0.99655,0.00345
0.11000,0.48000,0.99704,0.00296
0.13000,0.48000,0.99498,0.00502
0.15000,0.48000,0.99532,0.00468
0.17000,0.48000,0.99624,0.00376
0.19000,0.48000,0.99705,0.00295
0.21000,0.48000,0.99770,0.00230
0.23000,0.48000,0.99606,0.00394
0.25000,0.48000,0.99743,0.00257
0.27000,0.48000,0.99461,0.00539
0.29000,0.48000,0.99536,0.00464
0.31000,0.48000,0.99659,0.00341
0.33000,0.48000,0.99761,0.00239
0.35000,0.48000,0.99633,0.00367
0.37000,0.48000,0.99693,0.00307
0.39000,0.48000,0.99601,0.00399
0.41000,0.48000,0.99639,0.00361
0.43000,0.48000,0.99646,0.00354
0.45000,0.48000,0.99593,0.00407
0.47000,0.48000,0.99853,0.00147
0.49000,0.48000,0.99721,0.00279
0.51000,0.48000,0.99823,0.00177
0.53000,0.48000,0.99547,0.00453
0.55000,0.48000,0.99813,0.00187
0.57000,0.48000,0.99670,0.00330
0.59000,0.48000,0.99692,0.00308
0.61000,0.48000,0.99477,0.00523
0.63000,0.48000,0.99788,0.00212
0.65000,0.48000,0.99633,0.00367
0.67000,0.48000,0.99756,0.00244
0.69000,0.48000,0.99508,0.00492
0.71000,0.48000,0.99801,0.00199
0.73000,0.48000,0.99553,0.00447
0.75000,0.48000,0.99821,0.00179
0.77000,0.48000,0.99689,0.00311
0.79000,0.48000,0.99837,0.00163
0.81000,0.48000,0.99719,0.00281
0.83000,0.48000,0.99682,0.00318
0.85000,0.48000,0.99633,0.00367
0.87000,0.48000,0.99734,0.00266
0.89000,0.48000,0.99643,0.00357
0.91000,0.48000,0.99504,0.00496
0.93000,0.48000,0.99665,0.00335
0.95000,0.48000,0.99464,0.00536
0.97000,0.48000,0.99696,0.00304
0.99000,0.48000,0.99521,0.00479
1.01000,0.48000,0.99178,0.00822
1.03000,0.48000,0.99565,0.00435
1.05000,0.48000,0.99204,0.00796
1.07000,0.48000,0.98902,0.01098
1.09000,0.48000,0.99256,0.00744
1.11000,0.48000,0.98804,0.01196
1.13000,0.48000,0.98937,0.01063
1.15000,0.48000,0.97965,0.02035
1.17000,0.48000,0.98936,0.01064
1.19000,0.48000,0.97737,0.02263
1.21000,0.48000,0.99056,0.00944
1.23000,0.48000,0.99019,0.00981
1.25000,0.48000,0.98968,0.01032
1.27000,0.48000,0.99235,0.00765
1.29000,0.48000,0.97772,0.02228
1.31000,0.48000,0.98683,0.01317
1.33000,0.48000,0.98801,0.01199
1.35000,0.48000,0.99344,0.00656
1.37000,0.48000,0.98534,0.01466
1.39000,0.48000,0.98985,0.01015
1.41000,0.48000,0.98238,0.01762
1.43000,0.48000,0.97966,0.02034
1.45000,0.48000,0.98480,0.01520
1.47000,0.48000,0.97163,0.02837
1.49000,0.48000,0.99534,0.00466
1.51000,0.48000,0.98583,0.01417
1.53000,0.48000,0.98774,0.01226
1.55000,0.48000,0.98765,0.01235
1.57000,0.48000,0.98485,0.01515
1.59000,0.48000,0.97487,0.02513
1.61000,0.48000,0.97802,0.02198
1.63000,0.48000,0.95621,0.04379
1.65000,0.48000,0.97375,0.02625
1.67000,0.48000,0.96894,0.03106
1.69000,0.48000,0.99028,0.00972
1.71000,0.48000,0.96495,0.03505
1.73000,0.48000,0.98892,0.01108
1.75000,0.48000,0.94760,0.05240
1.77000,0.48000,0.97841,0.02159
1.79000,0.48000,0.97023,0.02977
1.81000,0.48000,0.98923,0.01077
1.83000,0.48000,0.97374,0.02626
1.85000,0.48000,0.98463,0.01537
1.87000,0.48000,0.97812,0.02188
1.89000,0.48000,0.98993,0.01007
1.91000,0.48000,0.98335,0.01665
1.93000,0.48000,0.98839,0.01161
1.95000,0.48000,0.99461,0.00539
1.97000,0.48000,0.99439,0.00561
1.99000,0.48000,0.98960,0.01040
2.01000,0.48000,0.99366,0.00634
2.03000,0.48000,0.99387,0.00613
2.05000,0.48000,0.99766,0.00234
2.07000,0.48000,0.99651,0.00349
2.09000,0.48000,0.99723,0.00277
2.11000,0.48000,0.99663,0.00337
2.13000,0.48000,0.99795,0.00205
2.15000,0.48000,0.99479,0.00521
2.17000,0.48000,0.99478,0.00522
2.19000,0.48000,0.99406,0.00594
2.21000,0.48000,0.99578,0.00422
2.23000,0.48000,0.99476,0.00524
2.25000,0.48000,0.99748,0.00252
2.27000,0.48000,0.99366,0.00634
2.29000,0.48000,0.99623,0.00377
2.31000,0.48000,0.99243,0.00757
2.33000,0.48000,0.99211,0.00789
2.35000,0.48000,0.99179,0.00821
2.37000,0.48000,0.99305,0.00695
2.39000,0.48000,0.99037,0.00963
2.41000,0.48000,0.99190,0.00810
2.43000,0.48000,0.98056,0.01944
2.45000,0.48000,0.99010,0.00990
2.47000,0.48000,0.98842,0.01158
2.49000,0.48000,0.99132,0.00868
2.51000,0.48000,0.98292,0.01708
2.53000,0.48000,0.97989,0.02011
2.55000,0.48000,0.98079,0.01921
2.57000,0.48000,0.99211,0.00789
2.59000,0.48000,0.99128,0.00872
2.61000,0.48000,0.99392,0.00608
2.63000,0.48000,0.99220,0.00780
2.65000,0.48000,0.99646,0.00354
2.67000,0.48000,0.99717,0.00282
2.69000,0.48000,0.99624,0.00376
2.71000,0.48000,0.98983,0.01017
2.73000,0.48000,0.99713,0.00287
2.75000,0.48000,0.99517,0.00483
2.77000,0.48000,0.99743,0.00257
2.79000,0.48000,0.99271,0.00729
2.81000,0.48000,0.99708,0.00292
2.83000,0.48000,0.99487,0.00513
2.85000,0.48000,0.99842,0.00158
2.87000,0.48000,0.99632,0.00368
2.89000,0.48000,0.99885,0.00115
2.91000,0.48000,0.99725,0.00275
2.93000,0.48000,0.99487,0.00513
2.95000,0.48000,0.97174,0.02826
2.97000,0.48000,0.98796,0.01204
2.99000,0.48000,0.98068,0.01932
3.01000,0.48000,0.98143,0.01857
3.03000,0.48000,0.98020,0.01980
3.05000,0.48000,0.98095,0.01905
3.07000,0.48000,0.98120,0.01880
3.09000,0.48000,0.96742,0.03258
3.11000,0.48000,0.98553,0.01447
3.13000,0.48000,0.98031,0.01969
3.15000,0.48000,0.98308,0.01692
3.17000,0.48000,0.97724,0.02276
3.19000,0.48000,0.99053,0.00947
3.21000,0.48000,0.97141,0.02859
3.23000,0.48000,0.98812,0.01188
3.25000,0.48000,0.94791,0.05209
3.27000,0.48000,0.98551,0.01449
3.29000,0.48000,0.97281,0.02719
3.31000,0.48000,0.98212,0.01788
3.33000,0.48000,0.95951,0.04049
3.35000,0.48000,0.97889,0.02111
3.37000,0.48000,0.98506,0.01494
3.39000,0.48000,0.97291,0.02709
3.41000,0.48000,0.99346,0.00654
3.43000,0.48000,0.99575,0.00425
3.45000,0.48000,0.99217,0.00783
3.47000,0.48000,0.99109,0.00891
3.49000,0.48000,0.99195,0.00805
3.51000,0.48000,0.99490,0.00510
3.53000,0.48000,0.99523,0.00477
3.55000,0.48000,0.99516,0.00484
3.57000,0.48000,0.99143,0.00857
3.59000,0.48000,0.99405,0.00595
3.61000,0.48000,0.99012,0.00988
3.63000,0.48000,0.99435,0.00565
3.65000,0.48000,0.99356,0.00644
3.67000,0.48000,0.99314,0.00686
3.69000,0.48000,0.99333,0.00667
3.71000,0.48000,0.99154,0.00846
3.73000,0.48000,0.99278,0.00722
3.75000,0.48000,0.99562,0.00438
3.77000,0.48000,0.98805,0.01195
3.79000,0.48000,0.99415,0.00585
3.81000,0.48000,0.98324,0.01676
3.83000,0.48000,0.99582,0.00418
3.85000,0.48000,0.99345,0.00655
3.87000,0.48000,0.96959,0.03041
3.89000,0.48000,0.98798,0.01202
3.91000,0.48000,0.98624,0.01376
3.93000,0.48000,0.99126,0.00874
3.95000,0.48000,0.99500,0.00500
3.97000,0.48000,0.98790,0.01210
3.99000,0.48000,0.99335,0.00665
4.01000,0.48000,0.99066,0.00934
4.03000,0.48000,0.99610,0.00390
4.05000,0.48000,0.99605,0.00395
4.07000,0.48000,0.98900,0.01100
4.09000,0.48000,0.99194,0.00806
4.11000,0.48000,0.98515,0.01485
4.13000,0.48000,0.97482,0.02518
4.15000,0.48000,0.99222,0.00778
4.17000,0.48000,0.98069,0.01931
4.19000,0.48000,0.99363,0.00637
4.21000,0.48000,0.97144,0.02856
4.23000,0.48000,0.98859,0.01141
4.25000,0.48000,0.97802,0.02198
4.27000,0.48000,0.98313,0.01687
4.29000,0.48000,0.97631,0.02369
4.31000,0.48000,0.97192,0.02808
4.33000,0.48000,0.96838,0.03162
4.35000,0.48000,0.98580,0.01420
4.37000,0.48000,0.95716,0.04284
4.39000,0.48000,0.98797,0.01203
4.41000,0.48000,0.96541,0.03459
4.43000,0.48000,0.98022,0.01978
4.45000,0.48000,0.92860,0.07140
4.47000,0.48000,0.97912,0.02088
4.49000,0.48000,0.93414,0.06586
4.51000,0.48000,0.95650,0.04350
4.53000,0.48000,0.91945,0.08055
4.55000,0.48000,0.98356,0.01644
4.57000,0.48000,0.94937,0.05063
4.59000,0.48000,0.98651,0.01349
4.61000,0.48000,0.96046,0.03954
4.63000,0.48000,0.98897,0.01103
4.65000,0.48000,0.96980,0.03020
4.67000,0.48000,0.98806,0.01194
4.69000,0.48000,0.95710,0.04290
4.71000,0.48000,0.97953,0.02047
4.73000,0.48000,0.96721,0.03279
4.75000,0.48000,0.99409,0.00591
4.77000,0.48000,0.98545,0.01455
4.79000,0.48000,0.99170,0.00830
4.81000,0.48000,0.99002,0.00998
4.83000,0.48000,0.99643,0.00357
4.85000,0.48000,0.98986,0.01014
4.87000,0.48000,0.99773,0.00227
4.89000,0.48000,0.99023,0.00977
4.91000,0.48000,0.99798,0.00202
4.93000,0.48000,0.99502,0.00498
4.95000,0.48000,0.99802,0.00198
4.97000,0.48000,0.99743,0.00257
4.99000,0.48000,0.99738,0.00262
5.01000,0.48000,0.99561,0.00439
5.03000,0.48000,0.99760,0.00240
5.05000,0.48000,0.99596,0.00404
5.07000,0.48000,0.99832,0.00168
5.09000,0.48000,0.99585,0.00415
5.11000,0.48000,0.99630,0.00370
5.13000,0.48000,0.99680,0.00320
5.15000,0.48000,0.99692,0.00308
5.17000,0.48000,0.99793,0.00207
5.19000,0.48000,0.99627,0.00373
5.21000,0.48000,0.99684,0.00316
5.23000,0.48000,0.99557,0.00443
5.25000,0.48000,0.99754,0.00246
5.27000,0.48000,0.99762,0.00238
5.29000,0.48000,0.99631,0.00369
5.31000,0.48000,0.99647,0.00353
5.33000,0.48000,0.99700,0.00300
5.35000,0.48000,0.99717,0.00283
5.37000,0.48000,0.99738,0.00262
5.39000,0.48000,0.99740,0.00260
5.41000,0.48000,0.99734,0.00266
5.43000,0.48000,0.99705,0.00295
5.45000,0.48000,0.99788,0.00212
5.47000,0.48000,0.99834,0.00166
5.49000,0.48000,0.99809,0.00191
5.51000,0.48000,0.99792,0.00208
5.53000,0.48000,0.99717,0.00283
5.55000,0.48000,0.99860,0.00140
5.57000,0.48000,0.99839,0.00161
5.59000,0.48000,0.99875,0.00125
5.61000,0.48000,0.99826,0.00174
5.63000,0.48000,0.99829,0.00171
5.65000,0.48000,0.99878,0.00122
5.67000,0.48000,0.99905,0.00095
5.69000,0.48000,0.99887,0.00113
5.71000,0.48000,0.99889,0.00111
5.73000,0.48000,0.99827,0.00173
5.75000,0.48000,0.99910,0.00090
5.77000,0.48000,0.99903,0.00097
5.79000,0.48000,0.99913,0.00087
5.81000,0.48000,0.99908,0.00092
5.83000,0.48000,0.99877,0.00123
5.85000,0.48000,0.99896,0.00104
5.87000,0.48000,0.99930,0.00070
5.89000,0.48000,0.99913,0.00087
5.91000,0.48000,0.99921,0.00079
5.93000,0.48000,0.99872,0.00128
5.95000,0.48000,0.99912,0.00088
5.97000,0.48000,0.99917,0.00083
5.99000,0.48000,0.99922,0.00078
6.01000,0.48000,0.99924,0.00076
6.03000,0.48000,0.99870,0.00130
6.05000,0.48000,0.99896,0.00104
6.07000,0.48000,0.99926,0.00074
6.09000,0.48000,0.99899,0.00101
6.11000,0.48000,0.99919,0.00081
6.13000,0.48000,0.99799,0.00201
6.15000,0.48000,0.99888,0.00112
6.17000,0.48000,0.99893,0.00107
6.19000,0.48000,0.99869,0.00131
6.21000,0.48000,0.99881,0.00119
6.23000,0.48000,0.99775,0.00225
6.25000,0.48000,0.99832,0.00168
6.27000,0.48000,0.99872,0.00128
6.29000,0.48000,0.99775,0.00225
6.31000,0.48000,0.99832,0.00168
6.33000,0.48000,0.99743,0.00257
6.35000,0.48000,0.99775,0.00225
6.37000,0.48000,0.99830,0.00170
6.39000,0.48000,0.99616,0.00384
6.41000,0.48000,0.99815,0.00185
6.43000,0.48000,0.99701,0.00299
6.45000,0.48000,0.99723,0.00277
6.47000,0.48000,0.99767,0.00233
6.49000,0.48000,0.99554,0.00446
6.51000,0.48000,0.99779,0.00221
6.53000,0.48000,0.99671,0.00329
6.55000,0.48000,0.99713,0.00287
6.57000,0.48000,0.99781,0.00219
6.59000,0.48000,0.99489,0.00511
6.61000,0.48000,0.99803,0.00197
6.63000,0.48000,0.99657,0.00343
6.65000,0.48000,0.99737,0.00263
6.67000,0.48000,0.99734,0.00266
6.69000,0.48000,0.99465,0.00535
6.71000,0.48000,0.99741,0.00259
6.73000,0.48000,0.99596,0.00404
6.75000,0.48000,0.99702,0.00298
6.77000,0.48000,0.99668,0.00332
6.79000,0.48000,0.99471,0.00529
6.81000,0.48000,0.99665,0.00335
6.83000,0.48000,0.99531,0.00469
6.85000,0.48000,0.99659,0.00341
6.87000,0.48000,0.99559,0.00441
6.89000,0.48000,0.99618,0.00382
6.91000,0.48000,0.99458,0.00542
6.93000,0.48000,0.99599,0.00401
6.95000,0.48000,0.99358,0.00642
6.97000,0.48000,0.99481,0.00519
6.99000,0.48000,0.99312,0.00688
7.01000,0.48000,0.99438,0.00562
7.03000,0.48000,0.99247,0.00753
7.05000,0.48000,0.99456,0.00544
7.07000,0.48000,0.98441,0.01559
7.09000,0.48000,0.99074,0.00926
7.11000,0.48000,0.98839,0.01161
7.13000,0.48000,0.99575,0.00425
7.15000,0.48000,0.98592,0.01408
7.17000,0.48000,0.99127,0.00873
7.19000,0.48000,0.98179,0.01821
7.21000,0.48000,0.98661,0.01339
7.23000,0.48000,0.98048,0.01952
7.25000,0.48000,0.97861,0.02139
7.27000,0.48000,0.97844,0.02156
7.29000,0.48000,0.98136,0.01864
7.31000,0.48000,0.98563,0.01437
7.33000,0.48000,0.97696,0.02304
7.35000,0.48000,0.98243,0.01757
7.37000,0.48000,0.97058,0.02942
7.39000,0.48000,0.98216,0.01784
7.41000,0.48000,0.98367,0.01633
7.43000,0.48000,0.99109,0.00891
7.45000,0.48000,0.99104,0.00896
7.47000,0.48000,0.97619,0.02381
7.49000,0.48000,0.98445,0.01555
7.51000,0.48000,0.99259,0.00741
7.53000,0.48000,0.99426,0.00574
7.55000,0.48000,0.99734,0.00266
7.57000,0.48000,0.99334,0.00666
7.59000,0.48000,0.99558,0.00442
7.61000,0.48000,0.99084,0.00916
7.63000,0.48000,0.99778,0.00222
7.65000,0.48000,0.99640,0.00360
7.67000,0.48000,0.99531,0.00468
7.69000,0.48000,0.99803,0.00197
7.71000,0.48000,0.99709,0.00291
7.73000,0.48000,0.99860,0.00140
7.75000,0.48000,0.99818,0.00182
7.77000,0.48000,0.99870,0.00130
7.79000,0.48000,0.99743,0.00257
7.81000,0.48000,0.99856,0.00144
7.83000,0.48000,0.99718,0.00282
7.85000,0.48000,0.99882,0.00118
7.87000,0.48000,0.99650,0.00350
7.89000,0.48000,0.99776,0.00224
7.91000,0.48000,0.99694,0.00306
7.93000,0.48000,0.99758,0.00242
7.95000,0.48000,0.99624,0.00376
7.97000,0.48000,0.99765,0.00235
7.99000,0.48000,0.99646,0.00354
8.01000,0.48000,0.99804,0.00196
8.03000,0.48000,0.99611,0.00389
8.05000,0.48000,0.99712,0.00288
8.07000,0.48000,0.99526,0.00474
8.09000,0.48000,0.99753,0.00247
8.11000,0.48000,0.99747,0.00253
8.13000,0.48000,0.99571,0.00429
8.15000,0.48000,0.99523,0.00477
8.17000,0.48000,0.99632,0.00368
8.19000,0.48000,0.99435,0.00565
8.21000,0.48000,0.99584,0.00416
8.23000,0.48000,0.99085,0.00915
8.25000,0.48000,0.99185,0.00815
8.27000,0.48000,0.98050,0.01950
8.29000,0.48000,0.98464,0.01536
8.31000,0.48000,0.99197,0.00803
8.33000,0.48000,0.98483,0.01517
8.35000,0.48000,0.98798,0.01202
8.37000,0.48000,0.97108,0.02892
8.39000,0.48000,0.98329,0.01671
8.41000,0.48000,0.98476,0.01524
8.43000,0.48000,0.97570,0.02430
8.45000,0.48000,0.97479,0.02521
8.47000,0.48000,0.97354,0.02646
8.49000,0.48000,0.98568,0.01432
8.51000,0.48000,0.97393,0.02607
8.53000,0.48000,0.96014,0.03986
8.55000,0.48000,0.95139,0.04861
8.57000,0.48000,0.97683,0.02317
8.59000,0.48000,0.98313,0.01687
8.61000,0.48000,0.97979,0.02021
8.63000,0.48000,0.93320,0.06680
8.65000,0.48000,0.97134,0.02866
8.67000,0.48000,0.98119,0.01881
8.69000,0.48000,0.98730,0.01270
8.71000,0.48000,0.97798,0.02202
8.73000,0.48000,0.98062,0.01938
8.75000,0.48000,0.97893,0.02107
8.77000,0.48000,0.99106,0.00894
8.79000,0.48000,0.98352,0.01648
8.81000,0.48000,0.98903,0.01097
8.83000,0.48000,0.98403,0.01597
8.85000,0.48000,0.99448,0.00552
8.87000,0.48000,0.98989,0.01011
8.89000,0.48000,0.99488,0.00512
8.91000,0.48000,0.98932,0.01068
8.93000,0.48000,0.99457,0.00543
8.95000,0.48000,0.99533,0.00467
8.97000,0.48000,0.99538,0.00462
8.99000,0.48000,0.99550,0.00450
9.01000,0.48000,0.99484,0.00516
9.03000,0.48000,0.99595,0.00405
9.05000,0.48000,0.99766,0.00234
9.07000,0.48000,0.99751,0.00249
9.09000,0.48000,0.99627,0.00373
9.11000,0.48000,0.99688,0.00312
9.13000,0.48000,0.99754,0.00246
9.15000,0.48000,0.99833,0.00167
9.17000,0.48000,0.99703,0.00297
9.19000,0.48000,0.99612,0.00388
9.21000,0.48000,0.99707,0.00293
9.23000,0.48000,0.99726,0.00274
9.25000,0.48000,0.99852,0.00148
9.27000,0.48000,0.99830,0.00170
9.29000,0.48000,0.99750,0.00250
9.31000,0.48000,0.99788,0.00212
9.33000,0.48000,0.99775,0.00225
9.35000,0.48000,0.99879,0.00121
9.37000,0.48000,0.99841,0.00159
9.39000,0.48000,0.99791,0.00209
9.41000,0.48000,0.99839,0.00161
9.43000,0.48000,0.99762,0.00238
9.45000,0.48000,0.99907,0.00093
9.47000,0.48000,0.99879,0.00121
9.49000,0.48000,0.99881,0.00119
9.51000,0.48000,0.99821,0.00179
9.53000,0.48000,0.99853,0.00147
9.55000,0.48000,0.99903,0.00097
9.57000,0.48000,0.99891,0.00109
9.59000,0.48000,0.99879,0.00121
9.61000,0.48000,0.99838,0.00162
9.63000,0.48000,0.99824,0.00176
9.65000,0.48000,0.99895,0.00105
9.67000,0.48000,0.99862,0.00138
9.69000,0.48000,0.99869,0.00131
9.71000,0.48000,0.99796,0.00204
9.73000,0.48000,0.99817,0.00183
9.75000,0.48000,0.99820,0.00180
9.77000,0.48000,0.99738,0.00262
9.79000,0.48000,0.99759,0.00241
9.81000,0.48000,0.99719,0.00281
9.83000,0.48000,0.99601,0.00399
9.85000,0.48000,0.99696,0.00304
9.87000,0.48000,0.99423,0.00577
9.89000,0.48000,0.99458,0.00542
9.91000,0.48000,0.99359,0.00641
9.93000,0.48000,0.99511,0.00489
9.95000,0.48000,0.99536,0.00464
9.97000,0.48000,0.98570,0.01430
9.99000,0.48000,0.98742,0.01258
10.01000,0.48000,0.96732,0.03268
10.03000,0.48000,0.99134,0.00866
10.05000,0.48000,0.97515,0.02485
10.07000,0.48000,0.97482,0.02518
10.09000,0.48000,0.96657,0.03343
10.11000,0.48000,0.94874,0.05126
10.13000,0.48000,0.97142,0.02858
10.15000,0.48000,0.96735,0.03265
10.17000,0.48000,0.93300,0.06700
10.19000,0.48000,0.96099,0.03901
10.21000,0.48000,0.90254,0.09746
10.23000,0.48000,0.98665,0.01335
10.25000,0.48000,0.94136,0.05864
10.27000,0.48000,0.97441,0.02559
10.29000,0.48000,0.86596,0.13404
10.31000,0.48000,0.96458,0.03542
10.33000,0.48000,0.97464,0.02536
10.35000,0.48000,0.96758,0.03242
10.37000,0.48000,0.96231,0.03769
10.39000,0.48000,0.92660,0.07340
10.41000,0.48000,0.94978,0.05022
10.43000,0.48000,0.97519,0.02481
10.45000,0.48000,0.97662,0.02338
10.47000,0.48000,0.98092,0.01908
10.49000,0.48000,0.95119,0.04881
10.51000,0.48000,0.98111,0.01889
10.53000,0.48000,0.98421,0.01579
10.55000,0.48000,0.94087,0.05913
10.57000,0.48000,0.54227,0.45773
10.59000,0.48000,0.82121,0.17879
10.61000,0.48000,0.87178,0.12822
10.63000,0.48000,0.90880,0.09121
10.65000,0.48000,0.87658,0.12342
10.67000,0.48000,0.89470,0.10530
10.69000,0.48000,0.67789,0.32211
10.71000,0.48000,0.82009,0.17991
10.73000,0.48000,0.81391,0.18609
10.75000,0.48000,0.81904,0.18096
10.77000,0.48000,0.68258,0.31742
10.79000,0.48000,0.62596,0.37404
10.81000,0.48000,0.66866,0.33134
10.83000,0.48000,0.56416,0.43584
10.85000,0.48000,0.33107,0.66893
10.87000,0.48000,0.45075,0.54925
10.89000,0.48000,0.16448,0.83552
10.91000,0.48000,0.10117,0.89883
10.93000,0.48000,0.01145,0.98855
10.95000,0.48000,0.00889,0.99111
10.97000,0.48000,0.00160,0.99840
10.99000,0.48000,0.00289,0.99711
11.01000,0.48000,0.00145,0.99855
11.03000,0.48000,0.00107,0.99893
11.05000,0.48000,0.00060,0.99940
11.07000,0.48000,0.00105,0.99895
11.09000,0.48000,0.00021,0.99979
11.11000,0.48000,0.00154,0.99846
11.13000,0.48000,0.00031,0.99969
11.15000,0.48000,0.00552,0.99448
11.17000,0.48000,0.00042,0.99958
11.19000,0.48000,0.00241,0.99759
11.21000,0.48000,0.00050,0.99950
11.23000,0.48000,0.00240,0.99760
11.25000,0.48000,0.00035,0.99965
11.27000,0.48000,0.00233,0.99767
11.29000,0.48000,0.00036,0.99964
11.31000,0.48000,0.00083,0.99917
11.33000,0.48000,0.00081,0.99919
11.35000,0.48000,0.00127,0.99873
11.37000,0.48000,0.00160,0.99840
11.39000,0.48000,0.00243,0.99757
11.41000,0.48000,0.00272,0.99728
11.43000,0.48000,0.00489,0.99511
11.45000,0.48000,0.00452,0.99548
11.47000,0.48000,0.00492,0.99508
11.49000,0.48000,0.02066,0.97934
11.51000,0.48000,0.00387,0.99613
11.53000,0.48000,0.00913,0.99087
11.55000,0.48000,0.00130,0.99870
11.57000,0.48000,0.00467,0.99533
11.59000,0.48000,0.00123,0.99877
11.61000,0.48000,0.00458,0.99542
11.63000,0.48000,0.00047,0.99953
11.65000,0.48000,0.00419,0.99581
11.67000,0.48000,0.00055,0.99945
11.69000,0.48000,0.00296,0.99704
11.71000,0.48000,0.00101,0.99899
11.73000,0.48000,0.00438,0.99562
11.75000,0.48000,0.00274,0.99726
11.77000,0.48000,0.00329,0.99671
11.79000,0.48000,0.00321,0.99679
11.81000,0.48000,0.00572,0.99428
11.83000,0.48000,0.00286,0.99714
11.85000,0.48000,0.00428,0.99572
11.87000,0.48000,0.00376,0.99624
11.89000,0.48000,0.00395,0.99605
11.91000,0.48000,0.00361,0.99639
11.93000,0.48000,0.01078,0.98922
11.95000,0.48000,0.00740,0.99260
11.97000,0.48000,0.00344,0.99656
11.99000,0.48000,0.00891,0.99109
12.01000,0.48000,0.00225,0.99775
12.03000,0.48000,0.00820,0.99180
12.05000,0.48000,0.00250,0.99750
12.07000,0.48000,0.00865,0.99135
12.09000,0.48000,0.00959,0.99041
12.11000,0.48000,0.00734,0.99266
12.13000,0.48000,0.00411,0.99589
12.15000,0.48000,0.00408,0.99592
12.17000,0.48000,0.00558,0.99442
12.19000,0.48000,0.00434,0.99566
12.21000,0.48000,0.00253,0.99747
12.23000,0.48000,0.00881,0.99119
12.25000,0.48000,0.00237,0.99763
12.27000,0.48000,0.02428,0.97572
12.29000,0.48000,0.03199,0.96801
12.31000,0.48000,0.07303,0.92697
12.33000,0.48000,0.01060,0.98940
12.35000,0.48000,0.01186,0.98814
12.37000,0.48000,0.00928,0.99072
12.39000,0.48000,0.01338,0.98662
12.41000,0.48000,0.01296,0.98704
12.43000,0.48000,0.01274,0.98726
12.45000,0.48000,0.00978,0.99022
12.47000,0.48000,0.00842,0.99158
12.49000,0.48000,0.00489,0.99511
12.51000,0.48000,0.01051,0.98949
12.53000,0.48000,0.00430,0.99570
12.55000,0.48000,0.00689,0.99311
12.57000,0.48000,0.00393,0.99607
12.59000,0.48000,0.01248,0.98752
12.61000,0.48000,0.00611,0.99389
12.63000,0.48000,0.00702,0.99298
12.65000,0.48000,0.00319,0.99681
12.67000,0.48000,0.00600,0.99400
12.69000,0.48000,0.00268,0.99732
12.71000,0.48000,0.00362,0.99638
12.73000,0.48000,0.00403,0.99597
12.75000,0.48000,0.00521,0.99479
12.77000,0.48000,0.00308,0.99692
12.79000,0.48000,0.02960,0.97040
12.81000,0.48000,0.00360,0.99640
12.83000,0.48000,0.00788,0.99212
12.85000,0.48000,0.00200,0.99800
12.87000,0.48000,0.00194,0.99806
12.89000,0.48000,0.00110,0.99890
12.91000,0.48000,0.00153,0.99847
12.93000,0.48000,0.00194,0.99806
12.95000,0.48000,0.00237,0.99763
12.97000,0.48000,0.00133,0.99867
12.99000,0.48000,0.00182,0.99818
13.01000,0.48000,0.00174,0.99826
13.03000,0.48000,0.00222,0.99778
13.05000,0.48000,0.00181,0.99819
13.07000,0.48000,0.00241,0.99759
13.09000,0.48000,0.00323,0.99677
13.11000,0.48000,0.00294,0.99706
13.13000,0.48000,0.00257,0.99743
13.15000,0.48000,0.00285,0.99715
13.17000,0.48000,0.00166,0.99834
13.19000,0.48000,0.00165,0.99835
13.21000,0.48000,0.00111,0.99889
13.23000,0.48000,0.00261,0.99739
13.25000,0.48000,0.00382,0.99618
13.27000,0.48000,0.00565,0.99435
13.29000,0.48000,0.00940,0.99060
13.31000,0.48000,0.00714,0.99286
13.33000,0.48000,0.01673,0.98327
13.35000,0.48000,0.00438,0.99562
13.37000,0.48000,0.01121,0.98879
13.39000,0.48000,0.00270,0.99730
13.41000,0.48000,0.00968,0.99032
13.43000,0.48000,0.00273,0.99727
13.45000,0.48000,0.00309,0.99691
13.47000,0.48000,0.00215,0.99785
13.49000,0.48000,0.00458,0.99542
13.51000,0.48000,0.00203,0.99797
13.53000,0.48000,0.00304,0.99696
13.55000,0.48000,0.00111,0.99889
13.57000,0.48000,0.00465,0.99535
13.59000,0.48000,0.00183,0.99817
13.61000,0.48000,0.00305,0.99695
13.63000,0.48000,0.00085,0.99915
13.65000,0.48000,0.00475,0.99525
13.67000,0.48000,0.00310,0.99690
13.69000,0.48000,0.00224,0.99776
13.71000,0.48000,0.00302,0.99698
13.73000,0.48000,0.00235,0.99765
13.75000,0.48000,0.00218,0.99782
13.77000,0.48000,0.00160,0.99840
13.79000,0.48000,0.00291,0.99709
13.81000,0.48000,0.00175,0.99825
13.83000,0.48000,0.00263,0.99737
13.85000,0.48000,0.00165,0.99835
13.87000,0.48000,0.00435,0.99565
13.89000,0.48000,0.00187,0.99813
13.91000,0.48000,0.00464,0.99536
13.93000,0.48000,0.00432,0.99568
13.95000,0.48000,0.00302,0.99698
13.97000,0.48000,0.00108,0.99892
13.99000,0.48000,0.00297,0.99703
14.01000,0.48000,0.00204,0.99796
14.03000,0.48000,0.00385,0.99615
14.05000,0.48000,0.00298,0.99702
14.07000,0.48000,0.00401,0.99599
14.09000,0.48000,0.00341,0.99659
14.11000,0.48000,0.00319,0.99681
14.13000,0.48000,0.00655,0.99345
14.15000,0.48000,0.01266,0.98734
14.17000,0.48000,0.01883,0.98117
14.19000,0.48000,0.06106,0.93894
14.21000,0.48000,0.06530,0.93470
14.23000,0.48000,0.10556,0.89444
14.25000,0.48000,0.05376,0.94624
14.27000,0.48000,0.04942,0.95058
14.29000,0.48000,0.00866,0.99134
14.31000,0.48000,0.00688,0.99312
14.33000,0.48000,0.00526,0.99474
14.35000,0.48000,0.00860,0.99140
14.37000,0.48000,0.00242,0.99758
14.39000,0.48000,0.00548,0.99452
14.41000,0.48000,0.00533,0.99467
14.43000,0.48000,0.01114,0.98886
14.45000,0.48000,0.00263,0.99737
14.47000,0.48000,0.00369,0.99631
14.49000,0.48000,0.00520,0.99480
14.51000,0.48000,0.01060,0.98940
14.53000,0.48000,0.00350,0.99650
14.55000,0.48000,0.01034,0.98966
14.57000,0.48000,0.00560,0.99440
14.59000,0.48000,0.00491,0.99509
14.61000,0.48000,0.00090,0.99910
14.63000,0.48000,0.00279,0.99721
14.65000,0.48000,0.00084,0.99916
14.67000,0.48000,0.00184,0.99816
14.69000,0.48000,0.00058,0.99942
14.71000,0.48000,0.00134,0.99866
14.73000,0.48000,0.00069,0.99931
14.75000,0.48000,0.00061,0.99939
14.77000,0.48000,0.00085,0.99915
14.79000,0.48000,0.00036,0.99964
14.81000,0.48000,0.00095,0.99905
14.83000,0.48000,0.00048,0.99952
14.85000,0.48000,0.00089,0.99911
14.87000,0.48000,0.00036,0.99964
14.89000,0.48000,0.00013,0.99987
14.91000,0.48000,0.00018,0.99982
14.93000,0.48000,0.00023,0.99977
14.95000,0.48000,0.00076,0.99924
14.97000,0.48000,0.00016,0.99984
14.99000,0.48000,0.00015,0.99985
15.01000,0.48000,0.00015,0.99985
15.03000,0.48000,0.00015,0.99985
15.05000,0.48000,0.00015,0.99985
15.07000,0.48000,0.00019,0.99981
15.09000,0.48000,0.00046,0.99954
15.11000,0.48000,0.00007,0.99993
15.13000,0.48000,0.00018,0.99982
15.15000,0.48000,0.00004,0.99996
15.17000,0.48000,0.00033,0.99967
15.19000,0.48000,0.00007,0.99993
15.21000,0.48000,0.00004,0.99996
15.23000,0.48000,0.00013,0.99987
15.25000,0.48000,0.00008,0.99992
15.27000,0.48000,0.00023,0.99977
15.29000,0.48000,0.00007,0.99993
15.31000,0.48000,0.00031,0.99969
15.33000,0.48000,0.00019,0.99981
15.35000,0.48000,0.00019,0.99981
15.37000,0.48000,0.00014,0.99986
15.39000,0.48000,0.00086,0.99914
15.41000,0.48000,0.00036,0.99964
15.43000,0.48000,0.00091,0.99909
15.45000,0.48000,0.00015,0.99985
15.47000,0.48000,0.00067,0.99933
15.49000,0.48000,0.00073,0.99927
15.51000,0.48000,0.00088,0.99912
15.53000,0.48000,0.00064,0.99936
15.55000,0.48000,0.00081,0.99919
15.57000,0.48000,0.00086,0.99914
15.59000,0.48000,0.00235,0.99765
15.61000,0.48000,0.00088,0.99912
15.63000,0.48000,0.00149,0.99851
15.65000,0.48000,0.00208,0.99792
15.67000,0.48000,0.00459,0.99541
15.69000,0.48000,0.00258,0.99742
15.71000,0.48000,0.00360,0.99640
15.73000,0.48000,0.00273,0.99727
15.75000,0.48000,0.00567,0.99433
15.77000,0.48000,0.00178,0.99822
15.79000,0.48000,0.00682,0.99318
15.81000,0.48000,0.00300,0.99700
15.83000,0.48000,0.00634,0.99366
15.85000,0.48000,0.00210,0.99790
15.87000,0.48000,0.00574,0.99426
15.89000,0.48000,0.00246,0.99754
15.91000,0.48000,0.00569,0.99431
15.93000,0.48000,0.00130,0.99870
15.95000,0.48000,0.00696,0.99304
15.97000,0.48000,0.00192,0.99808
15.99000,0.48000,0.00674,0.99326
16.01000,0.48000,0.00179,0.99821
16.03000,0.48000,0.00331,0.99669
16.05000,0.48000,0.00619,0.99381
16.07000,0.48000,0.00671,0.99329
16.09000,0.48000,0.00193,0.99807
16.11000,0.48000,0.00450,0.99550
16.13000,0.48000,0.00408,0.99592
16.15000,0.48000,0.00603,0.99397
16.17000,0.48000,0.00319,0.99681
16.19000,0.48000,0.01720,0.98280
16.21000,0.48000,0.01096,0.98904
16.23000,0.48000,0.03718,0.96282
16.25000,0.48000,0.02773,0.97227
16.27000,0.48000,0.04706,0.95294
16.29000,0.48000,0.01185,0.98815
16.31000,0.48000,0.04779,0.95221
16.33000,0.48000,0.02065,0.97935
16.35000,0.48000,0.08153,0.91847
16.37000,0.48000,0.07425,0.92575
16.39000,0.48000,0.20758,0.79242
16.41000,0.48000,0.12594,0.87406
16.43000,0.48000,0.29095,0.70905
16.45000,0.48000,0.12373,0.87627
16.47000,0.48000,0.33056,0.66944
16.49000,0.48000,0.39948,0.60052
16.51000,0.48000,0.69035,0.30965
16.53000,0.48000,0.92004,0.07996
16.55000,0.48000,0.95191,0.04809
16.57000,0.48000,0.96830,0.03170
16.59000,0.48000,0.97997,0.02003
16.61000,0.48000,0.95738,0.04262
16.63000,0.48000,0.98953,0.01047
16.65000,0.48000,0.97401,0.02599
16.67000,0.48000,0.99089,0.00911
16.69000,0.48000,0.96843,0.03157
16.71000,0.48000,0.99082,0.00918
16.73000,0.48000,0.99220,0.00780
16.75000,0.48000,0.98807,0.01193
16.77000,0.48000,0.99633,0.00367
16.79000,0.48000,0.99193,0.00807
16.81000,0.48000,0.99133,0.00867
16.83000,0.48000,0.98927,0.01073
16.85000,0.48000,0.99244,0.00756
16.87000,0.48000,0.99277,0.00723
16.89000,0.48000,0.99253,0.00747
16.91000,0.48000,0.99293,0.00707
16.93000,0.48000,0.99170,0.00830
16.95000,0.48000,0.98787,0.01213
16.97000,0.48000,0.99355,0.00645
16.99000,0.48000,0.98101,0.01899
17.01000,0.48000,0.99160,0.00840
17.03000,0.48000,0.97642,0.02358
17.05000,0.48000,0.99074,0.00926
17.07000,0.48000,0.98126,0.01874
17.09000,0.48000,0.99033,0.00967
17.11000,0.48000,0.98261,0.01739
17.13000,0.48000,0.99419,0.00581
17.15000,0.48000,0.98944,0.01056
17.17000,0.48000,0.99117,0.00883
17.19000,0.48000,0.98516,0.01484
17.21000,0.48000,0.99054,0.00946
17.23000,0.48000,0.98153,0.01847
17.25000,0.48000,0.99271,0.00729
17.27000,0.48000,0.98282,0.01718
17.29000,0.48000,0.99250,0.00750
17.31000,0.48000,0.99333,0.00667
17.33000,0.48000,0.99355,0.00645
17.35000,0.48000,0.99233,0.00767
17.37000,0.48000,0.99594,0.00406
17.39000,0.48000,0.98883,0.01117
17.41000,0.48000,0.99605,0.00395
17.43000,0.48000,0.99505,0.00495
17.45000,0.48000,0.99588,0.00412
17.47000,0.48000,0.99353,0.00647
17.49000,0.48000,0.99699,0.00301
17.51000,0.48000,0.99503,0.00497
17.53000,0.48000,0.99569,0.00431
17.55000,0.48000,0.99445,0.00555
17.57000,0.48000,0.99678,0.00322
17.59000,0.48000,0.99729,0.00271
17.61000,0.48000,0.99515,0.00485
17.63000,0.48000,0.99388,0.00612
17.65000,0.48000,0.99583,0.00417
17.67000,0.48000,0.99292,0.00708
17.69000,0.48000,0.99287,0.00713
17.71000,0.48000,0.99312,0.00688
17.73000,0.48000,0.99037,0.00963
17.75000,0.48000,0.99622,0.00378
17.77000,0.48000,0.99266,0.00734
17.79000,0.48000,0.99348,0.00652
17.81000,0.48000,0.99093,0.00907
17.83000,0.48000,0.99518,0.00482
17.85000,0.48000,0.99582,0.00418
17.87000,0.48000,0.99618,0.00382
17.89000,0.48000,0.99513,0.00487
17.91000,0.48000,0.99658,0.00342
17.93000,0.48000,0.99563,0.00437
17.95000,0.48000,0.99616,0.00384
17.97000,0.48000,0.99410,0.00590
17.99000,0.48000,0.99726,0.00274
18.01000,0.48000,0.99330,0.00670
18.03000,0.48000,0.99692,0.00308
18.05000,0.48000,0.99434,0.00566
18.07000,0.48000,0.99401,0.00599
18.09000,0.48000,0.99629,0.00371
18.11000,0.48000,0.99320,0.00680
18.13000,0.48000,0.99259,0.00741
18.15000,0.48000,0.99533,0.00467
18.17000,0.48000,0.99153,0.00847
18.19000,0.48000,0.99647,0.00353
18.21000,0.48000,0.99594,0.00406
18.23000,0.48000,0.99486,0.00514
18.25000,0.48000,0.99726,0.00274
18.27000,0.48000,0.99724,0.00276
18.29000,0.48000,0.99687,0.00313
18.31000,0.48000,0.99621,0.00379
18.33000,0.48000,0.99500,0.00500
18.35000,0.48000,0.99684,0.00316
18.37000,0.48000,0.99385,0.00615
18.39000,0.48000,0.99758,0.00242
18.41000,0.48000,0.99551,0.00449
18.43000,0.48000,0.99764,0.00236
18.45000,0.48000,0.99278,0.00722
18.47000,0.48000,0.99784,0.00216
