Time (seconds), Duration (seconds),pred_unlabelled,pred_circle,pred_shaking
0.01000,0.98000,0.99958,0.00029,0.00013
0.21000,0.98000,0.99958,0.00030,0.00012
0.41000,0.98000,0.99958,0.00030,0.00012
0.61000,0.98000,0.99957,0.00031,0.00012
0.81000,0.98000,0.99960,0.00029,0.00012
1.01000,0.98000,0.99959,0.00029,0.00012
1.21000,0.98000,0.99959,0.00029,0.00012
1.41000,0.98000,0.99962,0.00028,0.00011
1.61000,0.98000,0.99959,0.00029,0.00011
1.81000,0.98000,0.99962,0.00028,0.00010
2.01000,0.98000,0.99953,0.00034,0.00013
2.21000,0.98000,0.99955,0.00031,0.00013
2.41000,0.98000,0.99959,0.00029,0.00012
2.61000,0.98000,0.99959,0.00029,0.00012
2.81000,0.98000,0.99959,0.00030,0.00011
3.01000,0.98000,0.99960,0.00029,0.00011
3.21000,0.98000,0.99959,0.00030,0.00011
3.41000,0.98000,0.99961,0.00028,0.00011
3.61000,0.98000,0.99957,0.00031,0.00012
3.81000,0.98000,0.99958,0.00030,0.00012
4.01000,0.98000,0.99961,0.00027,0.00012
4.21000,0.98000,0.99958,0.00030,0.00012
4.41000,0.98000,0.99958,0.00030,0.00012
4.61000,0.98000,0.99960,0.00028,0.00011
4.81000,0.98000,0.99959,0.00030,0.00012
5.01000,0.98000,0.99958,0.00030,0.00012
5.21000,0.98000,0.99959,0.00029,0.00012
5.41000,0.98000,0.99960,0.00028,0.00012
5.61000,0.98000,0.99960,0.00029,0.00011
5.81000,0.98000,0.99957,0.00031,0.00012
6.01000,0.98000,0.99958,0.00030,0.00012
6.21000,0.98000,0.99957,0.00030,0.00013
6.41000,0.98000,0.99963,0.00027,0.00011
6.61000,0.98000,0.99961,0.00029,0.00010
6.81000,0.98000,0.99959,0.00030,0.00011
7.01000,0.98000,0.99961,0.00028,0.00010
7.21000,0.98000,0.99961,0.00028,0.00011
7.41000,0.98000,0.99961,0.00029,0.00011
7.61000,0.98000,0.99961,0.00028,0.00011
7.81000,0.98000,0.99964,0.00026,0.00010
8.01000,0.98000,0.99960,0.00030,0.00011
8.21000,0.98000,0.99958,0.00031,0.00011
8.41000,0.98000,0.99961,0.00028,0.00011
8.61000,0.98000,0.99956,0.00031,0.00013
8.81000,0.98000,0.99958,0.00030,0.00012
9.01000,0.98000,0.99959,0.00029,0.00012
9.21000,0.98000,0.99959,0.00029,0.00012
9.41000,0.98000,0.99960,0.00029,0.00011
9.61000,0.98000,0.99958,0.00030,0.00012
9.81000,0.98000,0.99958,0.00030,0.00012
10.01000,0.98000,0.99960,0.00029,0.00012
10.21000,0.98000,0.99960,0.00028,0.00011
10.41000,0.98000,0.99960,0.00029,0.00011
10.61000,0.98000,0.99961,0.00029,0.00011
10.81000,0.98000,0.99961,0.00028,0.00011
11.01000,0.98000,0.99962,0.00028,0.00010
11.21000,0.98000,0.99959,0.00030,0.00011
11.41000,0.98000,0.99961,0.00028,0.00011
11.61000,0.98000,0.99911,0.00067,0.00022
11.81000,0.98000,0.99937,0.00042,0.00021
12.01000,0.98000,0.99953,0.00033,0.00014
12.21000,0.98000,0.99926,0.00055,0.00020
12.41000,0.98000,0.99934,0.00048,0.00017
12.61000,0.98000,0.99939,0.00045,0.00017
12.81000,0.98000,0.99785,0.00168,0.00046
13.01000,0.98000,0.99903,0.00046,0.00051
13.21000,0.98000,0.99942,0.00036,0.00022
13.41000,0.98000,0.99943,0.00040,0.00017
13.61000,0.98000,0.99917,0.00064,0.00019
13.81000,0.98000,0.99940,0.00044,0.00017
14.01000,0.98000,0.99965,0.00024,0.00011
14.21000,0.98000,0.99954,0.00032,0.00015
14.41000,0.98000,0.99945,0.00033,0.00021
14.61000,0.98000,0.99960,0.00028,0.00012
14.81000,0.98000,0.99952,0.00036,0.00012
15.01000,0.98000,0.99957,0.00032,0.00011
15.21000,0.98000,0.99959,0.00030,0.00011
15.41000,0.98000,0.99960,0.00029,0.00011
15.61000,0.98000,0.99961,0.00029,0.00011
15.81000,0.98000,0.99962,0.00028,0.00010
16.01000,0.98000,0.99961,0.00029,0.00010
16.21000,0.98000,0.99961,0.00028,0.00010
16.41000,0.98000,0.99963,0.00027,0.00010
16.61000,0.98000,0.99961,0.00029,0.00010
16.81000,0.98000,0.99962,0.00028,0.00010
17.01000,0.98000,0.99960,0.00029,0.00011
17.21000,0.98000,0.99961,0.00028,0.00011
17.41000,0.98000,0.99962,0.00028,0.00010
17.61000,0.98000,0.99962,0.00028,0.00010
17.81000,0.98000,0.99961,0.00029,0.00010
18.01000,0.98000,0.99962,0.00028,0.00010
18.21000,0.98000,0.99963,0.00027,0.00010
18.41000,0.98000,0.99952,0.00035,0.00013
18.61000,0.98000,0.99555,0.00387,0.00058
18.81000,0.98000,0.99899,0.00058,0.00043
19.01000,0.98000,0.99943,0.00041,0.00016
19.21000,0.98000,0.99919,0.00061,0.00020
19.41000,0.98000,0.99905,0.00070,0.00025
19.61000,0.98000,0.99956,0.00031,0.00013
19.81000,0.98000,0.99956,0.00032,0.00012
20.01000,0.98000,0.99958,0.00029,0.00012
20.21000,0.98000,0.99963,0.00027,0.00011
20.41000,0.98000,0.99962,0.00028,0.00010
20.61000,0.98000,0.99958,0.00031,0.00011
20.81000,0.98000,0.99960,0.00029,0.00011
21.01000,0.98000,0.99959,0.00030,0.00011
21.21000,0.98000,0.99962,0.00028,0.00011
21.41000,0.98000,0.99962,0.00027,0.00011
21.61000,0.98000,0.99961,0.00029,0.00011
21.81000,0.98000,0.99960,0.00029,0.00011
22.01000,0.98000,0.99961,0.00029,0.00010
22.21000,0.98000,0.99961,0.00028,0.00010
22.41000,0.98000,0.99963,0.00027,0.00010
22.61000,0.98000,0.99962,0.00028,0.00010
22.81000,0.98000,0.99962,0.00028,0.00010
23.01000,0.98000,0.99962,0.00028,0.00010
23.21000,0.98000,0.99962,0.00028,0.00010
23.41000,0.98000,0.99961,0.00029,0.00010
23.61000,0.98000,0.99963,0.00027,0.00010
23.81000,0.98000,0.99962,0.00028,0.00010
24.01000,0.98000,0.99962,0.00028,0.00010
24.21000,0.98000,0.99961,0.00029,0.00010
24.41000,0.98000,0.99961,0.00029,0.00010
24.61000,0.98000,0.99962,0.00028,0.00010
24.81000,0.98000,0.99961,0.00029,0.00010
25.01000,0.98000,0.99960,0.00030,0.00010
25.21000,0.98000,0.99962,0.00028,0.00010
25.41000,0.98000,0.99962,0.00028,0.00010
25.61000,0.98000,0.99961,0.00029,0.00010
25.81000,0.98000,0.99959,0.00030,0.00011
26.01000,0.98000,0.99960,0.00029,0.00011
26.21000,0.98000,0.99961,0.00029,0.00010
26.41000,0.98000,0.99961,0.00029,0.00010
26.61000,0.98000,0.99961,0.00029,0.00010
26.81000,0.98000,0.99961,0.00029,0.00010
27.01000,0.98000,0.99961,0.00029,0.00010
27.21000,0.98000,0.99960,0.00029,0.00010
27.41000,0.98000,0.99962,0.00028,0.00010
27.61000,0.98000,0.99962,0.00028,0.00010
27.81000,0.98000,0.99960,0.00030,0.00010
28.01000,0.98000,0.99962,0.00028,0.00010
28.21000,0.98000,0.99962,0.00028,0.00010
28.41000,0.98000,0.99960,0.00029,0.00011
28.61000,0.98000,0.99961,0.00029,0.00010
28.81000,0.98000,0.99959,0.00030,0.00011
29.01000,0.98000,0.99962,0.00028,0.00010
29.21000,0.98000,0.99960,0.00030,0.00010
29.41000,0.98000,0.99959,0.00030,0.00011
29.61000,0.98000,0.99962,0.00028,0.00010
29.81000,0.98000,0.99961,0.00029,0.00010
30.01000,0.98000,0.99961,0.00029,0.00010
30.21000,0.98000,0.99961,0.00029,0.00010
30.41000,0.98000,0.99961,0.00029,0.00010
30.61000,0.98000,0.99962,0.00028,0.00010
30.81000,0.98000,0.99962,0.00028,0.00010
31.01000,0.98000,0.99962,0.00028,0.00010
31.21000,0.98000,0.99958,0.00031,0.00011
31.41000,0.98000,0.99955,0.00033,0.00012
31.61000,0.98000,0.99961,0.00028,0.00011
31.81000,0.98000,0.99954,0.00033,0.00013
32.01000,0.98000,0.99944,0.00039,0.00017
32.21000,0.98000,0.99958,0.00028,0.00013
32.41000,0.98000,0.99953,0.00034,0.00013
32.61000,0.98000,0.99956,0.00032,0.00012
32.81000,0.98000,0.99950,0.00036,0.00014
33.01000,0.98000,0.99954,0.00033,0.00013
33.21000,0.98000,0.99960,0.00029,0.00011
33.41000,0.98000,0.99959,0.00030,0.00011
33.61000,0.98000,0.99960,0.00030,0.00010
33.81000,0.98000,0.99959,0.00031,0.00011
34.01000,0.98000,0.99959,0.00030,0.00011
34.21000,0.98000,0.99960,0.00029,0.00011
34.41000,0.98000,0.99960,0.00029,0.00011
34.61000,0.98000,0.99925,0.00055,0.00020
34.81000,0.98000,0.99958,0.00028,0.00014
35.01000,0.98000,0.99963,0.00027,0.00010
35.21000,0.98000,0.99955,0.00033,0.00012
35.41000,0.98000,0.99949,0.00038,0.00013
35.61000,0.98000,0.99957,0.00031,0.00012
35.81000,0.98000,0.99956,0.00031,0.00012
36.01000,0.98000,0.99958,0.00030,0.00012
36.21000,0.98000,0.99946,0.00039,0.00015
36.41000,0.98000,0.99956,0.00031,0.00013
36.61000,0.98000,0.99958,0.00030,0.00013
36.81000,0.98000,0.99959,0.00030,0.00011
37.01000,0.98000,0.99950,0.00036,0.00014
37.21000,0.98000,0.99962,0.00027,0.00011
37.41000,0.98000,0.99958,0.00029,0.00012
37.61000,0.98000,0.99959,0.00029,0.00011
37.81000,0.98000,0.99956,0.00032,0.00012
38.01000,0.98000,0.99962,0.00028,0.00010
38.21000,0.98000,0.99953,0.00034,0.00013
38.41000,0.98000,0.99957,0.00031,0.00012
38.61000,0.98000,0.99959,0.00026,0.00014
38.81000,0.98000,0.99939,0.00034,0.00027
39.01000,0.98000,0.99954,0.00027,0.00019
39.21000,0.98000,0.99944,0.00039,0.00017
39.41000,0.98000,0.99954,0.00033,0.00013
39.61000,0.98000,0.99958,0.00030,0.00011
39.81000,0.98000,0.99955,0.00033,0.00012
40.01000,0.98000,0.99962,0.00027,0.00010
40.21000,0.98000,0.99955,0.00032,0.00013
40.41000,0.98000,0.99955,0.00031,0.00014
40.61000,0.98000,0.99956,0.00031,0.00013
40.81000,0.98000,0.99962,0.00028,0.00011
41.01000,0.98000,0.99959,0.00031,0.00010
41.21000,0.98000,0.99959,0.00031,0.00010
41.41000,0.98000,0.99959,0.00031,0.00011
41.61000,0.98000,0.99954,0.00033,0.00012
41.81000,0.98000,0.99958,0.00030,0.00012
42.01000,0.98000,0.99960,0.00028,0.00011
42.21000,0.98000,0.99957,0.00031,0.00012
42.41000,0.98000,0.99958,0.00031,0.00011
42.61000,0.98000,0.99960,0.00029,0.00011
42.81000,0.98000,0.99962,0.00029,0.00010
43.01000,0.98000,0.99957,0.00032,0.00011
43.21000,0.98000,0.99960,0.00029,0.00011
43.41000,0.98000,0.99963,0.00027,0.00010
43.61000,0.98000,0.99961,0.00029,0.00010
43.81000,0.98000,0.99957,0.00032,0.00011
44.01000,0.98000,0.99954,0.00033,0.00012
44.21000,0.98000,0.99960,0.00028,0.00011
44.41000,0.98000,0.99959,0.00029,0.00011
44.61000,0.98000,0.99957,0.00031,0.00011
44.81000,0.98000,0.99959,0.00030,0.00010
45.01000,0.98000,0.99960,0.00030,0.00010
45.21000,0.98000,0.99961,0.00029,0.00010
45.41000,0.98000,0.99961,0.00029,0.00010
45.61000,0.98000,0.99961,0.00028,0.00010
45.81000,0.98000,0.99961,0.00029,0.00010
46.01000,0.98000,0.99961,0.00029,0.00010
46.21000,0.98000,0.99960,0.00030,0.00011
46.41000,0.98000,0.99960,0.00029,0.00011
46.61000,0.98000,0.99960,0.00029,0.00011
46.81000,0.98000,0.99957,0.00032,0.00012
47.01000,0.98000,0.99961,0.00028,0.00011
47.21000,0.98000,0.99956,0.00032,0.00012
47.41000,0.98000,0.99958,0.00030,0.00012
47.61000,0.98000,0.99961,0.00028,0.00011
47.81000,0.98000,0.99956,0.00032,0.00012
48.01000,0.98000,0.99956,0.00032,0.00012
48.21000,0.98000,0.99957,0.00031,0.00012
48.41000,0.98000,0.99958,0.00031,0.00011
48.61000,0.98000,0.99957,0.00031,0.00012
48.81000,0.98000,0.99959,0.00030,0.00011
49.01000,0.98000,0.99959,0.00030,0.00011
49.21000,0.98000,0.99957,0.00031,0.00011
49.41000,0.98000,0.99958,0.00031,0.00011
49.61000,0.98000,0.99959,0.00030,0.00011
49.81000,0.98000,0.99959,0.00030,0.00011
50.01000,0.98000,0.99961,0.00029,0.00010
50.21000,0.98000,0.99958,0.00031,0.00011
50.41000,0.98000,0.99960,0.00029,0.00011
50.61000,0.98000,0.99962,0.00028,0.00010
50.81000,0.98000,0.99956,0.00032,0.00012
51.01000,0.98000,0.99961,0.00028,0.00011
51.21000,0.98000,0.99959,0.00030,0.00011
51.41000,0.98000,0.99958,0.00031,0.00012
51.61000,0.98000,0.99956,0.00032,0.00012
51.81000,0.98000,0.99960,0.00029,0.00011
52.01000,0.98000,0.99959,0.00030,0.00011
52.21000,0.98000,0.99958,0.00031,0.00011
52.41000,0.98000,0.99958,0.00031,0.00011
52.61000,0.98000,0.99960,0.00030,0.00011
52.81000,0.98000,0.99959,0.00030,0.00011
53.01000,0.98000,0.99960,0.00029,0.00011
53.21000,0.98000,0.99960,0.00030,0.00010
53.41000,0.98000,0.99960,0.00030,0.00010
53.61000,0.98000,0.99961,0.00029,0.00010
53.81000,0.98000,0.99956,0.00032,0.00012
54.01000,0.98000,0.99948,0.00037,0.00015
54.21000,0.98000,0.99959,0.00028,0.00013
54.41000,0.98000,0.99963,0.00027,0.00010
54.61000,0.98000,0.99955,0.00034,0.00011
54.81000,0.98000,0.99948,0.00038,0.00013
55.01000,0.98000,0.99939,0.00044,0.00017
55.21000,0.98000,0.99909,0.00064,0.00026
55.41000,0.98000,0.99943,0.00038,0.00020
55.61000,0.98000,0.99951,0.00036,0.00013
55.81000,0.98000,0.99946,0.00040,0.00014
56.01000,0.98000,0.99951,0.00037,0.00012
56.21000,0.98000,0.99956,0.00033,0.00011
56.41000,0.98000,0.99958,0.00031,0.00011
56.61000,0.98000,0.99960,0.00030,0.00011
56.81000,0.98000,0.99960,0.00029,0.00011
57.01000,0.98000,0.99960,0.00030,0.00011
57.21000,0.98000,0.99959,0.00031,0.00011
57.41000,0.98000,0.99957,0.00032,0.00011
57.61000,0.98000,0.99961,0.00029,0.00010
57.81000,0.98000,0.99958,0.00031,0.00011
58.01000,0.98000,0.99960,0.00030,0.00011
58.21000,0.98000,0.99960,0.00029,0.00011
58.41000,0.98000,0.99959,0.00030,0.00011
58.61000,0.98000,0.99959,0.00030,0.00011
58.81000,0.98000,0.99958,0.00031,0.00011
59.01000,0.98000,0.99959,0.00030,0.00011
59.21000,0.98000,0.99958,0.00030,0.00011
59.41000,0.98000,0.99960,0.00029,0.00011
59.61000,0.98000,0.99962,0.00028,0.00010
59.81000,0.98000,0.99956,0.00033,0.00012
60.01000,0.98000,0.99958,0.00031,0.00012
60.21000,0.98000,0.99962,0.00027,0.00011
60.41000,0.98000,0.99961,0.00028,0.00011
60.61000,0.98000,0.99953,0.00034,0.00013
60.81000,0.98000,0.99959,0.00029,0.00011
61.01000,0.98000,0.99962,0.00028,0.00010
61.21000,0.98000,0.99956,0.00033,0.00012
61.41000,0.98000,0.99961,0.00029,0.00010
61.61000,0.98000,0.99956,0.00033,0.00012
61.81000,0.98000,0.99956,0.00032,0.00012
62.01000,0.98000,0.99950,0.00036,0.00014
62.21000,0.98000,0.99962,0.00026,0.00012
62.41000,0.98000,0.99945,0.00037,0.00018
62.61000,0.98000,0.99950,0.00031,0.00019
62.81000,0.98000,0.99957,0.00030,0.00013
63.01000,0.98000,0.99950,0.00036,0.00014
63.21000,0.98000,0.99941,0.00043,0.00017
63.41000,0.98000,0.99950,0.00034,0.00017
63.61000,0.98000,0.99950,0.00034,0.00017
63.81000,0.98000,0.99944,0.00039,0.00017
64.01000,0.98000,0.99941,0.00041,0.00018
64.21000,0.98000,0.99954,0.00033,0.00014
64.41000,0.98000,0.99955,0.00033,0.00012
64.61000,0.98000,0.99953,0.00035,0.00012
64.81000,0.98000,0.99955,0.00033,0.00012
65.01000,0.98000,0.99960,0.00029,0.00011
65.21000,0.98000,0.99956,0.00032,0.00012
65.41000,0.98000,0.99958,0.00031,0.00011
65.61000,0.98000,0.99958,0.00031,0.00011
65.81000,0.98000,0.99959,0.00030,0.00011
66.01000,0.98000,0.99962,0.00028,0.00010
66.21000,0.98000,0.99959,0.00030,0.00011
66.41000,0.98000,0.99958,0.00031,0.00011
66.61000,0.98000,0.99959,0.00030,0.00011
66.81000,0.98000,0.99958,0.00030,0.00012
67.01000,0.98000,0.99962,0.00027,0.00011
67.21000,0.98000,0.99960,0.00029,0.00011
67.41000,0.98000,0.99960,0.00029,0.00010
67.61000,0.98000,0.99958,0.00031,0.00011
67.81000,0.98000,0.99961,0.00029,0.00010
68.01000,0.98000,0.99961,0.00029,0.00010
68.21000,0.98000,0.99946,0.00040,0.00015
68.41000,0.98000,0.99954,0.00032,0.00014
68.61000,0.98000,0.99964,0.00025,0.00011
68.81000,0.98000,0.99952,0.00035,0.00013
69.01000,0.98000,0.99948,0.00038,0.00014
69.21000,0.98000,0.99951,0.00035,0.00014
69.41000,0.98000,0.99949,0.00035,0.00016
69.61000,0.98000,0.99948,0.00035,0.00017
69.81000,0.98000,0.99954,0.00031,0.00014
70.01000,0.98000,0.99953,0.00034,0.00013
70.21000,0.98000,0.99952,0.00035,0.00013
70.41000,0.98000,0.99952,0.00035,0.00013
70.61000,0.98000,0.99960,0.00029,0.00011
70.81000,0.98000,0.99957,0.00032,0.00011
71.01000,0.98000,0.99954,0.00034,0.00012
71.21000,0.98000,0.99960,0.00029,0.00011
71.41000,0.98000,0.99960,0.00029,0.00010
71.61000,0.98000,0.99957,0.00032,0.00011
71.81000,0.98000,0.99959,0.00030,0.00011
72.01000,0.98000,0.99962,0.00027,0.00011
72.21000,0.98000,0.99960,0.00029,0.00011
72.41000,0.98000,0.99948,0.00038,0.00014
72.61000,0.98000,0.99954,0.00032,0.00013
72.81000,0.98000,0.99912,0.00064,0.00023
73.01000,0.98000,0.99426,0.00499,0.00075
73.21000,0.98000,0.99953,0.00026,0.00021
73.41000,0.98000,0.99939,0.00040,0.00021
73.61000,0.98000,0.99935,0.00046,0.00018
73.81000,0.98000,0.99931,0.00050,0.00019
74.01000,0.98000,0.99953,0.00035,0.00013
74.21000,0.98000,0.99849,0.00102,0.00050
74.41000,0.98000,0.98623,0.00785,0.00591
74.61000,0.98000,0.99491,0.00289,0.00220
74.81000,0.98000,0.99826,0.00130,0.00044
75.01000,0.98000,0.95967,0.02074,0.01959
75.21000,0.98000,0.87927,0.08456,0.03616
75.41000,0.98000,0.97487,0.01338,0.01174
75.61000,0.98000,0.82703,0.13025,0.04271
75.81000,0.98000,0.91139,0.01846,0.07014
76.01000,0.98000,0.88590,0.07990,0.03420
76.21000,0.98000,0.99812,0.00107,0.00082
76.41000,0.98000,0.99905,0.00070,0.00026
76.61000,0.98000,0.99680,0.00246,0.00074
76.81000,0.98000,0.98215,0.01641,0.00144
77.01000,0.98000,0.89143,0.10693,0.00164
77.21000,0.98000,0.97173,0.01203,0.01624
77.41000,0.98000,0.95027,0.02791,0.02182
77.61000,0.98000,0.96822,0.01525,0.01654
77.81000,0.98000,0.30909,0.50809,0.18281
78.01000,0.98000,0.49300,0.44508,0.06192
78.21000,0.98000,0.68859,0.28970,0.02170
78.41000,0.98000,0.80551,0.08786,0.10663
78.61000,0.98000,0.65097,0.14273,0.20630
78.81000,0.98000,0.99288,0.00108,0.00604
79.01000,0.98000,0.93674,0.00632,0.05694
79.21000,0.98000,0.63854,0.03004,0.33141
79.41000,0.98000,0.98225,0.01092,0.00683
79.61000,0.98000,0.99072,0.00646,0.00282
79.81000,0.98000,0.92564,0.02195,0.05241
80.01000,0.98000,0.73703,0.04761,0.21535
80.21000,0.98000,0.69006,0.21091,0.09903
80.41000,0.98000,0.39173,0.31369,0.29458
80.61000,0.98000,0.31959,0.63045,0.04995
80.81000,0.98000,0.83779,0.11304,0.04917
81.01000,0.98000,0.76297,0.15991,0.07712
81.21000,0.98000,0.99515,0.00301,0.00184
81.41000,0.98000,0.88505,0.10110,0.01385
81.61000,0.98000,0.96987,0.01578,0.01435
81.81000,0.98000,0.78609,0.17295,0.04096
82.01000,0.98000,0.81486,0.17597,0.00917
82.21000,0.98000,0.71113,0.27904,0.00983
82.41000,0.98000,0.75888,0.23643,0.00469
82.61000,0.98000,0.98339,0.01479,0.00182
82.81000,0.98000,0.99852,0.00108,0.00040
83.01000,0.98000,0.99953,0.00033,0.00014
83.21000,0.98000,0.99921,0.00057,0.00023
83.41000,0.98000,0.99684,0.00261,0.00055
83.61000,0.98000,0.93964,0.05783,0.00253
83.81000,0.98000,0.98147,0.01705,0.00148
84.01000,0.98000,0.99710,0.00244,0.00045
84.21000,0.98000,0.98071,0.01544,0.00385
84.41000,0.98000,0.99186,0.00386,0.00427
84.61000,0.98000,0.99896,0.00058,0.00046
84.81000,0.98000,0.99194,0.00637,0.00169
85.01000,0.98000,0.99191,0.00627,0.00181
85.21000,0.98000,0.99870,0.00075,0.00055
85.41000,0.98000,0.98800,0.00976,0.00224
85.61000,0.98000,0.99825,0.00093,0.00082
85.81000,0.98000,0.99931,0.00050,0.00019
86.01000,0.98000,0.99905,0.00066,0.00029
86.21000,0.98000,0.99934,0.00045,0.00021
86.41000,0.98000,0.99944,0.00037,0.00019
86.61000,0.98000,0.99947,0.00035,0.00018
86.81000,0.98000,0.99955,0.00030,0.00016
87.01000,0.98000,0.99947,0.00036,0.00017
87.21000,0.98000,0.99940,0.00039,0.00021
87.41000,0.98000,0.99958,0.00027,0.00015
87.61000,0.98000,0.99951,0.00034,0.00015
87.81000,0.98000,0.99921,0.00056,0.00024
88.01000,0.98000,0.99552,0.00351,0.00097
88.21000,0.98000,0.99878,0.00067,0.00055
88.41000,0.98000,0.97603,0.02247,0.00151
88.61000,0.98000,0.99188,0.00618,0.00193
88.81000,0.98000,0.99744,0.00208,0.00048
89.01000,0.98000,0.99902,0.00074,0.00025
89.21000,0.98000,0.99837,0.00129,0.00034
89.41000,0.98000,0.99896,0.00067,0.00036
89.61000,0.98000,0.99855,0.00087,0.00059
89.81000,0.98000,0.99929,0.00035,0.00036
90.01000,0.98000,0.99936,0.00043,0.00021
90.21000,0.98000,0.99901,0.00066,0.00033
90.41000,0.98000,0.99932,0.00049,0.00020
90.61000,0.98000,0.99905,0.00067,0.00028
90.81000,0.98000,0.99944,0.00035,0.00021
91.01000,0.98000,0.99885,0.00082,0.00033
91.21000,0.98000,0.99902,0.00068,0.00030
91.41000,0.98000,0.99940,0.00040,0.00020
91.61000,0.98000,0.99892,0.00079,0.00029
91.81000,0.98000,0.99900,0.00073,0.00027
92.01000,0.98000,0.99957,0.00031,0.00012
92.21000,0.98000,0.99944,0.00042,0.00014
92.41000,0.98000,0.99942,0.00043,0.00015
92.61000,0.98000,0.99928,0.00050,0.00022
92.81000,0.98000,0.99551,0.00387,0.00062
93.01000,0.98000,0.99914,0.00059,0.00027
93.21000,0.98000,0.99954,0.00035,0.00010
93.41000,0.98000,0.99928,0.00054,0.00017
93.61000,0.98000,0.99934,0.00051,0.00015
93.81000,0.98000,0.99957,0.00031,0.00012
94.01000,0.98000,0.99925,0.00053,0.00022
94.21000,0.98000,0.99960,0.00026,0.00014
94.41000,0.98000,0.99954,0.00031,0.00015
94.61000,0.98000,0.99947,0.00037,0.00016
94.81000,0.98000,0.99942,0.00043,0.00015
95.01000,0.98000,0.99957,0.00031,0.00012
95.21000,0.98000,0.99957,0.00032,0.00011
95.41000,0.98000,0.99958,0.00031,0.00011
95.61000,0.98000,0.99958,0.00031,0.00011
95.81000,0.98000,0.99952,0.00035,0.00013
96.01000,0.98000,0.99955,0.00033,0.00013
96.21000,0.98000,0.99934,0.00046,0.00020
96.41000,0.98000,0.99927,0.00051,0.00022
96.61000,0.98000,0.99950,0.00036,0.00014
96.81000,0.98000,0.99831,0.00133,0.00036
97.01000,0.98000,0.99713,0.00233,0.00054
97.21000,0.98000,0.99925,0.00050,0.00024
97.41000,0.98000,0.99872,0.00088,0.00040
97.61000,0.98000,0.99884,0.00086,0.00029
97.81000,0.98000,0.99925,0.00056,0.00020
98.01000,0.98000,0.99922,0.00057,0.00021
98.21000,0.98000,0.99923,0.00056,0.00021
98.41000,0.98000,0.99740,0.00092,0.00168
98.61000,0.98000,0.88619,0.10375,0.01006
98.81000,0.98000,0.97606,0.01431,0.00963
99.01000,0.98000,0.99791,0.00182,0.00027
99.21000,0.98000,0.94918,0.04351,0.00731
99.41000,0.98000,0.99448,0.00431,0.00121
99.61000,0.98000,0.99945,0.00038,0.00017
99.81000,0.98000,0.99952,0.00033,0.00015
100.01000,0.98000,0.99954,0.00032,0.00014
100.21000,0.98000,0.99947,0.00038,0.00015
100.41000,0.98000,0.99945,0.00039,0.00016
100.61000,0.98000,0.99958,0.00030,0.00011
100.81000,0.98000,0.99952,0.00035,0.00013
101.01000,0.98000,0.99947,0.00038,0.00014
101.21000,0.98000,0.99956,0.00031,0.00013
101.41000,0.98000,0.99947,0.00038,0.00015
101.61000,0.98000,0.99769,0.00176,0.00055
101.81000,0.98000,0.99946,0.00031,0.00023
102.01000,0.98000,0.99868,0.00101,0.00031
102.21000,0.98000,0.99883,0.00079,0.00038
102.41000,0.98000,0.99913,0.00065,0.00022
102.61000,0.98000,0.99774,0.00193,0.00033
102.81000,0.98000,0.99093,0.00836,0.00071
103.01000,0.98000,0.99902,0.00080,0.00018
103.21000,0.98000,0.99774,0.00184,0.00041
103.41000,0.98000,0.99886,0.00086,0.00029
103.61000,0.98000,0.99434,0.00499,0.00066
103.81000,0.98000,0.99911,0.00055,0.00033
104.01000,0.98000,0.99932,0.00052,0.00015
104.21000,0.98000,0.99936,0.00047,0.00018
104.41000,0.98000,0.99914,0.00063,0.00023
104.61000,0.98000,0.99954,0.00033,0.00013
104.81000,0.98000,0.99961,0.00028,0.00011
105.01000,0.98000,0.99939,0.00043,0.00018
105.21000,0.98000,0.99952,0.00030,0.00018
105.41000,0.98000,0.97568,0.01902,0.00531
105.61000,0.98000,0.99677,0.00194,0.00129
105.81000,0.98000,0.99769,0.00187,0.00043
106.01000,0.98000,0.98714,0.00683,0.00604
106.21000,0.98000,0.99065,0.00512,0.00423
106.41000,0.98000,0.98860,0.00494,0.00646
106.61000,0.98000,0.99070,0.00304,0.00626
106.81000,0.98000,0.99694,0.00147,0.00159
107.01000,0.98000,0.99887,0.00065,0.00049
107.21000,0.98000,0.99142,0.00593,0.00265
107.41000,0.98000,0.99246,0.00236,0.00518
107.61000,0.98000,0.99735,0.00085,0.00179
107.81000,0.98000,0.99798,0.00069,0.00133
108.01000,0.98000,0.99712,0.00133,0.00155
108.21000,0.98000,0.99843,0.00083,0.00074
108.41000,0.98000,0.99826,0.00094,0.00080
108.61000,0.98000,0.99863,0.00059,0.00079
108.81000,0.98000,0.99187,0.00385,0.00428
109.01000,0.98000,0.98870,0.00407,0.00723
109.21000,0.98000,0.97992,0.00724,0.01284
109.41000,0.98000,0.96370,0.01003,0.02627
109.61000,0.98000,0.67293,0.10651,0.22056
109.81000,0.98000,0.74735,0.09185,0.16080
110.01000,0.98000,0.55864,0.25328,0.18809
110.21000,0.98000,0.42381,0.32346,0.25273
110.41000,0.98000,0.79154,0.05851,0.14994
110.61000,0.98000,0.97224,0.01831,0.00946
110.81000,0.98000,0.96545,0.01621,0.01834
111.01000,0.98000,0.99465,0.00225,0.00310
111.21000,0.98000,0.99819,0.00069,0.00112
111.41000,0.98000,0.99816,0.00086,0.00099
111.61000,0.98000,0.99865,0.00094,0.00041
111.81000,0.98000,0.99945,0.00041,0.00014
112.01000,0.98000,0.99944,0.00042,0.00014
112.21000,0.98000,0.99951,0.00035,0.00014
112.41000,0.98000,0.99941,0.00039,0.00020
112.61000,0.98000,0.99950,0.00030,0.00020
112.81000,0.98000,0.99951,0.00033,0.00015
113.01000,0.98000,0.99944,0.00040,0.00016
113.21000,0.98000,0.99946,0.00040,0.00014
113.41000,0.98000,0.99961,0.00029,0.00011
113.61000,0.98000,0.99959,0.00031,0.00011
113.81000,0.98000,0.99934,0.00049,0.00017
114.01000,0.98000,0.99956,0.00031,0.00013
114.21000,0.98000,0.99963,0.00026,0.00011
114.41000,0.98000,0.99918,0.00059,0.00023
114.61000,0.98000,0.99611,0.00280,0.00109
114.81000,0.98000,0.99484,0.00246,0.00270
115.01000,0.98000,0.97510,0.01912,0.00579
115.21000,0.98000,0.99372,0.00290,0.00338
115.41000,0.98000,0.99727,0.00206,0.00067
115.61000,0.98000,0.99908,0.00063,0.00028
115.81000,0.98000,0.99825,0.00139,0.00035
116.01000,0.98000,0.99909,0.00059,0.00032
116.21000,0.98000,0.99938,0.00035,0.00027
116.41000,0.98000,0.99876,0.00080,0.00044
116.61000,0.98000,0.99925,0.00040,0.00035
116.81000,0.98000,0.99951,0.00030,0.00018
117.01000,0.98000,0.99915,0.00059,0.00026
117.21000,0.98000,0.99768,0.00177,0.00056
117.41000,0.98000,0.99955,0.00028,0.00018
117.61000,0.98000,0.99886,0.00079,0.00035
117.81000,0.98000,0.99101,0.00341,0.00558
118.01000,0.98000,0.99340,0.00041,0.00619
118.21000,0.98000,0.97848,0.00445,0.01707
118.41000,0.98000,0.93512,0.00304,0.06185
118.61000,0.98000,0.98285,0.00303,0.01412
118.81000,0.98000,0.99833,0.00093,0.00074
119.01000,0.98000,0.99800,0.00130,0.00069
119.21000,0.98000,0.99940,0.00036,0.00024
119.41000,0.98000,0.99934,0.00038,0.00028
119.61000,0.98000,0.99937,0.00036,0.00027
119.81000,0.98000,0.99933,0.00043,0.00024
120.01000,0.98000,0.99951,0.00033,0.00015
120.21000,0.98000,0.99953,0.00034,0.00012
120.41000,0.98000,0.99920,0.00059,0.00020
120.61000,0.98000,0.99950,0.00034,0.00016
120.81000,0.98000,0.99962,0.00025,0.00012
121.01000,0.98000,0.99955,0.00033,0.00013
121.21000,0.98000,0.99949,0.00038,0.00013
121.41000,0.98000,0.99881,0.00090,0.00030
121.61000,0.98000,0.99953,0.00029,0.00018
121.81000,0.98000,0.97242,0.02142,0.00616
122.01000,0.98000,0.99428,0.00099,0.00474
122.21000,0.98000,0.89506,0.07131,0.03363
122.41000,0.98000,0.55079,0.29310,0.15611
122.61000,0.98000,0.22381,0.65426,0.12193
122.81000,0.98000,0.20595,0.75743,0.03663
123.01000,0.98000,0.06962,0.92518,0.00520
123.21000,0.98000,0.06623,0.92944,0.00433
123.41000,0.98000,0.05663,0.94086,0.00251
123.61000,0.98000,0.05096,0.94687,0.00217
123.81000,0.98000,0.11495,0.88131,0.00374
124.01000,0.98000,0.68515,0.30871,0.00615
124.21000,0.98000,0.92458,0.06545,0.00997
124.41000,0.98000,0.96579,0.02894,0.00526
124.61000,0.98000,0.99341,0.00407,0.00252
124.81000,0.98000,0.99910,0.00054,0.00035
125.01000,0.98000,0.99926,0.00054,0.00020
125.21000,0.98000,0.99882,0.00091,0.00028
125.41000,0.98000,0.99927,0.00056,0.00017
125.61000,0.98000,0.99946,0.00038,0.00016
125.81000,0.98000,0.99966,0.00024,0.00010
126.01000,0.98000,0.99948,0.00038,0.00014
126.21000,0.98000,0.99946,0.00039,0.00015
126.41000,0.98000,0.99958,0.00030,0.00012
126.61000,0.98000,0.99955,0.00032,0.00013
126.81000,0.98000,0.99951,0.00035,0.00014
127.01000,0.98000,0.99957,0.00031,0.00013
127.21000,0.98000,0.99963,0.00027,0.00010
127.41000,0.98000,0.99910,0.00066,0.00024
127.61000,0.98000,0.98757,0.00872,0.00371
127.81000,0.98000,0.98953,0.00765,0.00282
128.00999,0.98001,0.99417,0.00257,0.00326
128.21001,0.98000,0.82698,0.01887,0.15414
128.41000,0.98000,0.99033,0.00257,0.00711
128.61000,0.98000,0.98936,0.00651,0.00413
128.81000,0.98000,0.99676,0.00158,0.00166
129.00999,0.98001,0.98112,0.01137,0.00751
129.21001,0.98000,0.91881,0.06904,0.01215
129.41000,0.98000,0.71577,0.25972,0.02451
129.61000,0.98000,0.44768,0.51079,0.04153
129.81000,0.98000,0.91855,0.06133,0.02012
130.00999,0.98001,0.97203,0.02601,0.00196
130.21001,0.98000,0.97974,0.01820,0.00206
130.41000,0.98000,0.99853,0.00116,0.00031
130.61000,0.98000,0.99940,0.00044,0.00017
130.81000,0.98000,0.99929,0.00052,0.00019
131.00999,0.98001,0.99942,0.00041,0.00017
131.21001,0.98000,0.99950,0.00036,0.00014
131.41000,0.98000,0.99946,0.00040,0.00014
131.61000,0.98000,0.99945,0.00041,0.00015
131.81000,0.98000,0.99940,0.00044,0.00016
132.00999,0.98001,0.99955,0.00033,0.00012
132.21001,0.98000,0.99948,0.00039,0.00013
132.41000,0.98000,0.99955,0.00033,0.00012
132.61000,0.98000,0.99950,0.00036,0.00014
132.81000,0.98000,0.99956,0.00031,0.00013
133.00999,0.98001,0.99938,0.00044,0.00018
133.21001,0.98000,0.99939,0.00043,0.00018
133.41000,0.98000,0.99520,0.00420,0.00060
133.61000,0.98000,0.99752,0.00190,0.00058
133.81000,0.98000,0.99883,0.00096,0.00022
134.00999,0.98001,0.99937,0.00050,0.00014
134.21001,0.98000,0.99911,0.00072,0.00016
134.41000,0.98000,0.99936,0.00048,0.00015
134.61000,0.98000,0.99963,0.00027,0.00010
134.81000,0.98000,0.99957,0.00031,0.00012
135.00999,0.98001,0.99956,0.00031,0.00012
135.21001,0.98000,0.99954,0.00032,0.00014
135.41000,0.98000,0.99960,0.00027,0.00013
135.61000,0.98000,0.99815,0.00100,0.00085
135.81000,0.98000,0.99906,0.00046,0.00048
136.00999,0.98001,0.99945,0.00034,0.00021
136.21001,0.98000,0.98819,0.00509,0.00672
136.41000,0.98000,0.99443,0.00130,0.00427
136.61000,0.98000,0.99903,0.00028,0.00069
136.81000,0.98000,0.99470,0.00210,0.00320
137.00999,0.98001,0.99784,0.00099,0.00117
137.21001,0.98000,0.95859,0.01263,0.02879
137.41000,0.98000,0.99513,0.00064,0.00423
137.61000,0.98000,0.99668,0.00143,0.00189
137.81000,0.98000,0.99277,0.00210,0.00513
138.00999,0.98001,0.99684,0.00176,0.00141
138.21001,0.98000,0.99795,0.00135,0.00070
138.41000,0.98000,0.99570,0.00255,0.00174
138.61000,0.98000,0.99638,0.00237,0.00126
138.81000,0.98000,0.99756,0.00111,0.00133
139.00999,0.98001,0.99859,0.00083,0.00058
139.21001,0.98000,0.99896,0.00070,0.00034
139.41000,0.98000,0.99900,0.00075,0.00025
139.61000,0.98000,0.99947,0.00038,0.00016
139.81000,0.98000,0.99944,0.00041,0.00015
140.00999,0.98001,0.99939,0.00045,0.00016
140.21001,0.98000,0.99883,0.00091,0.00025
140.41000,0.98000,0.99925,0.00049,0.00026
140.61000,0.98000,0.99942,0.00038,0.00020
140.81000,0.98000,0.99931,0.00049,0.00020
141.00999,0.98001,0.99933,0.00050,0.00017
141.21001,0.98000,0.99941,0.00043,0.00016
141.41000,0.98000,0.99917,0.00063,0.00020
141.61000,0.98000,0.99551,0.00392,0.00057
141.81000,0.98000,0.98860,0.01030,0.00110
142.00999,0.98001,0.99737,0.00214,0.00049
142.21001,0.98000,0.99872,0.00099,0.00029
142.41000,0.98000,0.99734,0.00206,0.00059
142.61000,0.98000,0.99015,0.00761,0.00224
142.81000,0.98000,0.77412,0.21963,0.00625
143.00999,0.98001,0.30393,0.69226,0.00380
143.21001,0.98000,0.14954,0.84791,0.00255
143.41000,0.98000,0.07160,0.92577,0.00263
143.61000,0.98000,0.05900,0.93934,0.00166
143.81000,0.98000,0.24556,0.74097,0.01347
144.00999,0.98001,0.74750,0.23369,0.01881
144.21001,0.98000,0.30934,0.66665,0.02401
144.41000,0.98000,0.10978,0.87993,0.01029
144.61000,0.98000,0.08316,0.91364,0.00320
144.81000,0.98000,0.03387,0.95992,0.00621
145.00999,0.98001,0.02169,0.97622,0.00209
145.21001,0.98000,0.04308,0.95459,0.00233
145.41000,0.98000,0.04446,0.95309,0.00245
145.61000,0.98000,0.04280,0.95438,0.00282
145.81000,0.98000,0.05147,0.94588,0.00265
146.00999,0.98001,0.05941,0.93786,0.00273
146.21001,0.98000,0.11038,0.88644,0.00319
146.41000,0.98000,0.51913,0.47588,0.00498
146.61000,0.98000,0.61182,0.38444,0.00374
146.81000,0.98000,0.96624,0.03246,0.00130
147.00999,0.98001,0.99865,0.00101,0.00034
147.21001,0.98000,0.99920,0.00061,0.00019
147.41000,0.98000,0.99949,0.00036,0.00014
147.61000,0.98000,0.99963,0.00026,0.00011
147.81000,0.98000,0.99953,0.00035,0.00012
148.00999,0.98001,0.99952,0.00034,0.00014
148.21001,0.98000,0.99956,0.00031,0.00012
148.41000,0.98000,0.99959,0.00030,0.00012
148.61000,0.98000,0.99957,0.00032,0.00011
148.81000,0.98000,0.99957,0.00032,0.00011
149.00999,0.98001,0.99959,0.00030,0.00011
149.21001,0.98000,0.99955,0.00032,0.00012
149.41000,0.98000,0.99629,0.00314,0.00058
149.61000,0.98000,0.99808,0.00129,0.00063
149.81000,0.98000,0.99880,0.00080,0.00040
150.00999,0.98001,0.98158,0.00944,0.00898
150.21001,0.98000,0.99021,0.00283,0.00697
150.41000,0.98000,0.99864,0.00068,0.00068
150.61000,0.98000,0.99784,0.00133,0.00083
150.81000,0.98000,0.99226,0.00559,0.00215
151.00999,0.98001,0.97881,0.00883,0.01236
151.21001,0.98000,0.99850,0.00038,0.00113
151.41000,0.98000,0.99838,0.00088,0.00073
151.61000,0.98000,0.98720,0.00395,0.00885
151.81000,0.98000,0.99702,0.00215,0.00083
152.00999,0.98001,0.99951,0.00036,0.00012
152.21001,0.98000,0.99539,0.00379,0.00083
152.41000,0.98000,0.99950,0.00027,0.00022
152.61000,0.98000,0.99953,0.00033,0.00014
152.81000,0.98000,0.99902,0.00068,0.00030
153.00999,0.98001,0.99845,0.00117,0.00038
153.21001,0.98000,0.99951,0.00033,0.00016
153.41000,0.98000,0.99943,0.00039,0.00019
153.61000,0.98000,0.99956,0.00030,0.00014
153.81000,0.98000,0.99939,0.00045,0.00015
154.00999,0.98001,0.99788,0.00174,0.00039
154.21001,0.98000,0.97092,0.02500,0.00408
154.41000,0.98000,0.83899,0.15080,0.01021
154.61000,0.98000,0.56158,0.42613,0.01230
154.81000,0.98000,0.26590,0.72088,0.01322
155.00999,0.98001,0.10334,0.88143,0.01523
155.21001,0.98000,0.09529,0.89841,0.00630
155.41000,0.98000,0.12635,0.86498,0.00866
155.61000,0.98000,0.14015,0.84506,0.01480
155.81000,0.98000,0.14618,0.82239,0.03143
156.00999,0.98001,0.14359,0.81731,0.03910
156.21001,0.98000,0.28955,0.68751,0.02295
156.41000,0.98000,0.78621,0.20798,0.00581
156.61000,0.98000,0.87987,0.10787,0.01226
156.81000,0.98000,0.96743,0.02538,0.00719
157.00999,0.98001,0.99860,0.00104,0.00035
157.21001,0.98000,0.98210,0.01711,0.00079
157.41000,0.98000,0.93410,0.06356,0.00233
157.61000,0.98000,0.86886,0.12400,0.00714
157.81000,0.98000,0.57797,0.40514,0.01689
158.00999,0.98001,0.22751,0.73351,0.03898
158.21001,0.98000,0.21791,0.76399,0.01809
158.41000,0.98000,0.89469,0.09425,0.01106
158.61000,0.98000,0.88245,0.11051,0.00704
158.81000,0.98000,0.98612,0.01122,0.00266
159.00999,0.98001,0.99889,0.00078,0.00032
159.21001,0.98000,0.99945,0.00040,0.00015
159.41000,0.98000,0.99941,0.00043,0.00016
159.61000,0.98000,0.99946,0.00039,0.00015
159.81000,0.98000,0.99945,0.00039,0.00016
160.00999,0.98001,0.99945,0.00039,0.00016
160.21001,0.98000,0.99945,0.00039,0.00016
160.41000,0.98000,0.99947,0.00038,0.00015
160.61000,0.98000,0.99947,0.00038,0.00015
160.81000,0.98000,0.99947,0.00038,0.00015
161.00999,0.98001,0.99946,0.00038,0.00015
161.21001,0.98000,0.99947,0.00038,0.00015
161.41000,0.98000,0.99946,0.00038,0.00015
161.61000,0.98000,0.99947,0.00038,0.00016
161.81000,0.98000,0.99945,0.00039,0.00016
162.00999,0.98001,0.99943,0.00041,0.00017
162.21001,0.98000,0.99946,0.00038,0.00016
162.41000,0.98000,0.99947,0.00038,0.00015
162.61000,0.98000,0.99946,0.00039,0.00015
162.81000,0.98000,0.99947,0.00038,0.00015
163.00999,0.98001,0.99957,0.00031,0.00012
163.21001,0.98000,0.99955,0.00034,0.00011
163.41000,0.98000,0.99959,0.00031,0.00011
163.61000,0.98000,0.99895,0.00078,0.00027
163.81000,0.98000,0.99956,0.00029,0.00015
164.00999,0.98001,0.99949,0.00037,0.00014
164.21001,0.98000,0.99834,0.00129,0.00037
164.41000,0.98000,0.99847,0.00109,0.00044
164.61000,0.98000,0.99721,0.00174,0.00105
164.81000,0.98000,0.99733,0.00130,0.00136
165.00999,0.98001,0.99911,0.00047,0.00042
165.21001,0.98000,0.99842,0.00108,0.00049
165.41000,0.98000,0.99872,0.00089,0.00039
165.61000,0.98000,0.99922,0.00052,0.00025
165.81000,0.98000,0.99931,0.00048,0.00021
166.00999,0.98001,0.99931,0.00048,0.00020
166.21001,0.98000,0.99932,0.00047,0.00021
166.41000,0.98000,0.99935,0.00045,0.00020
166.61000,0.98000,0.99933,0.00047,0.00020
166.81000,0.98000,0.99941,0.00041,0.00018
167.00999,0.98001,0.99914,0.00062,0.00024
167.21001,0.98000,0.99884,0.00086,0.00030
167.41000,0.98000,0.99928,0.00048,0.00024
167.61000,0.98000,0.99924,0.00052,0.00023
167.81000,0.98000,0.99914,0.00060,0.00027
168.00999,0.98001,0.99914,0.00059,0.00027
168.21001,0.98000,0.99924,0.00052,0.00024
168.41000,0.98000,0.99909,0.00065,0.00027
168.61000,0.98000,0.99924,0.00052,0.00024
168.81000,0.98000,0.99937,0.00044,0.00019
169.00999,0.98001,0.99926,0.00051,0.00023
169.21001,0.98000,0.99912,0.00061,0.00027
169.41000,0.98000,0.99955,0.00029,0.00016
169.61000,0.98000,0.99956,0.00033,0.00011
169.81000,0.98000,0.99950,0.00037,0.00013
170.00999,0.98001,0.99946,0.00040,0.00014
170.21001,0.98000,0.99961,0.00028,0.00012
170.41000,0.98000,0.99953,0.00032,0.00015
170.61000,0.98000,0.99945,0.00036,0.00019
170.81000,0.98000,0.99944,0.00037,0.00020
171.00999,0.98001,0.99940,0.00040,0.00019
171.21001,0.98000,0.99937,0.00043,0.00019
171.41000,0.98000,0.99942,0.00040,0.00018
171.61000,0.98000,0.99935,0.00044,0.00021
171.81000,0.98000,0.99956,0.00030,0.00015
172.00999,0.98001,0.99908,0.00063,0.00029
172.21001,0.98000,0.99948,0.00033,0.00019
172.41000,0.98000,0.99958,0.00030,0.00012
172.61000,0.98000,0.99953,0.00034,0.00012
172.81000,0.98000,0.99902,0.00074,0.00024
173.00999,0.98001,0.99534,0.00395,0.00071
173.21001,0.98000,0.99915,0.00052,0.00033
173.41000,0.98000,0.99930,0.00054,0.00017
173.61000,0.98000,0.99895,0.00074,0.00031
173.81000,0.98000,0.99942,0.00040,0.00018
174.00999,0.98001,0.99953,0.00033,0.00014
174.21001,0.98000,0.99940,0.00043,0.00017
174.41000,0.98000,0.99952,0.00033,0.00014
174.61000,0.98000,0.99961,0.00028,0.00011
174.81000,0.98000,0.99944,0.00042,0.00014
175.00999,0.98001,0.99950,0.00036,0.00014
175.21001,0.98000,0.99955,0.00031,0.00014
175.41000,0.98000,0.99952,0.00033,0.00014
175.61000,0.98000,0.99904,0.00069,0.00027
175.81000,0.98000,0.99935,0.00041,0.00024
176.00999,0.98001,0.99951,0.00033,0.00016
176.21001,0.98000,0.99941,0.00041,0.00018
176.41000,0.98000,0.99943,0.00040,0.00017
176.61000,0.98000,0.99953,0.00033,0.00014
176.81000,0.98000,0.99947,0.00038,0.00015
177.00999,0.98001,0.99946,0.00038,0.00016
177.21001,0.98000,0.99946,0.00037,0.00017
177.41000,0.98000,0.99943,0.00039,0.00018
177.61000,0.98000,0.99924,0.00053,0.00023
177.81000,0.98000,0.99932,0.00046,0.00022
178.00999,0.98001,0.99944,0.00039,0.00018
178.21001,0.98000,0.99940,0.00043,0.00018
178.41000,0.98000,0.99939,0.00043,0.00018
178.61000,0.98000,0.99938,0.00044,0.00018
178.81000,0.98000,0.99938,0.00044,0.00019
179.00999,0.98001,0.99943,0.00039,0.00017
179.21001,0.98000,0.99941,0.00041,0.00018
179.41000,0.98000,0.99941,0.00041,0.00018
179.61000,0.98000,0.99940,0.00042,0.00018
179.81000,0.98000,0.99941,0.00041,0.00018
180.00999,0.98001,0.99944,0.00039,0.00017
180.21001,0.98000,0.99943,0.00040,0.00017
180.41000,0.98000,0.99929,0.00050,0.00021
180.61000,0.98000,0.99926,0.00051,0.00022
180.81000,0.98000,0.99950,0.00034,0.00017
181.00999,0.98001,0.99944,0.00039,0.00017
181.21001,0.98000,0.99941,0.00041,0.00018
181.41000,0.98000,0.99951,0.00035,0.00015
181.61000,0.98000,0.99945,0.00039,0.00016
181.81000,0.98000,0.99944,0.00040,0.00017
182.00999,0.98001,0.99943,0.00039,0.00018
182.21001,0.98000,0.99946,0.00037,0.00017
182.41000,0.98000,0.99946,0.00037,0.00016
182.61000,0.98000,0.99939,0.00043,0.00018
182.81000,0.98000,0.99902,0.00071,0.00027
183.00999,0.98001,0.99955,0.00029,0.00016
183.21001,0.98000,0.99946,0.00035,0.00019
183.41000,0.98000,0.99916,0.00056,0.00028
183.61000,0.98000,0.99936,0.00042,0.00022
183.81000,0.98000,0.99944,0.00038,0.00018
184.00999,0.98001,0.99936,0.00044,0.00020
184.21001,0.98000,0.99930,0.00049,0.00021
184.41000,0.98000,0.99936,0.00044,0.00021
184.61000,0.98000,0.99922,0.00054,0.00024
184.81000,0.98000,0.99930,0.00049,0.00021
185.00999,0.98001,0.99927,0.00052,0.00021
185.21001,0.98000,0.99870,0.00096,0.00034
185.41000,0.98000,0.98567,0.00851,0.00581
185.61000,0.98000,0.99643,0.00158,0.00198
185.81000,0.98000,0.99871,0.00069,0.00060
186.00999,0.98001,0.99662,0.00163,0.00175
186.21001,0.98000,0.99648,0.00253,0.00099
186.41000,0.98000,0.99942,0.00041,0.00017
186.61000,0.98000,0.99946,0.00040,0.00015
186.81000,0.98000,0.99950,0.00036,0.00014
187.00999,0.98001,0.99951,0.00035,0.00014
187.21001,0.98000,0.99949,0.00037,0.00015
187.41000,0.98000,0.99950,0.00035,0.00015
187.61000,0.98000,0.99946,0.00038,0.00016
187.81000,0.98000,0.99946,0.00038,0.00017
188.00999,0.98001,0.99951,0.00034,0.00014
188.21001,0.98000,0.99946,0.00038,0.00016
188.41000,0.98000,0.99945,0.00039,0.00016
188.61000,0.98000,0.99898,0.00073,0.00029
188.81000,0.98000,0.99918,0.00054,0.00028
189.00999,0.98001,0.99951,0.00034,0.00015
189.21001,0.98000,0.99935,0.00048,0.00018
189.41000,0.98000,0.99939,0.00044,0.00017
189.61000,0.98000,0.99896,0.00072,0.00032
189.81000,0.98000,0.99862,0.00077,0.00061
190.00999,0.98001,0.99394,0.00432,0.00173
190.21001,0.98000,0.99812,0.00078,0.00110
190.41000,0.98000,0.99823,0.00125,0.00052
190.61000,0.98000,0.99830,0.00110,0.00060
190.81000,0.98000,0.99904,0.00070,0.00026
191.00999,0.98001,0.99942,0.00044,0.00014
191.21001,0.98000,0.99949,0.00038,0.00013
191.41000,0.98000,0.99940,0.00043,0.00017
191.61000,0.98000,0.99956,0.00029,0.00015
191.81000,0.98000,0.99931,0.00050,0.00019
192.00999,0.98001,0.99955,0.00031,0.00015
192.21001,0.98000,0.99962,0.00027,0.00012
192.41000,0.98000,0.99950,0.00036,0.00014
192.61000,0.98000,0.99873,0.00096,0.00030
192.81000,0.98000,0.99509,0.00295,0.00195
193.00999,0.98001,0.99923,0.00037,0.00041
193.21001,0.98000,0.99902,0.00074,0.00025
193.41000,0.98000,0.99889,0.00074,0.00037
193.61000,0.98000,0.99907,0.00068,0.00025
193.81000,0.98000,0.99952,0.00034,0.00014
194.00999,0.98001,0.99946,0.00039,0.00015
194.21001,0.98000,0.99934,0.00047,0.00020
194.41000,0.98000,0.99938,0.00040,0.00022
194.61000,0.98000,0.99948,0.00034,0.00017
194.81000,0.98000,0.99940,0.00042,0.00019
195.00999,0.98001,0.99920,0.00057,0.00023
195.21001,0.98000,0.99951,0.00034,0.00015
195.41000,0.98000,0.99951,0.00035,0.00014
195.61000,0.98000,0.99944,0.00040,0.00016
195.81000,0.98000,0.99936,0.00046,0.00018
196.00999,0.98001,0.99949,0.00035,0.00016
196.21001,0.98000,0.99941,0.00041,0.00018
196.41000,0.98000,0.99926,0.00052,0.00022
196.61000,0.98000,0.99936,0.00042,0.00022
196.81000,0.98000,0.99924,0.00045,0.00032
197.00999,0.98001,0.99897,0.00062,0.00041
197.21001,0.98000,0.99853,0.00100,0.00047
197.41000,0.98000,0.99916,0.00054,0.00030
197.61000,0.98000,0.99937,0.00045,0.00017
197.81000,0.98000,0.99920,0.00060,0.00020
198.00999,0.98001,0.99925,0.00057,0.00018
198.21001,0.98000,0.99932,0.00048,0.00020
198.41000,0.98000,0.99940,0.00043,0.00017
198.61000,0.98000,0.99618,0.00341,0.00042
198.81000,0.98000,0.99926,0.00054,0.00020
199.00999,0.98001,0.99940,0.00048,0.00011
199.21001,0.98000,0.99916,0.00064,0.00020
199.41000,0.98000,0.99927,0.00057,0.00016
199.61000,0.98000,0.99829,0.00120,0.00050
199.81000,0.98000,0.99918,0.00044,0.00038
200.00999,0.98001,0.99758,0.00167,0.00075
200.21001,0.98000,0.99879,0.00061,0.00060
200.41000,0.98000,0.99785,0.00111,0.00104
200.61000,0.98000,0.99734,0.00120,0.00146
200.81000,0.98000,0.99884,0.00055,0.00062
201.00999,0.98001,0.99892,0.00063,0.00045
201.21001,0.98000,0.99912,0.00054,0.00035
201.41000,0.98000,0.99893,0.00068,0.00038
201.61000,0.98000,0.99835,0.00093,0.00071
201.81000,0.98000,0.99915,0.00043,0.00042
202.00999,0.98001,0.99893,0.00058,0.00049
202.21001,0.98000,0.99827,0.00082,0.00090
202.41000,0.98000,0.99883,0.00050,0.00067
202.61000,0.98000,0.99916,0.00038,0.00046
202.81000,0.98000,0.99924,0.00049,0.00026
203.00999,0.98001,0.99860,0.00099,0.00041
203.21001,0.98000,0.99954,0.00030,0.00016
203.41000,0.98000,0.99957,0.00030,0.00013
203.61000,0.98000,0.99955,0.00032,0.00013
203.81000,0.98000,0.99949,0.00034,0.00016
204.00999,0.98001,0.99875,0.00095,0.00029
204.21001,0.98000,0.99949,0.00035,0.00016
204.41000,0.98000,0.99963,0.00028,0.00009
204.61000,0.98000,0.99929,0.00054,0.00017
204.81000,0.98000,0.99909,0.00068,0.00023
205.00999,0.98001,0.99964,0.00024,0.00012
205.21001,0.98000,0.99948,0.00034,0.00018
205.41000,0.98000,0.99928,0.00046,0.00027
205.61000,0.98000,0.99929,0.00045,0.00026
205.81000,0.98000,0.99959,0.00027,0.00013
206.00999,0.98001,0.99958,0.00032,0.00010
206.21001,0.98000,0.99951,0.00038,0.00011
206.41000,0.98000,0.99963,0.00028,0.00009
206.61000,0.98000,0.99965,0.00026,0.00009
206.81000,0.98000,0.99965,0.00026,0.00008
207.00999,0.98001,0.99966,0.00026,0.00008
207.21001,0.98000,0.99963,0.00028,0.00009
207.41000,0.98000,0.99965,0.00026,0.00009
207.61000,0.98000,0.99961,0.00028,0.00010
207.81000,0.98000,0.99946,0.00039,0.00015
208.00999,0.98001,0.99928,0.00047,0.00024
208.21001,0.98000,0.99959,0.00024,0.00017
208.41000,0.98000,0.99948,0.00038,0.00014
208.61000,0.98000,0.99926,0.00054,0.00020
208.81000,0.98000,0.99954,0.00033,0.00014
209.00999,0.98001,0.99962,0.00027,0.00012
209.21001,0.98000,0.99961,0.00029,0.00010
209.41000,0.98000,0.99955,0.00034,0.00011
209.61000,0.98000,0.99953,0.00035,0.00012
209.81000,0.98000,0.99959,0.00029,0.00012
210.00999,0.98001,0.99964,0.00025,0.00011
210.21001,0.98000,0.99956,0.00032,0.00012
210.41000,0.98000,0.99957,0.00031,0.00012
210.61000,0.98000,0.99961,0.00028,0.00011
210.81000,0.98000,0.99961,0.00028,0.00010
211.00999,0.98001,0.99964,0.00027,0.00009
211.21001,0.98000,0.99960,0.00030,0.00010
211.41000,0.98000,0.99962,0.00028,0.00010
211.61000,0.98000,0.99966,0.00025,0.00009
211.81000,0.98000,0.99965,0.00026,0.00009
212.00999,0.98001,0.99961,0.00029,0.00010
212.21001,0.98000,0.99957,0.00031,0.00012
212.41000,0.98000,0.99954,0.00033,0.00013
212.61000,0.98000,0.99965,0.00025,0.00010
212.81000,0.98000,0.99966,0.00026,0.00008
213.00999,0.98001,0.99961,0.00030,0.00009
213.21001,0.98000,0.99962,0.00029,0.00009
213.41000,0.98000,0.99965,0.00026,0.00009
213.61000,0.98000,0.99965,0.00026,0.00009
213.81000,0.98000,0.99966,0.00025,0.00009
214.00999,0.98001,0.99963,0.00027,0.00010
214.21001,0.98000,0.99964,0.00026,0.00010
214.41000,0.98000,0.99965,0.00026,0.00009
214.61000,0.98000,0.99964,0.00026,0.00009
214.81000,0.98000,0.99960,0.00029,0.00011
215.00999,0.98001,0.99957,0.00030,0.00013
215.21001,0.98000,0.99963,0.00025,0.00012
215.41000,0.98000,0.99961,0.00027,0.00013
215.61000,0.98000,0.99958,0.00030,0.00012
215.81000,0.98000,0.99953,0.00033,0.00013
216.00999,0.98001,0.99961,0.00027,0.00011
216.21001,0.98000,0.99958,0.00030,0.00012
216.41000,0.98000,0.99951,0.00035,0.00014
216.61000,0.98000,0.99959,0.00029,0.00012
216.81000,0.98000,0.99953,0.00033,0.00014
217.00999,0.98001,0.99958,0.00030,0.00012
217.21001,0.98000,0.99956,0.00032,0.00013
217.41000,0.98000,0.99944,0.00039,0.00016
217.61000,0.98000,0.99944,0.00038,0.00017
217.81000,0.98000,0.99952,0.00032,0.00016
218.00999,0.98001,0.99950,0.00035,0.00016
218.21001,0.98000,0.99947,0.00037,0.00016
218.41000,0.98000,0.99948,0.00036,0.00016
218.61000,0.98000,0.99950,0.00034,0.00015
218.81000,0.98000,0.99944,0.00038,0.00018
219.00999,0.98001,0.99956,0.00029,0.00015
219.21001,0.98000,0.99922,0.00055,0.00023
219.41000,0.98000,0.99953,0.00031,0.00016
219.61000,0.98000,0.99956,0.00029,0.00016
219.81000,0.98000,0.99949,0.00034,0.00017
220.00999,0.98001,0.99942,0.00041,0.00018
220.21001,0.98000,0.99954,0.00031,0.00015
220.41000,0.98000,0.99950,0.00034,0.00016
220.61000,0.98000,0.99957,0.00030,0.00013
220.81000,0.98000,0.99951,0.00035,0.00015
221.00999,0.98001,0.99953,0.00033,0.00014
221.21001,0.98000,0.99953,0.00033,0.00014
221.41000,0.98000,0.99953,0.00033,0.00014
221.61000,0.98000,0.99952,0.00033,0.00015
221.81000,0.98000,0.99954,0.00032,0.00014
222.00999,0.98001,0.99951,0.00035,0.00014
222.21001,0.98000,0.99951,0.00034,0.00015
222.41000,0.98000,0.99947,0.00037,0.00016
222.61000,0.98000,0.99945,0.00037,0.00018
222.81000,0.98000,0.99958,0.00029,0.00013
223.00999,0.98001,0.99954,0.00032,0.00013
223.21001,0.98000,0.99941,0.00042,0.00018
223.41000,0.98000,0.99959,0.00028,0.00013
223.61000,0.98000,0.99956,0.00031,0.00014
223.81000,0.98000,0.99950,0.00034,0.00015
224.00999,0.98001,0.99953,0.00033,0.00014
224.21001,0.98000,0.99953,0.00032,0.00015
224.41000,0.98000,0.99951,0.00034,0.00015
224.61000,0.98000,0.99953,0.00032,0.00015
224.81000,0.98000,0.99950,0.00035,0.00015
225.00999,0.98001,0.99941,0.00041,0.00018
225.21001,0.98000,0.99929,0.00050,0.00021
225.41000,0.98000,0.99932,0.00047,0.00020
225.61000,0.98000,0.99717,0.00236,0.00047
225.81000,0.98000,0.97962,0.01811,0.00226
226.00999,0.98001,0.83927,0.15475,0.00597
226.21001,0.98000,0.97816,0.01784,0.00400
226.41000,0.98000,0.99288,0.00595,0.00117
226.61000,0.98000,0.99404,0.00427,0.00169
226.81000,0.98000,0.99875,0.00098,0.00027
227.00999,0.98001,0.99897,0.00078,0.00025
227.21001,0.98000,0.99918,0.00059,0.00024
227.41000,0.98000,0.99925,0.00047,0.00028
227.61000,0.98000,0.99950,0.00033,0.00017
227.81000,0.98000,0.99949,0.00038,0.00013
228.00999,0.98001,0.99934,0.00049,0.00017
228.21001,0.98000,0.99920,0.00057,0.00023
228.41000,0.98000,0.99944,0.00036,0.00020
228.61000,0.98000,0.99959,0.00027,0.00013
228.81000,0.98000,0.99951,0.00037,0.00013
229.00999,0.98001,0.99950,0.00038,0.00013
229.21001,0.98000,0.99956,0.00032,0.00012
229.41000,0.98000,0.99960,0.00029,0.00011
229.61000,0.98000,0.99961,0.00029,0.00011
229.81000,0.98000,0.99956,0.00032,0.00012
230.00999,0.98001,0.99957,0.00031,0.00012
230.21001,0.98000,0.99956,0.00031,0.00013
230.41000,0.98000,0.99958,0.00029,0.00013
230.61000,0.98000,0.99958,0.00030,0.00012
230.81000,0.98000,0.99909,0.00067,0.00024
231.00999,0.98001,0.99938,0.00041,0.00021
231.21001,0.98000,0.99962,0.00025,0.00013
231.41000,0.98000,0.99953,0.00034,0.00013
231.61000,0.98000,0.99948,0.00040,0.00013
231.81000,0.98000,0.99960,0.00030,0.00011
232.00999,0.98001,0.99960,0.00029,0.00011
232.21001,0.98000,0.99959,0.00030,0.00011
232.41000,0.98000,0.99962,0.00027,0.00011
232.61000,0.98000,0.99962,0.00028,0.00011
232.81000,0.98000,0.99961,0.00028,0.00010
