Time (seconds), Duration (seconds),pred_unlabelled,pred_circle,pred_shaking
0.01000,1.98000,0.99913,0.00086,0.00000
0.21000,1.98000,0.99890,0.00109,0.00001
0.41000,1.98000,0.99898,0.00100,0.00001
0.61000,1.98000,0.99845,0.00152,0.00003
0.81000,1.98000,0.99819,0.00178,0.00004
1.01000,1.98000,0.99883,0.00112,0.00005
1.21000,1.98000,0.99840,0.00156,0.00005
1.41000,1.98000,0.99839,0.00152,0.00008
1.61000,1.98000,0.99787,0.00205,0.00008
1.81000,1.98000,0.99875,0.00119,0.00006
2.01000,1.98000,0.99927,0.00072,0.00001
2.21000,1.98000,0.99935,0.00064,0.00001
2.41000,1.98000,0.99947,0.00052,0.00001
2.61000,1.98000,0.99947,0.00052,0.00000
2.81000,1.98000,0.99957,0.00043,0.00000
3.01000,1.98000,0.99959,0.00040,0.00000
3.21000,1.98000,0.99963,0.00036,0.00000
3.41000,1.98000,0.99959,0.00041,0.00000
3.61000,1.98000,0.99958,0.00042,0.00000
3.81000,1.98000,0.99958,0.00042,0.00000
4.01000,1.98000,0.99954,0.00046,0.00000
4.21000,1.98000,0.99954,0.00046,0.00000
4.41000,1.98000,0.99954,0.00046,0.00000
4.61000,1.98000,0.99947,0.00053,0.00000
4.81000,1.98000,0.99874,0.00125,0.00001
5.01000,1.98000,0.99760,0.00234,0.00007
5.21000,1.98000,0.99540,0.00423,0.00037
5.41000,1.98000,0.99064,0.00738,0.00198
5.61000,1.98000,0.96669,0.02571,0.00760
5.81000,1.98000,0.92844,0.04064,0.03092
6.01000,1.98000,0.79891,0.09942,0.10167
6.21000,1.98000,0.53183,0.21819,0.24998
6.41000,1.98000,0.23038,0.23642,0.53320
6.61000,1.98000,0.08565,0.04734,0.86701
6.81000,1.98000,0.04085,0.01543,0.94372
7.01000,1.98000,0.03639,0.00831,0.95531
7.21000,1.98000,0.05430,0.01322,0.93247
7.41000,1.98000,0.06925,0.01601,0.91474
7.61000,1.98000,0.04423,0.00470,0.95107
7.81000,1.98000,0.01847,0.00070,0.98082
8.01000,1.98000,0.01829,0.00023,0.98149
8.21000,1.98000,0.00659,0.00005,0.99336
8.41000,1.98000,0.01377,0.00010,0.98614
8.61000,1.98000,0.01077,0.00008,0.98916
8.81000,1.98000,0.00988,0.00003,0.99010
9.01000,1.98000,0.00402,0.00001,0.99596
9.21000,1.98000,0.00309,0.00001,0.99691
9.41000,1.98000,0.00288,0.00001,0.99711
9.61000,1.98000,0.00235,0.00001,0.99764
9.81000,1.98000,0.00248,0.00001,0.99750
10.01000,1.98000,0.00417,0.00001,0.99582
10.21000,1.98000,0.00634,0.00002,0.99363
10.41000,1.98000,0.00365,0.00003,0.99632
10.61000,1.98000,0.01034,0.00011,0.98954
10.81000,1.98000,0.01229,0.00021,0.98750
11.01000,1.98000,0.02158,0.00016,0.97826
11.21000,1.98000,0.01758,0.00012,0.98230
11.41000,1.98000,0.04321,0.00041,0.95638
11.61000,1.98000,0.03457,0.00021,0.96521
11.81000,1.98000,0.05308,0.00033,0.94658
12.01000,1.98000,0.06650,0.00096,0.93254
12.21000,1.98000,0.20281,0.00663,0.79055
12.41000,1.98000,0.13806,0.00030,0.86163
12.61000,1.98000,0.08904,0.00010,0.91086
12.81000,1.98000,0.13935,0.00056,0.86009
13.01000,1.98000,0.19124,0.00151,0.80725
13.21000,1.98000,0.17491,0.00091,0.82418
13.41000,1.98000,0.22922,0.00113,0.76965
13.61000,1.98000,0.21209,0.00060,0.78731
13.81000,1.98000,0.30330,0.00100,0.69569
14.01000,1.98000,0.34666,0.00011,0.65322
14.21000,1.98000,0.29221,0.00124,0.70656
14.41000,1.98000,0.16094,0.00016,0.83890
14.61000,1.98000,0.30372,0.00055,0.69573
14.81000,1.98000,0.21483,0.00054,0.78464
15.01000,1.98000,0.14701,0.00037,0.85262
15.21000,1.98000,0.11627,0.00100,0.88272
15.41000,1.98000,0.11333,0.00114,0.88553
15.61000,1.98000,0.05465,0.00005,0.94530
15.81000,1.98000,0.02748,0.00035,0.97217
16.01000,1.98000,0.02921,0.00014,0.97064
16.21000,1.98000,0.07054,0.00109,0.92836
16.41000,1.98000,0.04428,0.00068,0.95504
16.61000,1.98000,0.03259,0.00100,0.96640
16.81000,1.98000,0.07769,0.00259,0.91973
17.01000,1.98000,0.10654,0.00609,0.88737
17.21000,1.98000,0.38911,0.01162,0.59927
17.41000,1.98000,0.36625,0.10117,0.53258
17.61000,1.98000,0.38650,0.04013,0.57337
17.81000,1.98000,0.28815,0.06643,0.64543
18.01000,1.98000,0.20209,0.07907,0.71884
18.21000,1.98000,0.18520,0.03942,0.77538
18.41000,1.98000,0.41120,0.00535,0.58345
18.61000,1.98000,0.14943,0.00118,0.84939
18.81000,1.98000,0.07019,0.00093,0.92888
19.01000,1.98000,0.03839,0.00033,0.96127
19.21000,1.98000,0.04529,0.00032,0.95440
19.41000,1.98000,0.01879,0.00028,0.98093
19.61000,1.98000,0.00927,0.00021,0.99052
19.81000,1.98000,0.01498,0.00022,0.98479
20.01000,1.98000,0.02705,0.00020,0.97276
20.21000,1.98000,0.01083,0.00079,0.98838
20.41000,1.98000,0.00647,0.00205,0.99148
20.61000,1.98000,0.00897,0.00469,0.98634
20.81000,1.98000,0.00317,0.00107,0.99576
21.01000,1.98000,0.00238,0.00123,0.99639
21.21000,1.98000,0.00533,0.01160,0.98306
21.41000,1.98000,0.01494,0.05348,0.93158
21.61000,1.98000,0.01191,0.05696,0.93113
21.81000,1.98000,0.02866,0.03823,0.93311
22.01000,1.98000,0.00615,0.01226,0.98159
22.21000,1.98000,0.01974,0.00232,0.97794
22.41000,1.98000,0.05070,0.00071,0.94859
22.61000,1.98000,0.11206,0.00033,0.88761
22.81000,1.98000,0.04828,0.00012,0.95160
23.01000,1.98000,0.00702,0.00002,0.99296
23.21000,1.98000,0.03890,0.00002,0.96108
23.41000,1.98000,0.03737,0.00001,0.96262
23.61000,1.98000,0.01899,0.00003,0.98098
23.81000,1.98000,0.01190,0.00002,0.98809
24.01000,1.98000,0.05822,0.00047,0.94131
24.21000,1.98000,0.00901,0.00031,0.99068
24.41000,1.98000,0.01901,0.00075,0.98024
24.61000,1.98000,0.01037,0.00093,0.98869
24.81000,1.98000,0.04057,0.00222,0.95721
25.01000,1.98000,0.02013,0.00049,0.97938
25.21000,1.98000,0.02418,0.00023,0.97559
25.41000,1.98000,0.02684,0.00036,0.97280
25.61000,1.98000,0.02051,0.00003,0.97945
25.81000,1.98000,0.02691,0.00004,0.97305
26.01000,1.98000,0.01873,0.00001,0.98125
26.21000,1.98000,0.01468,0.00001,0.98531
26.41000,1.98000,0.00678,0.00002,0.99320
26.61000,1.98000,0.01000,0.00001,0.98998
26.81000,1.98000,0.01450,0.00002,0.98548
27.01000,1.98000,0.01607,0.00000,0.98393
27.21000,1.98000,0.00705,0.00000,0.99295
27.41000,1.98000,0.01244,0.00000,0.98755
27.61000,1.98000,0.01560,0.00000,0.98439
27.81000,1.98000,0.01684,0.00000,0.98316
28.01000,1.98000,0.01205,0.00001,0.98795
28.21000,1.98000,0.01612,0.00002,0.98385
28.41000,1.98000,0.02038,0.00002,0.97961
28.61000,1.98000,0.02779,0.00004,0.97216
28.81000,1.98000,0.00871,0.00021,0.99108
29.01000,1.98000,0.01153,0.00004,0.98843
29.21000,1.98000,0.00634,0.00002,0.99364
29.41000,1.98000,0.00878,0.00034,0.99087
29.61000,1.98000,0.00666,0.00023,0.99310
29.81000,1.98000,0.02779,0.00117,0.97103
30.01000,1.98000,0.04193,0.00111,0.95696
30.21000,1.98000,0.03608,0.00083,0.96309
30.41000,1.98000,0.02091,0.00018,0.97891
30.61000,1.98000,0.01645,0.00014,0.98340
30.81000,1.98000,0.10301,0.01217,0.88482
31.01000,1.98000,0.07844,0.03620,0.88536
31.21000,1.98000,0.12486,0.06663,0.80851
31.41000,1.98000,0.08114,0.26091,0.65795
31.61000,1.98000,0.02941,0.66351,0.30708
31.81000,1.98000,0.01988,0.90954,0.07058
32.01000,1.98000,0.01468,0.96130,0.02402
32.21000,1.98000,0.00754,0.98660,0.00585
32.41000,1.98000,0.00574,0.99136,0.00291
32.61000,1.98000,0.00236,0.99536,0.00228
32.81000,1.98000,0.00107,0.99800,0.00093
33.01000,1.98000,0.00115,0.99780,0.00105
33.21000,1.98000,0.00128,0.99830,0.00043
33.41000,1.98000,0.01298,0.98478,0.00224
33.61000,1.98000,0.01637,0.98110,0.00253
33.81000,1.98000,0.02974,0.96549,0.00477
34.01000,1.98000,0.01986,0.97670,0.00344
34.21000,1.98000,0.00308,0.99664,0.00028
34.41000,1.98000,0.00159,0.99836,0.00005
34.61000,1.98000,0.00175,0.99821,0.00005
34.81000,1.98000,0.00164,0.99834,0.00002
35.01000,1.98000,0.00197,0.99801,0.00002
35.21000,1.98000,0.00057,0.99941,0.00001
35.41000,1.98000,0.00032,0.99966,0.00001
35.61000,1.98000,0.00017,0.99982,0.00001
35.81000,1.98000,0.00022,0.99977,0.00001
36.01000,1.98000,0.00093,0.99901,0.00007
36.21000,1.98000,0.00056,0.99936,0.00008
36.41000,1.98000,0.00038,0.99959,0.00004
36.61000,1.98000,0.00088,0.99901,0.00011
36.81000,1.98000,0.00052,0.99938,0.00010
37.01000,1.98000,0.00058,0.99923,0.00019
37.21000,1.98000,0.00128,0.99830,0.00042
37.41000,1.98000,0.00509,0.99292,0.00199
37.61000,1.98000,0.01953,0.97429,0.00619
