Time (seconds), Duration (seconds),pred_unlabelled,pred_anomaly
0.01000,0.48000,0.97448,0.02552
0.03000,0.48000,0.97795,0.02205
0.05000,0.48000,0.94265,0.05735
0.07000,0.48000,0.95802,0.04198
0.09000,0.48000,0.97244,0.02756
0.11000,0.48000,0.96665,0.03335
0.13000,0.48000,0.94805,0.05195
0.15000,0.48000,0.93211,0.06789
0.17000,0.48000,0.95739,0.04261
0.19000,0.48000,0.98650,0.01350
0.21000,0.48000,0.95510,0.04490
0.23000,0.48000,0.98322,0.01678
0.25000,0.48000,0.95483,0.04517
0.27000,0.48000,0.97699,0.02301
0.29000,0.48000,0.95336,0.04664
0.31000,0.48000,0.91154,0.08846
0.33000,0.48000,0.96162,0.03838
0.35000,0.48000,0.96453,0.03547
0.37000,0.48000,0.91517,0.08483
0.39000,0.48000,0.91126,0.08874
0.41000,0.48000,0.89590,0.10410
0.43000,0.48000,0.91886,0.08114
0.45000,0.48000,0.95860,0.04140
0.47000,0.48000,0.90289,0.09711
0.49000,0.48000,0.96625,0.03375
0.51000,0.48000,0.93442,0.06558
0.53000,0.48000,0.95101,0.04899
0.55000,0.48000,0.94741,0.05259
0.57000,0.48000,0.89187,0.10813
0.59000,0.48000,0.97391,0.02609
0.61000,0.48000,0.97878,0.02122
0.63000,0.48000,0.96124,0.03876
0.65000,0.48000,0.95153,0.04847
0.67000,0.48000,0.95709,0.04291
0.69000,0.48000,0.93106,0.06894
0.71000,0.48000,0.97533,0.02467
0.73000,0.48000,0.89466,0.10534
0.75000,0.48000,0.97366,0.02634
0.77000,0.48000,0.90962,0.09038
0.79000,0.48000,0.95998,0.04002
0.81000,0.48000,0.89428,0.10572
0.83000,0.48000,0.92976,0.07024
0.85000,0.48000,0.94655,0.05345
0.87000,0.48000,0.98451,0.01549
0.89000,0.48000,0.96412,0.03588
0.91000,0.48000,0.96798,0.03202
0.93000,0.48000,0.96326,0.03674
0.95000,0.48000,0.96860,0.03140
0.97000,0.48000,0.97221,0.02779
0.99000,0.48000,0.96970,0.03030
1.01000,0.48000,0.96657,0.03343
1.03000,0.48000,0.96479,0.03521
1.05000,0.48000,0.95901,0.04099
1.07000,0.48000,0.96851,0.03149
1.09000,0.48000,0.93213,0.06787
1.11000,0.48000,0.97811,0.02189
1.13000,0.48000,0.98706,0.01294
1.15000,0.48000,0.97554,0.02446
1.17000,0.48000,0.97739,0.02261
1.19000,0.48000,0.96945,0.03055
1.21000,0.48000,0.97542,0.02458
1.23000,0.48000,0.98645,0.01355
1.25000,0.48000,0.96138,0.03862
1.27000,0.48000,0.98513,0.01487
1.29000,0.48000,0.97928,0.02072
1.31000,0.48000,0.97956,0.02044
1.33000,0.48000,0.97778,0.02222
1.35000,0.48000,0.95035,0.04965
1.37000,0.48000,0.96945,0.03055
1.39000,0.48000,0.97804,0.02196
1.41000,0.48000,0.98152,0.01848
1.43000,0.48000,0.96731,0.03269
1.45000,0.48000,0.97852,0.02148
1.47000,0.48000,0.97616,0.02384
1.49000,0.48000,0.97808,0.02192
1.51000,0.48000,0.95176,0.04824
1.53000,0.48000,0.98431,0.01569
1.55000,0.48000,0.97992,0.02008
1.57000,0.48000,0.98875,0.01125
1.59000,0.48000,0.96203,0.03797
1.61000,0.48000,0.95511,0.04489
1.63000,0.48000,0.97236,0.02764
1.65000,0.48000,0.98266,0.01734
1.67000,0.48000,0.96617,0.03383
1.69000,0.48000,0.98762,0.01238
1.71000,0.48000,0.98272,0.01728
1.73000,0.48000,0.99264,0.00736
1.75000,0.48000,0.96042,0.03958
1.77000,0.48000,0.98823,0.01177
1.79000,0.48000,0.98258,0.01742
1.81000,0.48000,0.99387,0.00613
1.83000,0.48000,0.99214,0.00786
1.85000,0.48000,0.99181,0.00819
1.87000,0.48000,0.99188,0.00812
1.89000,0.48000,0.99084,0.00916
1.91000,0.48000,0.99077,0.00923
1.93000,0.48000,0.98983,0.01017
1.95000,0.48000,0.98711,0.01289
1.97000,0.48000,0.96559,0.03441
1.99000,0.48000,0.94586,0.05414
2.01000,0.48000,0.85385,0.14615
2.03000,0.48000,0.85118,0.14882
2.05000,0.48000,0.81071,0.18929
2.07000,0.48000,0.81893,0.18107
2.09000,0.48000,0.86171,0.13829
2.11000,0.48000,0.69331,0.30669
2.13000,0.48000,0.81338,0.18662
2.15000,0.48000,0.68915,0.31085
2.17000,0.48000,0.90482,0.09518
2.19000,0.48000,0.81393,0.18607
2.21000,0.48000,0.93158,0.06842
2.23000,0.48000,0.86959,0.13041
2.25000,0.48000,0.81490,0.18510
2.27000,0.48000,0.87350,0.12650
2.29000,0.48000,0.78671,0.21329
2.31000,0.48000,0.83228,0.16772
2.33000,0.48000,0.81011,0.18989
2.35000,0.48000,0.68754,0.31246
2.37000,0.48000,0.74027,0.25973
2.39000,0.48000,0.65180,0.34820
2.41000,0.48000,0.76558,0.23442
2.43000,0.48000,0.74463,0.25537
2.45000,0.48000,0.92393,0.07607
2.47000,0.48000,0.93423,0.06577
2.49000,0.48000,0.96513,0.03487
2.51000,0.48000,0.90094,0.09906
2.53000,0.48000,0.97201,0.02799
2.55000,0.48000,0.98219,0.01781
2.57000,0.48000,0.98912,0.01088
2.59000,0.48000,0.97940,0.02060
2.61000,0.48000,0.98729,0.01271
2.63000,0.48000,0.98270,0.01730
2.65000,0.48000,0.98436,0.01564
2.67000,0.48000,0.96622,0.03378
2.69000,0.48000,0.98643,0.01357
2.71000,0.48000,0.97537,0.02463
2.73000,0.48000,0.97695,0.02305
2.75000,0.48000,0.97732,0.02268
2.77000,0.48000,0.97120,0.02880
2.79000,0.48000,0.98806,0.01194
2.81000,0.48000,0.98491,0.01509
2.83000,0.48000,0.98804,0.01196
2.85000,0.48000,0.98946,0.01054
2.87000,0.48000,0.98061,0.01939
2.89000,0.48000,0.99162,0.00838
2.91000,0.48000,0.99442,0.00558
2.93000,0.48000,0.99356,0.00644
2.95000,0.48000,0.99028,0.00972
2.97000,0.48000,0.99219,0.00781
2.99000,0.48000,0.98804,0.01196
3.01000,0.48000,0.99051,0.00949
3.03000,0.48000,0.98142,0.01858
3.05000,0.48000,0.99442,0.00558
3.07000,0.48000,0.99010,0.00990
3.09000,0.48000,0.98761,0.01239
3.11000,0.48000,0.98914,0.01086
3.13000,0.48000,0.97165,0.02835
3.15000,0.48000,0.98688,0.01312
3.17000,0.48000,0.98407,0.01593
3.19000,0.48000,0.98667,0.01333
3.21000,0.48000,0.98506,0.01494
3.23000,0.48000,0.97740,0.02260
3.25000,0.48000,0.98430,0.01570
3.27000,0.48000,0.98629,0.01371
3.29000,0.48000,0.99212,0.00788
3.31000,0.48000,0.98809,0.01191
3.33000,0.48000,0.98000,0.02000
3.35000,0.48000,0.98510,0.01490
3.37000,0.48000,0.98598,0.01402
3.39000,0.48000,0.98199,0.01801
3.41000,0.48000,0.98249,0.01751
3.43000,0.48000,0.97257,0.02743
3.45000,0.48000,0.98119,0.01881
3.47000,0.48000,0.97625,0.02375
3.49000,0.48000,0.95335,0.04665
3.51000,0.48000,0.96868,0.03132
3.53000,0.48000,0.97172,0.02828
3.55000,0.48000,0.97766,0.02234
3.57000,0.48000,0.97082,0.02918
3.59000,0.48000,0.96728,0.03272
3.61000,0.48000,0.97645,0.02355
3.63000,0.48000,0.98289,0.01711
3.65000,0.48000,0.98831,0.01169
3.67000,0.48000,0.98612,0.01388
3.69000,0.48000,0.96543,0.03457
3.71000,0.48000,0.98607,0.01393
3.73000,0.48000,0.97482,0.02518
3.75000,0.48000,0.97716,0.02284
3.77000,0.48000,0.97073,0.02927
3.79000,0.48000,0.96784,0.03216
3.81000,0.48000,0.96420,0.03580
3.83000,0.48000,0.96757,0.03243
3.85000,0.48000,0.96661,0.03339
3.87000,0.48000,0.97661,0.02339
3.89000,0.48000,0.97046,0.02954
3.91000,0.48000,0.98800,0.01200
3.93000,0.48000,0.98154,0.01846
3.95000,0.48000,0.97108,0.02892
3.97000,0.48000,0.98298,0.01702
3.99000,0.48000,0.99042,0.00958
4.01000,0.48000,0.98922,0.01078
4.03000,0.48000,0.98787,0.01213
4.05000,0.48000,0.98225,0.01775
4.07000,0.48000,0.97701,0.02299
4.09000,0.48000,0.97341,0.02659
4.11000,0.48000,0.97116,0.02884
4.13000,0.48000,0.98840,0.01160
4.15000,0.48000,0.97726,0.02274
4.17000,0.48000,0.98892,0.01108
4.19000,0.48000,0.98134,0.01866
4.21000,0.48000,0.98602,0.01398
4.23000,0.48000,0.98699,0.01301
4.25000,0.48000,0.99362,0.00638
4.27000,0.48000,0.99262,0.00738
4.29000,0.48000,0.99211,0.00789
4.31000,0.48000,0.98647,0.01353
4.33000,0.48000,0.98660,0.01340
4.35000,0.48000,0.99383,0.00617
4.37000,0.48000,0.99257,0.00743
4.39000,0.48000,0.99350,0.00650
4.41000,0.48000,0.99168,0.00832
4.43000,0.48000,0.99400,0.00600
4.45000,0.48000,0.98401,0.01599
4.47000,0.48000,0.98972,0.01028
4.49000,0.48000,0.97388,0.02612
4.51000,0.48000,0.99057,0.00943
4.53000,0.48000,0.98326,0.01674
4.55000,0.48000,0.98820,0.01180
4.57000,0.48000,0.98231,0.01769
4.59000,0.48000,0.97791,0.02209
4.61000,0.48000,0.98815,0.01185
4.63000,0.48000,0.98941,0.01059
4.65000,0.48000,0.99319,0.00681
4.67000,0.48000,0.98875,0.01125
4.69000,0.48000,0.98756,0.01244
4.71000,0.48000,0.98635,0.01365
4.73000,0.48000,0.99056,0.00944
4.75000,0.48000,0.98278,0.01722
4.77000,0.48000,0.98717,0.01283
4.79000,0.48000,0.97105,0.02895
4.81000,0.48000,0.98777,0.01223
4.83000,0.48000,0.97768,0.02232
4.85000,0.48000,0.97073,0.02927
4.87000,0.48000,0.98074,0.01926
4.89000,0.48000,0.98047,0.01953
4.91000,0.48000,0.98265,0.01735
4.93000,0.48000,0.97582,0.02418
4.95000,0.48000,0.93657,0.06343
4.97000,0.48000,0.97122,0.02878
4.99000,0.48000,0.98692,0.01308
5.01000,0.48000,0.99075,0.00925
5.03000,0.48000,0.97760,0.02240
5.05000,0.48000,0.96876,0.03124
5.07000,0.48000,0.89802,0.10198
5.09000,0.48000,0.49965,0.50035
5.11000,0.48000,0.67581,0.32419
5.13000,0.48000,0.53483,0.46517
5.15000,0.48000,0.55723,0.44277
5.17000,0.48000,0.53413,0.46587
5.19000,0.48000,0.26722,0.73278
5.21000,0.48000,0.49635,0.50365
5.23000,0.48000,0.28254,0.71746
5.25000,0.48000,0.42936,0.57064
5.27000,0.48000,0.33424,0.66576
5.29000,0.48000,0.35205,0.64795
5.31000,0.48000,0.63605,0.36395
5.33000,0.48000,0.30986,0.69014
5.35000,0.48000,0.37247,0.62753
5.37000,0.48000,0.16651,0.83349
5.39000,0.48000,0.25239,0.74761
5.41000,0.48000,0.04369,0.95631
5.43000,0.48000,0.03408,0.96592
5.45000,0.48000,0.02567,0.97433
5.47000,0.48000,0.02600,0.97400
5.49000,0.48000,0.00914,0.99086
5.51000,0.48000,0.01909,0.98091
5.53000,0.48000,0.00994,0.99006
5.55000,0.48000,0.01546,0.98454
5.57000,0.48000,0.00459,0.99541
5.59000,0.48000,0.01190,0.98810
5.61000,0.48000,0.01089,0.98911
5.63000,0.48000,0.01275,0.98725
5.65000,0.48000,0.02305,0.97695
5.67000,0.48000,0.01448,0.98552
5.69000,0.48000,0.01524,0.98476
5.71000,0.48000,0.01050,0.98950
5.73000,0.48000,0.01242,0.98758
5.75000,0.48000,0.00654,0.99346
5.77000,0.48000,0.00343,0.99657
5.79000,0.48000,0.00263,0.99737
5.81000,0.48000,0.00418,0.99582
5.83000,0.48000,0.00450,0.99550
5.85000,0.48000,0.00402,0.99598
5.87000,0.48000,0.00805,0.99195
5.89000,0.48000,0.00235,0.99765
5.91000,0.48000,0.00434,0.99566
5.93000,0.48000,0.00133,0.99867
5.95000,0.48000,0.00137,0.99863
5.97000,0.48000,0.00071,0.99929
5.99000,0.48000,0.00086,0.99914
6.01000,0.48000,0.00022,0.99978
6.03000,0.48000,0.00063,0.99937
6.05000,0.48000,0.00055,0.99945
6.07000,0.48000,0.00145,0.99855
6.09000,0.48000,0.00054,0.99946
6.11000,0.48000,0.00204,0.99796
6.13000,0.48000,0.00046,0.99954
6.15000,0.48000,0.00133,0.99867
6.17000,0.48000,0.00031,0.99969
6.19000,0.48000,0.00099,0.99901
6.21000,0.48000,0.00029,0.99971
6.23000,0.48000,0.00071,0.99929
6.25000,0.48000,0.00017,0.99983
6.27000,0.48000,0.00040,0.99960
6.29000,0.48000,0.00024,0.99976
6.31000,0.48000,0.00023,0.99977
6.33000,0.48000,0.00011,0.99989
6.35000,0.48000,0.00027,0.99973
6.37000,0.48000,0.00039,0.99961
6.39000,0.48000,0.00023,0.99977
6.41000,0.48000,0.00039,0.99961
6.43000,0.48000,0.00044,0.99956
6.45000,0.48000,0.00096,0.99904
6.47000,0.48000,0.00091,0.99909
6.49000,0.48000,0.00123,0.99877
6.51000,0.48000,0.00095,0.99905
6.53000,0.48000,0.00187,0.99813
6.55000,0.48000,0.00194,0.99806
6.57000,0.48000,0.00119,0.99881
6.59000,0.48000,0.00223,0.99777
6.61000,0.48000,0.00173,0.99827
6.63000,0.48000,0.00130,0.99870
6.65000,0.48000,0.00417,0.99583
6.67000,0.48000,0.00263,0.99737
6.69000,0.48000,0.00274,0.99726
6.71000,0.48000,0.00313,0.99687
6.73000,0.48000,0.00508,0.99492
6.75000,0.48000,0.00164,0.99836
6.77000,0.48000,0.00595,0.99405
6.79000,0.48000,0.00692,0.99308
6.81000,0.48000,0.00717,0.99283
6.83000,0.48000,0.00872,0.99128
6.85000,0.48000,0.03312,0.96688
6.87000,0.48000,0.03988,0.96012
6.89000,0.48000,0.09654,0.90346
6.91000,0.48000,0.01510,0.98490
6.93000,0.48000,0.02164,0.97836
6.95000,0.48000,0.02369,0.97631
6.97000,0.48000,0.02347,0.97653
6.99000,0.48000,0.02764,0.97236
7.01000,0.48000,0.01640,0.98360
7.03000,0.48000,0.06883,0.93117
7.05000,0.48000,0.08260,0.91740
7.07000,0.48000,0.05197,0.94803
7.09000,0.48000,0.03822,0.96178
7.11000,0.48000,0.02197,0.97803
7.13000,0.48000,0.04096,0.95904
7.15000,0.48000,0.01285,0.98715
7.17000,0.48000,0.01585,0.98415
7.19000,0.48000,0.14129,0.85871
7.21000,0.48000,0.10732,0.89268
7.23000,0.48000,0.11284,0.88716
7.25000,0.48000,0.06326,0.93674
7.27000,0.48000,0.03356,0.96644
7.29000,0.48000,0.07697,0.92303
7.31000,0.48000,0.02011,0.97989
7.33000,0.48000,0.05728,0.94272
7.35000,0.48000,0.01421,0.98579
7.37000,0.48000,0.05642,0.94358
7.39000,0.48000,0.01071,0.98929
7.41000,0.48000,0.02123,0.97877
7.43000,0.48000,0.01077,0.98923
7.45000,0.48000,0.02989,0.97011
7.47000,0.48000,0.00325,0.99675
7.49000,0.48000,0.00491,0.99509
7.51000,0.48000,0.00110,0.99890
7.53000,0.48000,0.00429,0.99571
7.55000,0.48000,0.00122,0.99878
7.57000,0.48000,0.00148,0.99852
7.59000,0.48000,0.00099,0.99901
7.61000,0.48000,0.00193,0.99807
7.63000,0.48000,0.00102,0.99898
7.65000,0.48000,0.00219,0.99781
7.67000,0.48000,0.00117,0.99883
7.69000,0.48000,0.00214,0.99787
7.71000,0.48000,0.00179,0.99821
7.73000,0.48000,0.00212,0.99788
7.75000,0.48000,0.00165,0.99835
7.77000,0.48000,0.00346,0.99654
7.79000,0.48000,0.00387,0.99613
7.81000,0.48000,0.01039,0.98961
7.83000,0.48000,0.01150,0.98850
7.85000,0.48000,0.00638,0.99362
7.87000,0.48000,0.00820,0.99180
7.89000,0.48000,0.00566,0.99434
7.91000,0.48000,0.00633,0.99367
7.93000,0.48000,0.00821,0.99179
7.95000,0.48000,0.00318,0.99682
7.97000,0.48000,0.00347,0.99653
7.99000,0.48000,0.00332,0.99668
8.01000,0.48000,0.00557,0.99443
8.03000,0.48000,0.01186,0.98813
8.05000,0.48000,0.00816,0.99184
8.07000,0.48000,0.00572,0.99428
8.09000,0.48000,0.00996,0.99004
8.11000,0.48000,0.01146,0.98854
8.13000,0.48000,0.00575,0.99425
8.15000,0.48000,0.00596,0.99404
8.17000,0.48000,0.00426,0.99574
8.19000,0.48000,0.02398,0.97602
8.21000,0.48000,0.01735,0.98265
8.23000,0.48000,0.00667,0.99333
8.25000,0.48000,0.01391,0.98609
8.27000,0.48000,0.00239,0.99761
8.29000,0.48000,0.00815,0.99185
8.31000,0.48000,0.00263,0.99737
8.33000,0.48000,0.00280,0.99720
8.35000,0.48000,0.00299,0.99701
8.37000,0.48000,0.00301,0.99699
8.39000,0.48000,0.00252,0.99748
8.41000,0.48000,0.00220,0.99780
8.43000,0.48000,0.00197,0.99803
8.45000,0.48000,0.00447,0.99553
8.47000,0.48000,0.00191,0.99809
8.49000,0.48000,0.00350,0.99650
8.51000,0.48000,0.00173,0.99827
8.53000,0.48000,0.00637,0.99363
8.55000,0.48000,0.00252,0.99748
8.57000,0.48000,0.00494,0.99506
8.59000,0.48000,0.00329,0.99671
8.61000,0.48000,0.00655,0.99345
8.63000,0.48000,0.00583,0.99417
8.65000,0.48000,0.00443,0.99557
8.67000,0.48000,0.00535,0.99465
8.69000,0.48000,0.00390,0.99610
8.71000,0.48000,0.00674,0.99326
8.73000,0.48000,0.00210,0.99790
8.75000,0.48000,0.00254,0.99746
8.77000,0.48000,0.00171,0.99829
8.79000,0.48000,0.00248,0.99752
8.81000,0.48000,0.00148,0.99852
8.83000,0.48000,0.00126,0.99874
8.85000,0.48000,0.00172,0.99828
8.87000,0.48000,0.00171,0.99829
8.89000,0.48000,0.00203,0.99797
8.91000,0.48000,0.00186,0.99814
8.93000,0.48000,0.00190,0.99810
8.95000,0.48000,0.00200,0.99800
8.97000,0.48000,0.00387,0.99613
8.99000,0.48000,0.00331,0.99669
9.01000,0.48000,0.00196,0.99804
9.03000,0.48000,0.00168,0.99832
9.05000,0.48000,0.00303,0.99697
9.07000,0.48000,0.00360,0.99640
9.09000,0.48000,0.00340,0.99660
9.11000,0.48000,0.00413,0.99587
9.13000,0.48000,0.00532,0.99468
9.15000,0.48000,0.00309,0.99691
9.17000,0.48000,0.00273,0.99727
9.19000,0.48000,0.00240,0.99760
9.21000,0.48000,0.00139,0.99861
9.23000,0.48000,0.00173,0.99827
9.25000,0.48000,0.00150,0.99850
9.27000,0.48000,0.00113,0.99887
9.29000,0.48000,0.00129,0.99871
9.31000,0.48000,0.00430,0.99570
9.33000,0.48000,0.00150,0.99850
9.35000,0.48000,0.00547,0.99453
9.37000,0.48000,0.00389,0.99611
9.39000,0.48000,0.00627,0.99373
9.41000,0.48000,0.00306,0.99694
9.43000,0.48000,0.00561,0.99439
9.45000,0.48000,0.00401,0.99599
9.47000,0.48000,0.00536,0.99464
9.49000,0.48000,0.00559,0.99441
9.51000,0.48000,0.00577,0.99423
9.53000,0.48000,0.00316,0.99684
9.55000,0.48000,0.00437,0.99563
9.57000,0.48000,0.00582,0.99418
9.59000,0.48000,0.00654,0.99346
9.61000,0.48000,0.00257,0.99743
9.63000,0.48000,0.02029,0.97971
9.65000,0.48000,0.00533,0.99467
9.67000,0.48000,0.04024,0.95976
9.69000,0.48000,0.03841,0.96159
9.71000,0.48000,0.09344,0.90656
9.73000,0.48000,0.02807,0.97193
9.75000,0.48000,0.02999,0.97001
9.77000,0.48000,0.01019,0.98981
9.79000,0.48000,0.00898,0.99102
9.81000,0.48000,0.00411,0.99589
9.83000,0.48000,0.00500,0.99500
9.85000,0.48000,0.00392,0.99608
9.87000,0.48000,0.00430,0.99570
9.89000,0.48000,0.00393,0.99607
9.91000,0.48000,0.00219,0.99781
9.93000,0.48000,0.00320,0.99680
9.95000,0.48000,0.00370,0.99630
9.97000,0.48000,0.00187,0.99813
9.99000,0.48000,0.00323,0.99677
10.01000,0.48000,0.00255,0.99745
10.03000,0.48000,0.00302,0.99698
10.05000,0.48000,0.00185,0.99815
10.07000,0.48000,0.00262,0.99738
10.09000,0.48000,0.00335,0.99665
10.11000,0.48000,0.00316,0.99684
10.13000,0.48000,0.00239,0.99761
10.15000,0.48000,0.00308,0.99692
10.17000,0.48000,0.00272,0.99728
10.19000,0.48000,0.00241,0.99759
10.21000,0.48000,0.00213,0.99787
10.23000,0.48000,0.00446,0.99554
10.25000,0.48000,0.00343,0.99657
10.27000,0.48000,0.00409,0.99591
10.29000,0.48000,0.00226,0.99774
10.31000,0.48000,0.00545,0.99455
10.33000,0.48000,0.00439,0.99561
10.35000,0.48000,0.00437,0.99563
10.37000,0.48000,0.00428,0.99572
10.39000,0.48000,0.00512,0.99488
10.41000,0.48000,0.00277,0.99723
10.43000,0.48000,0.00631,0.99369
10.45000,0.48000,0.00295,0.99705
10.47000,0.48000,0.00337,0.99663
10.49000,0.48000,0.00223,0.99777
10.51000,0.48000,0.00374,0.99626
10.53000,0.48000,0.00133,0.99867
10.55000,0.48000,0.00215,0.99785
10.57000,0.48000,0.00221,0.99779
10.59000,0.48000,0.00215,0.99785
10.61000,0.48000,0.00077,0.99923
10.63000,0.48000,0.00216,0.99784
10.65000,0.48000,0.00164,0.99836
10.67000,0.48000,0.00570,0.99430
10.69000,0.48000,0.00163,0.99837
10.71000,0.48000,0.00465,0.99535
10.73000,0.48000,0.00158,0.99842
10.75000,0.48000,0.00468,0.99532
10.77000,0.48000,0.00170,0.99830
10.79000,0.48000,0.00517,0.99483
10.81000,0.48000,0.00127,0.99873
10.83000,0.48000,0.00360,0.99640
10.85000,0.48000,0.00326,0.99674
10.87000,0.48000,0.00392,0.99608
10.89000,0.48000,0.00255,0.99745
10.91000,0.48000,0.00477,0.99523
10.93000,0.48000,0.00185,0.99815
10.95000,0.48000,0.00515,0.99485
10.97000,0.48000,0.00458,0.99542
10.99000,0.48000,0.00764,0.99236
11.01000,0.48000,0.00464,0.99536
11.03000,0.48000,0.01251,0.98749
11.05000,0.48000,0.00898,0.99102
11.07000,0.48000,0.00496,0.99504
11.09000,0.48000,0.00985,0.99015
11.11000,0.48000,0.00576,0.99424
11.13000,0.48000,0.00623,0.99377
11.15000,0.48000,0.00350,0.99650
11.17000,0.48000,0.00402,0.99598
11.19000,0.48000,0.00201,0.99799
11.21000,0.48000,0.00453,0.99547
11.23000,0.48000,0.00432,0.99568
11.25000,0.48000,0.00385,0.99615
11.27000,0.48000,0.00505,0.99495
11.29000,0.48000,0.00371,0.99629
11.31000,0.48000,0.00359,0.99641
11.33000,0.48000,0.00410,0.99590
11.35000,0.48000,0.00301,0.99699
11.37000,0.48000,0.00516,0.99484
11.39000,0.48000,0.00188,0.99812
11.41000,0.48000,0.00396,0.99604
11.43000,0.48000,0.00262,0.99738
11.45000,0.48000,0.00273,0.99727
11.47000,0.48000,0.00250,0.99750
11.49000,0.48000,0.00224,0.99776
11.51000,0.48000,0.00338,0.99662
11.53000,0.48000,0.00307,0.99693
11.55000,0.48000,0.00644,0.99356
11.57000,0.48000,0.00383,0.99617
11.59000,0.48000,0.00480,0.99520
11.61000,0.48000,0.00467,0.99533
11.63000,0.48000,0.00395,0.99605
11.65000,0.48000,0.00247,0.99753
11.67000,0.48000,0.00252,0.99748
11.69000,0.48000,0.00403,0.99597
11.71000,0.48000,0.00314,0.99686
11.73000,0.48000,0.00403,0.99597
11.75000,0.48000,0.00318,0.99682
11.77000,0.48000,0.00353,0.99647
11.79000,0.48000,0.00788,0.99212
11.81000,0.48000,0.00906,0.99094
11.83000,0.48000,0.00616,0.99384
11.85000,0.48000,0.00539,0.99461
11.87000,0.48000,0.00445,0.99555
11.89000,0.48000,0.00893,0.99107
11.91000,0.48000,0.00179,0.99821
11.93000,0.48000,0.00661,0.99339
11.95000,0.48000,0.00111,0.99889
11.97000,0.48000,0.00356,0.99644
11.99000,0.48000,0.00060,0.99940
12.01000,0.48000,0.00176,0.99824
12.03000,0.48000,0.00101,0.99899
12.05000,0.48000,0.00211,0.99789
12.07000,0.48000,0.00123,0.99877
12.09000,0.48000,0.00146,0.99854
12.11000,0.48000,0.00079,0.99921
12.13000,0.48000,0.00034,0.99966
12.15000,0.48000,0.00043,0.99957
12.17000,0.48000,0.00031,0.99969
12.19000,0.48000,0.00075,0.99925
12.21000,0.48000,0.00050,0.99950
12.23000,0.48000,0.00204,0.99796
12.25000,0.48000,0.00180,0.99820
12.27000,0.48000,0.00868,0.99132
12.29000,0.48000,0.00460,0.99540
12.31000,0.48000,0.03592,0.96408
12.33000,0.48000,0.04519,0.95481
12.35000,0.48000,0.05919,0.94081
12.37000,0.48000,0.12005,0.87995
12.39000,0.48000,0.14817,0.85183
12.41000,0.48000,0.16984,0.83016
12.43000,0.48000,0.43105,0.56895
12.45000,0.48000,0.17361,0.82639
12.47000,0.48000,0.48799,0.51201
12.49000,0.48000,0.67051,0.32949
12.51000,0.48000,0.46041,0.53959
12.53000,0.48000,0.61827,0.38173
12.55000,0.48000,0.60681,0.39319
12.57000,0.48000,0.86632,0.13368
12.59000,0.48000,0.79293,0.20707
12.61000,0.48000,0.76104,0.23896
12.63000,0.48000,0.98074,0.01926
12.65000,0.48000,0.97644,0.02356
12.67000,0.48000,0.96344,0.03656
12.69000,0.48000,0.95841,0.04159
12.71000,0.48000,0.95504,0.04496
12.73000,0.48000,0.97323,0.02677
12.75000,0.48000,0.86209,0.13791
12.77000,0.48000,0.93737,0.06263
12.79000,0.48000,0.77522,0.22478
12.81000,0.48000,0.92008,0.07992
12.83000,0.48000,0.80106,0.19894
12.85000,0.48000,0.88672,0.11328
12.87000,0.48000,0.82245,0.17755
12.89000,0.48000,0.96384,0.03616
12.91000,0.48000,0.74727,0.25273
12.93000,0.48000,0.85873,0.14127
12.95000,0.48000,0.83967,0.16033
12.97000,0.48000,0.89931,0.10069
12.99000,0.48000,0.85745,0.14255
13.01000,0.48000,0.89159,0.10841
13.03000,0.48000,0.85842,0.14158
13.05000,0.48000,0.92757,0.07243
13.07000,0.48000,0.80740,0.19260
13.09000,0.48000,0.73301,0.26699
13.11000,0.48000,0.87735,0.12265
13.13000,0.48000,0.91167,0.08833
13.15000,0.48000,0.86970,0.13030
13.17000,0.48000,0.96564,0.03436
13.19000,0.48000,0.81779,0.18221
13.21000,0.48000,0.95010,0.04990
13.23000,0.48000,0.79854,0.20146
13.25000,0.48000,0.84758,0.15242
13.27000,0.48000,0.87371,0.12629
13.29000,0.48000,0.90676,0.09324
13.31000,0.48000,0.89403,0.10597
13.33000,0.48000,0.81014,0.18986
13.35000,0.48000,0.94981,0.05019
13.37000,0.48000,0.94244,0.05756
13.39000,0.48000,0.94922,0.05078
13.41000,0.48000,0.93702,0.06298
13.43000,0.48000,0.95548,0.04452
13.45000,0.48000,0.98279,0.01721
13.47000,0.48000,0.94721,0.05279
13.49000,0.48000,0.97705,0.02295
13.51000,0.48000,0.98182,0.01818
13.53000,0.48000,0.93603,0.06397
13.55000,0.48000,0.98277,0.01723
13.57000,0.48000,0.91675,0.08325
13.59000,0.48000,0.98375,0.01625
13.61000,0.48000,0.94328,0.05672
13.63000,0.48000,0.98120,0.01880
13.65000,0.48000,0.94144,0.05856
13.67000,0.48000,0.97179,0.02821
13.69000,0.48000,0.98373,0.01627
13.71000,0.48000,0.96095,0.03905
13.73000,0.48000,0.99118,0.00882
13.75000,0.48000,0.98829,0.01171
13.77000,0.48000,0.98714,0.01286
13.79000,0.48000,0.99086,0.00914
13.81000,0.48000,0.99206,0.00794
13.83000,0.48000,0.99227,0.00773
13.85000,0.48000,0.99190,0.00810
13.87000,0.48000,0.99071,0.00929
13.89000,0.48000,0.98858,0.01142
13.91000,0.48000,0.98946,0.01054
13.93000,0.48000,0.98606,0.01394
13.95000,0.48000,0.93322,0.06678
13.97000,0.48000,0.97794,0.02206
13.99000,0.48000,0.92167,0.07833
14.01000,0.48000,0.96236,0.03764
14.03000,0.48000,0.96755,0.03245
14.05000,0.48000,0.96948,0.03052
14.07000,0.48000,0.98511,0.01489
14.09000,0.48000,0.98884,0.01116
14.11000,0.48000,0.98700,0.01300
14.13000,0.48000,0.98986,0.01014
14.15000,0.48000,0.99073,0.00927
14.17000,0.48000,0.98909,0.01091
14.19000,0.48000,0.98537,0.01463
14.21000,0.48000,0.98939,0.01061
14.23000,0.48000,0.98573,0.01427
14.25000,0.48000,0.97986,0.02014
14.27000,0.48000,0.98680,0.01320
14.29000,0.48000,0.98314,0.01686
14.31000,0.48000,0.98664,0.01336
14.33000,0.48000,0.98666,0.01334
14.35000,0.48000,0.97986,0.02014
14.37000,0.48000,0.96687,0.03313
14.39000,0.48000,0.96075,0.03925
14.41000,0.48000,0.95068,0.04932
14.43000,0.48000,0.98398,0.01602
14.45000,0.48000,0.98017,0.01983
14.47000,0.48000,0.98568,0.01432
14.49000,0.48000,0.99232,0.00768
14.51000,0.48000,0.99242,0.00758
14.53000,0.48000,0.98191,0.01809
14.55000,0.48000,0.98045,0.01955
14.57000,0.48000,0.97523,0.02477
14.59000,0.48000,0.99064,0.00936
14.61000,0.48000,0.97243,0.02757
14.63000,0.48000,0.98092,0.01908
14.65000,0.48000,0.97355,0.02645
14.67000,0.48000,0.98567,0.01433
14.69000,0.48000,0.96586,0.03414
14.71000,0.48000,0.98054,0.01946
14.73000,0.48000,0.97469,0.02531
14.75000,0.48000,0.98946,0.01054
14.77000,0.48000,0.96946,0.03054
14.79000,0.48000,0.98474,0.01526
14.81000,0.48000,0.97329,0.02671
14.83000,0.48000,0.98334,0.01666
14.85000,0.48000,0.98421,0.01579
14.87000,0.48000,0.98909,0.01091
14.89000,0.48000,0.80890,0.19110
14.91000,0.48000,0.97157,0.02843
14.93000,0.48000,0.96123,0.03877
14.95000,0.48000,0.89367,0.10633
14.97000,0.48000,0.92865,0.07135
14.99000,0.48000,0.92065,0.07935
15.01000,0.48000,0.95443,0.04557
15.03000,0.48000,0.92995,0.07005
15.05000,0.48000,0.92141,0.07859
15.07000,0.48000,0.82228,0.17772
15.09000,0.48000,0.77573,0.22427
15.11000,0.48000,0.72367,0.27633
15.13000,0.48000,0.57444,0.42556
15.15000,0.48000,0.85459,0.14541
15.17000,0.48000,0.73988,0.26012
15.19000,0.48000,0.72743,0.27257
15.21000,0.48000,0.62871,0.37129
15.23000,0.48000,0.35796,0.64204
15.25000,0.48000,0.32964,0.67036
15.27000,0.48000,0.18719,0.81281
15.29000,0.48000,0.00874,0.99126
15.31000,0.48000,0.00836,0.99164
15.33000,0.48000,0.00384,0.99616
15.35000,0.48000,0.00667,0.99333
15.37000,0.48000,0.00739,0.99261
15.39000,0.48000,0.00794,0.99206
15.41000,0.48000,0.00493,0.99507
15.43000,0.48000,0.01858,0.98142
15.45000,0.48000,0.00674,0.99326
15.47000,0.48000,0.00180,0.99820
15.49000,0.48000,0.00129,0.99871
15.51000,0.48000,0.00085,0.99915
15.53000,0.48000,0.00208,0.99792
15.55000,0.48000,0.00159,0.99841
15.57000,0.48000,0.00197,0.99803
15.59000,0.48000,0.00399,0.99601
15.61000,0.48000,0.02422,0.97578
15.63000,0.48000,0.00952,0.99048
15.65000,0.48000,0.01757,0.98243
15.67000,0.48000,0.01305,0.98695
15.69000,0.48000,0.00622,0.99378
15.71000,0.48000,0.00554,0.99446
15.73000,0.48000,0.00449,0.99551
15.75000,0.48000,0.00264,0.99736
15.77000,0.48000,0.00323,0.99677
15.79000,0.48000,0.00066,0.99934
15.81000,0.48000,0.00256,0.99744
15.83000,0.48000,0.00048,0.99952
15.85000,0.48000,0.00166,0.99834
15.87000,0.48000,0.00058,0.99942
15.89000,0.48000,0.00146,0.99854
15.91000,0.48000,0.00023,0.99977
15.93000,0.48000,0.00071,0.99929
15.95000,0.48000,0.00028,0.99972
15.97000,0.48000,0.00037,0.99963
15.99000,0.48000,0.00742,0.99258
16.01000,0.48000,0.00464,0.99536
16.03000,0.48000,0.00681,0.99319
16.05000,0.48000,0.00196,0.99804
16.07000,0.48000,0.00293,0.99707
16.09000,0.48000,0.00137,0.99863
16.11000,0.48000,0.00116,0.99884
16.13000,0.48000,0.00169,0.99831
16.15000,0.48000,0.00099,0.99901
16.17000,0.48000,0.00093,0.99907
16.19000,0.48000,0.00061,0.99939
16.21000,0.48000,0.00033,0.99967
16.23000,0.48000,0.00110,0.99890
16.25000,0.48000,0.00057,0.99943
16.27000,0.48000,0.00137,0.99863
16.29000,0.48000,0.00286,0.99714
16.31000,0.48000,0.00363,0.99637
16.33000,0.48000,0.00145,0.99855
16.35000,0.48000,0.00215,0.99785
16.37000,0.48000,0.00192,0.99808
16.39000,0.48000,0.00146,0.99854
16.41000,0.48000,0.00135,0.99865
16.43000,0.48000,0.00016,0.99984
16.45000,0.48000,0.00133,0.99867
16.47000,0.48000,0.00006,0.99994
16.49000,0.48000,0.00129,0.99871
16.51000,0.48000,0.00016,0.99984
16.53000,0.48000,0.00131,0.99869
16.55000,0.48000,0.00015,0.99985
16.57000,0.48000,0.00399,0.99601
16.59000,0.48000,0.00019,0.99981
16.61000,0.48000,0.00200,0.99800
16.63000,0.48000,0.00013,0.99987
16.65000,0.48000,0.00375,0.99625
16.67000,0.48000,0.00050,0.99950
16.69000,0.48000,0.00544,0.99456
16.71000,0.48000,0.00059,0.99941
16.73000,0.48000,0.00124,0.99876
16.75000,0.48000,0.00024,0.99976
16.77000,0.48000,0.00115,0.99885
16.79000,0.48000,0.00095,0.99905
16.81000,0.48000,0.00068,0.99932
16.83000,0.48000,0.00317,0.99683
16.85000,0.48000,0.00118,0.99882
16.87000,0.48000,0.00310,0.99690
16.89000,0.48000,0.00113,0.99887
16.91000,0.48000,0.00664,0.99336
16.93000,0.48000,0.00220,0.99780
16.95000,0.48000,0.00861,0.99139
16.97000,0.48000,0.00145,0.99855
16.99000,0.48000,0.00396,0.99604
17.01000,0.48000,0.00190,0.99810
17.03000,0.48000,0.00421,0.99579
17.05000,0.48000,0.00236,0.99764
17.07000,0.48000,0.00624,0.99376
17.09000,0.48000,0.00228,0.99772
17.11000,0.48000,0.00654,0.99346
17.13000,0.48000,0.00272,0.99728
17.15000,0.48000,0.00826,0.99174
17.17000,0.48000,0.00382,0.99618
17.19000,0.48000,0.00447,0.99553
17.21000,0.48000,0.00457,0.99543
17.23000,0.48000,0.00476,0.99524
17.25000,0.48000,0.00402,0.99598
17.27000,0.48000,0.00509,0.99491
17.29000,0.48000,0.00379,0.99621
17.31000,0.48000,0.00471,0.99529
17.33000,0.48000,0.00949,0.99051
17.35000,0.48000,0.00563,0.99437
17.37000,0.48000,0.00319,0.99681
17.39000,0.48000,0.00970,0.99030
17.41000,0.48000,0.00878,0.99122
17.43000,0.48000,0.00797,0.99203
17.45000,0.48000,0.00425,0.99575
17.47000,0.48000,0.00524,0.99476
17.49000,0.48000,0.00384,0.99616
17.51000,0.48000,0.00653,0.99347
17.53000,0.48000,0.00304,0.99696
17.55000,0.48000,0.01226,0.98774
17.57000,0.48000,0.00331,0.99669
17.59000,0.48000,0.00361,0.99639
17.61000,0.48000,0.00303,0.99697
17.63000,0.48000,0.00617,0.99383
17.65000,0.48000,0.00386,0.99614
17.67000,0.48000,0.00473,0.99527
17.69000,0.48000,0.00421,0.99579
17.71000,0.48000,0.00406,0.99594
17.73000,0.48000,0.00337,0.99663
17.75000,0.48000,0.00719,0.99281
17.77000,0.48000,0.00238,0.99762
17.79000,0.48000,0.00483,0.99517
17.81000,0.48000,0.00417,0.99583
17.83000,0.48000,0.00995,0.99005
17.85000,0.48000,0.00536,0.99464
17.87000,0.48000,0.02503,0.97497
17.89000,0.48000,0.00683,0.99317
17.91000,0.48000,0.03405,0.96595
17.93000,0.48000,0.00870,0.99130
17.95000,0.48000,0.01523,0.98477
17.97000,0.48000,0.00792,0.99208
17.99000,0.48000,0.01603,0.98397
18.01000,0.48000,0.01022,0.98978
18.03000,0.48000,0.00726,0.99274
18.05000,0.48000,0.00794,0.99206
18.07000,0.48000,0.04246,0.95754
18.09000,0.48000,0.01207,0.98793
18.11000,0.48000,0.09072,0.90928
18.13000,0.48000,0.06328,0.93672
18.15000,0.48000,0.17217,0.82783
18.17000,0.48000,0.08348,0.91652
18.19000,0.48000,0.05798,0.94202
18.21000,0.48000,0.02509,0.97491
18.23000,0.48000,0.10564,0.89436
18.25000,0.48000,0.14560,0.85440
18.27000,0.48000,0.04936,0.95064
18.29000,0.48000,0.20415,0.79585
18.31000,0.48000,0.02941,0.97059
18.33000,0.48000,0.10573,0.89427
18.35000,0.48000,0.02611,0.97389
18.37000,0.48000,0.04037,0.95963
18.39000,0.48000,0.06496,0.93504
18.41000,0.48000,0.12994,0.87006
18.43000,0.48000,0.08323,0.91677
18.45000,0.48000,0.15188,0.84812
18.47000,0.48000,0.01787,0.98213
18.49000,0.48000,0.05628,0.94372
18.51000,0.48000,0.05074,0.94926
18.53000,0.48000,0.04421,0.95579
18.55000,0.48000,0.02756,0.97244
18.57000,0.48000,0.07442,0.92558
18.59000,0.48000,0.05000,0.95000
18.61000,0.48000,0.01139,0.98861
18.63000,0.48000,0.04826,0.95174
18.65000,0.48000,0.01339,0.98661
18.67000,0.48000,0.06268,0.93732
18.69000,0.48000,0.02030,0.97970
18.71000,0.48000,0.04140,0.95860
18.73000,0.48000,0.02195,0.97805
18.75000,0.48000,0.02285,0.97715
18.77000,0.48000,0.01648,0.98352
18.79000,0.48000,0.01673,0.98327
18.81000,0.48000,0.00683,0.99317
18.83000,0.48000,0.02124,0.97876
18.85000,0.48000,0.00439,0.99561
18.87000,0.48000,0.00534,0.99466
18.89000,0.48000,0.00560,0.99440
18.91000,0.48000,0.00765,0.99235
18.93000,0.48000,0.00743,0.99257
18.95000,0.48000,0.00529,0.99471
18.97000,0.48000,0.00619,0.99381
18.99000,0.48000,0.00451,0.99549
19.01000,0.48000,0.00581,0.99419
19.03000,0.48000,0.00573,0.99427
19.05000,0.48000,0.01037,0.98963
19.07000,0.48000,0.00640,0.99360
19.09000,0.48000,0.01118,0.98882
19.11000,0.48000,0.00860,0.99140
19.13000,0.48000,0.01001,0.98999
19.15000,0.48000,0.00543,0.99457
19.17000,0.48000,0.01158,0.98842
19.19000,0.48000,0.01017,0.98983
19.21000,0.48000,0.00911,0.99089
19.23000,0.48000,0.00852,0.99148
19.25000,0.48000,0.00698,0.99302
19.27000,0.48000,0.00589,0.99411
19.29000,0.48000,0.00580,0.99420
19.31000,0.48000,0.00721,0.99279
19.33000,0.48000,0.00400,0.99600
19.35000,0.48000,0.00478,0.99522
19.37000,0.48000,0.00488,0.99512
19.39000,0.48000,0.00507,0.99493
19.41000,0.48000,0.00502,0.99498
19.43000,0.48000,0.00708,0.99292
19.45000,0.48000,0.00513,0.99487
19.47000,0.48000,0.01639,0.98361
19.49000,0.48000,0.00976,0.99024
19.51000,0.48000,0.01902,0.98098
19.53000,0.48000,0.00995,0.99005
19.55000,0.48000,0.02258,0.97742
19.57000,0.48000,0.01645,0.98355
19.59000,0.48000,0.02411,0.97589
19.61000,0.48000,0.01000,0.99000
19.63000,0.48000,0.01178,0.98822
19.65000,0.48000,0.01047,0.98953
19.67000,0.48000,0.02644,0.97356
19.69000,0.48000,0.00546,0.99454
19.71000,0.48000,0.01565,0.98435
19.73000,0.48000,0.00560,0.99440
19.75000,0.48000,0.01607,0.98393
19.77000,0.48000,0.00784,0.99216
19.79000,0.48000,0.01514,0.98486
19.81000,0.48000,0.00663,0.99337
19.83000,0.48000,0.01010,0.98990
19.85000,0.48000,0.00781,0.99219
19.87000,0.48000,0.01049,0.98951
19.89000,0.48000,0.00816,0.99184
19.91000,0.48000,0.00867,0.99133
19.93000,0.48000,0.00924,0.99076
19.95000,0.48000,0.00557,0.99443
19.97000,0.48000,0.00622,0.99378
19.99000,0.48000,0.00443,0.99557
20.01000,0.48000,0.00480,0.99520
20.03000,0.48000,0.00381,0.99619
20.05000,0.48000,0.00399,0.99601
20.07000,0.48000,0.00280,0.99720
20.09000,0.48000,0.00551,0.99449
20.11000,0.48000,0.00403,0.99597
20.13000,0.48000,0.00588,0.99412
20.15000,0.48000,0.00317,0.99683
20.17000,0.48000,0.00400,0.99600
20.19000,0.48000,0.00212,0.99788
20.21000,0.48000,0.00655,0.99345
20.23000,0.48000,0.00162,0.99838
20.25000,0.48000,0.00414,0.99586
20.27000,0.48000,0.00110,0.99890
20.29000,0.48000,0.00436,0.99564
20.31000,0.48000,0.00173,0.99827
20.33000,0.48000,0.00294,0.99706
20.35000,0.48000,0.00222,0.99778
20.37000,0.48000,0.00489,0.99511
20.39000,0.48000,0.00462,0.99538
20.41000,0.48000,0.00438,0.99562
20.43000,0.48000,0.00557,0.99443
20.45000,0.48000,0.00501,0.99499
20.47000,0.48000,0.00709,0.99291
20.49000,0.48000,0.00275,0.99725
20.51000,0.48000,0.00489,0.99511
20.53000,0.48000,0.00415,0.99585
20.55000,0.48000,0.00286,0.99714
20.57000,0.48000,0.00580,0.99420
20.59000,0.48000,0.00410,0.99590
20.61000,0.48000,0.00655,0.99345
20.63000,0.48000,0.00627,0.99373
20.65000,0.48000,0.00600,0.99401
20.67000,0.48000,0.01092,0.98908
20.69000,0.48000,0.00542,0.99458
20.71000,0.48000,0.00916,0.99084
20.73000,0.48000,0.00640,0.99360
20.75000,0.48000,0.00800,0.99200
20.77000,0.48000,0.01097,0.98903
20.79000,0.48000,0.00562,0.99438
20.81000,0.48000,0.00896,0.99104
20.83000,0.48000,0.00525,0.99475
20.85000,0.48000,0.01201,0.98799
20.87000,0.48000,0.00678,0.99322
20.89000,0.48000,0.00758,0.99242
20.91000,0.48000,0.00593,0.99407
20.93000,0.48000,0.00486,0.99514
20.95000,0.48000,0.00419,0.99581
20.97000,0.48000,0.00877,0.99123
20.99000,0.48000,0.00801,0.99199
21.01000,0.48000,0.00818,0.99182
21.03000,0.48000,0.01173,0.98827
21.05000,0.48000,0.00807,0.99193
21.07000,0.48000,0.00729,0.99271
21.09000,0.48000,0.00910,0.99090
21.11000,0.48000,0.00707,0.99293
21.13000,0.48000,0.01321,0.98679
21.15000,0.48000,0.00836,0.99164
21.17000,0.48000,0.01634,0.98366
21.19000,0.48000,0.01001,0.98999
21.21000,0.48000,0.00703,0.99297
21.23000,0.48000,0.00789,0.99211
21.25000,0.48000,0.00990,0.99010
21.27000,0.48000,0.00593,0.99407
21.29000,0.48000,0.01029,0.98971
21.31000,0.48000,0.00420,0.99580
21.33000,0.48000,0.00473,0.99527
21.35000,0.48000,0.00277,0.99723
21.37000,0.48000,0.00437,0.99563
21.39000,0.48000,0.00524,0.99476
21.41000,0.48000,0.00350,0.99650
21.43000,0.48000,0.00259,0.99741
21.45000,0.48000,0.00330,0.99670
21.47000,0.48000,0.00448,0.99552
21.49000,0.48000,0.00259,0.99741
21.51000,0.48000,0.00217,0.99783
21.53000,0.48000,0.00467,0.99533
21.55000,0.48000,0.00451,0.99549
21.57000,0.48000,0.00392,0.99608
21.59000,0.48000,0.00439,0.99561
21.61000,0.48000,0.00487,0.99513
21.63000,0.48000,0.00526,0.99474
21.65000,0.48000,0.00470,0.99530
21.67000,0.48000,0.01590,0.98410
21.69000,0.48000,0.00765,0.99235
21.71000,0.48000,0.02902,0.97098
21.73000,0.48000,0.01785,0.98215
21.75000,0.48000,0.02680,0.97320
21.77000,0.48000,0.03073,0.96927
21.79000,0.48000,0.01263,0.98737
21.81000,0.48000,0.01146,0.98854
21.83000,0.48000,0.01524,0.98476
21.85000,0.48000,0.00954,0.99046
21.87000,0.48000,0.00785,0.99215
21.89000,0.48000,0.01152,0.98848
21.91000,0.48000,0.01173,0.98827
21.93000,0.48000,0.00868,0.99132
21.95000,0.48000,0.00757,0.99243
21.97000,0.48000,0.00977,0.99023
21.99000,0.48000,0.00570,0.99430
22.01000,0.48000,0.00609,0.99391
22.03000,0.48000,0.00471,0.99529
22.05000,0.48000,0.00331,0.99669
22.07000,0.48000,0.00748,0.99252
22.09000,0.48000,0.02400,0.97600
22.11000,0.48000,0.02376,0.97624
22.13000,0.48000,0.01354,0.98646
22.15000,0.48000,0.10695,0.89305
22.17000,0.48000,0.04111,0.95889
22.19000,0.48000,0.19836,0.80164
22.21000,0.48000,0.10083,0.89917
22.23000,0.48000,0.13703,0.86297
22.25000,0.48000,0.21758,0.78242
22.27000,0.48000,0.22259,0.77741
22.29000,0.48000,0.15878,0.84122
22.31000,0.48000,0.14246,0.85754
22.33000,0.48000,0.09114,0.90886
22.35000,0.48000,0.13137,0.86863
22.37000,0.48000,0.06982,0.93018
22.39000,0.48000,0.16756,0.83244
22.41000,0.48000,0.37359,0.62641
22.43000,0.48000,0.47896,0.52104
22.45000,0.48000,0.94284,0.05716
22.47000,0.48000,0.75032,0.24968
22.49000,0.48000,0.97569,0.02431
22.51000,0.48000,0.83035,0.16965
22.53000,0.48000,0.92545,0.07455
22.55000,0.48000,0.60502,0.39498
22.57000,0.48000,0.65019,0.34981
22.59000,0.48000,0.29060,0.70940
22.61000,0.48000,0.21826,0.78174
22.63000,0.48000,0.37489,0.62511
22.65000,0.48000,0.18304,0.81696
22.67000,0.48000,0.15613,0.84387
22.69000,0.48000,0.11364,0.88636
22.71000,0.48000,0.26262,0.73738
22.73000,0.48000,0.07708,0.92292
22.75000,0.48000,0.28996,0.71004
22.77000,0.48000,0.06331,0.93669
22.79000,0.48000,0.20166,0.79834
22.81000,0.48000,0.03544,0.96456
22.83000,0.48000,0.07498,0.92502
22.85000,0.48000,0.02284,0.97716
22.87000,0.48000,0.04798,0.95202
22.89000,0.48000,0.01526,0.98474
22.91000,0.48000,0.03819,0.96181
22.93000,0.48000,0.01235,0.98765
22.95000,0.48000,0.00545,0.99455
22.97000,0.48000,0.00619,0.99381
22.99000,0.48000,0.00783,0.99217
23.01000,0.48000,0.00880,0.99120
23.03000,0.48000,0.02138,0.97862
23.05000,0.48000,0.02382,0.97618
23.07000,0.48000,0.03119,0.96881
23.09000,0.48000,0.04760,0.95240
23.11000,0.48000,0.02838,0.97162
23.13000,0.48000,0.04127,0.95873
23.15000,0.48000,0.00894,0.99106
23.17000,0.48000,0.01837,0.98163
23.19000,0.48000,0.01170,0.98830
23.21000,0.48000,0.00594,0.99406
23.23000,0.48000,0.00336,0.99664
23.25000,0.48000,0.00217,0.99783
23.27000,0.48000,0.00392,0.99608
23.29000,0.48000,0.00155,0.99845
23.31000,0.48000,0.00632,0.99368
23.33000,0.48000,0.00062,0.99938
23.35000,0.48000,0.00420,0.99580
23.37000,0.48000,0.00062,0.99938
23.39000,0.48000,0.00595,0.99405
23.41000,0.48000,0.00067,0.99933
23.43000,0.48000,0.00300,0.99700
23.45000,0.48000,0.00069,0.99931
23.47000,0.48000,0.00287,0.99713
23.49000,0.48000,0.00116,0.99884
23.51000,0.48000,0.00222,0.99778
23.53000,0.48000,0.00029,0.99971
23.55000,0.48000,0.00141,0.99859
23.57000,0.48000,0.00032,0.99968
23.59000,0.48000,0.00135,0.99865
23.61000,0.48000,0.00038,0.99962
23.63000,0.48000,0.00363,0.99637
23.65000,0.48000,0.00035,0.99965
23.67000,0.48000,0.00216,0.99784
23.69000,0.48000,0.00023,0.99977
23.71000,0.48000,0.00162,0.99838
23.73000,0.48000,0.00041,0.99959
23.75000,0.48000,0.00272,0.99728
23.77000,0.48000,0.00143,0.99857
23.79000,0.48000,0.00304,0.99696
23.81000,0.48000,0.00140,0.99860
23.83000,0.48000,0.00273,0.99727
23.85000,0.48000,0.00351,0.99649
23.87000,0.48000,0.00295,0.99705
23.89000,0.48000,0.00572,0.99428
23.91000,0.48000,0.00376,0.99624
23.93000,0.48000,0.00407,0.99593
23.95000,0.48000,0.00614,0.99386
23.97000,0.48000,0.00257,0.99743
23.99000,0.48000,0.00234,0.99766
24.01000,0.48000,0.00237,0.99763
24.03000,0.48000,0.00441,0.99559
24.05000,0.48000,0.00266,0.99734
24.07000,0.48000,0.00355,0.99645
24.09000,0.48000,0.00164,0.99836
24.11000,0.48000,0.00229,0.99771
24.13000,0.48000,0.00146,0.99854
24.15000,0.48000,0.00192,0.99808
24.17000,0.48000,0.00234,0.99766
24.19000,0.48000,0.00202,0.99798
24.21000,0.48000,0.00113,0.99887
24.23000,0.48000,0.00173,0.99827
24.25000,0.48000,0.00229,0.99771
24.27000,0.48000,0.00137,0.99863
24.29000,0.48000,0.00402,0.99598
24.31000,0.48000,0.00186,0.99814
24.33000,0.48000,0.00196,0.99804
24.35000,0.48000,0.00140,0.99860
24.37000,0.48000,0.00285,0.99715
24.39000,0.48000,0.00119,0.99881
24.41000,0.48000,0.00148,0.99852
24.43000,0.48000,0.00104,0.99896
24.45000,0.48000,0.00191,0.99809
24.47000,0.48000,0.00279,0.99721
24.49000,0.48000,0.00082,0.99918
24.51000,0.48000,0.00200,0.99800
24.53000,0.48000,0.00217,0.99783
24.55000,0.48000,0.00231,0.99769
24.57000,0.48000,0.00574,0.99426
24.59000,0.48000,0.00294,0.99706
24.61000,0.48000,0.00125,0.99875
24.63000,0.48000,0.00159,0.99841
24.65000,0.48000,0.00082,0.99918
24.67000,0.48000,0.00174,0.99826
24.69000,0.48000,0.00129,0.99871
24.71000,0.48000,0.00146,0.99854
24.73000,0.48000,0.00056,0.99944
24.75000,0.48000,0.00071,0.99929
24.77000,0.48000,0.00175,0.99825
24.79000,0.48000,0.00058,0.99942
24.81000,0.48000,0.00073,0.99927
24.83000,0.48000,0.00145,0.99855
24.85000,0.48000,0.00202,0.99798
24.87000,0.48000,0.00074,0.99926
24.89000,0.48000,0.00113,0.99887
24.91000,0.48000,0.00306,0.99694
24.93000,0.48000,0.00289,0.99711
24.95000,0.48000,0.00609,0.99391
24.97000,0.48000,0.00346,0.99654
24.99000,0.48000,0.00255,0.99745
25.01000,0.48000,0.00379,0.99621
25.03000,0.48000,0.00232,0.99768
25.05000,0.48000,0.00339,0.99661
25.07000,0.48000,0.00194,0.99806
25.09000,0.48000,0.00589,0.99411
25.11000,0.48000,0.00459,0.99541
25.13000,0.48000,0.00840,0.99160
25.15000,0.48000,0.00282,0.99718
25.17000,0.48000,0.01114,0.98886
25.19000,0.48000,0.00245,0.99755
25.21000,0.48000,0.01066,0.98934
25.23000,0.48000,0.00371,0.99629
25.25000,0.48000,0.00789,0.99211
25.27000,0.48000,0.00234,0.99766
25.29000,0.48000,0.00973,0.99027
25.31000,0.48000,0.00475,0.99525
25.33000,0.48000,0.01608,0.98392
25.35000,0.48000,0.00739,0.99261
25.37000,0.48000,0.04496,0.95504
25.39000,0.48000,0.00846,0.99154
25.41000,0.48000,0.15289,0.84711
25.43000,0.48000,0.02484,0.97516
25.45000,0.48000,0.15733,0.84267
25.47000,0.48000,0.09319,0.90681
25.49000,0.48000,0.23765,0.76235
25.51000,0.48000,0.12495,0.87505
25.53000,0.48000,0.27926,0.72074
25.55000,0.48000,0.22257,0.77743
25.57000,0.48000,0.42189,0.57811
25.59000,0.48000,0.22267,0.77733
25.61000,0.48000,0.38262,0.61738
25.63000,0.48000,0.19893,0.80107
25.65000,0.48000,0.46161,0.53839
25.67000,0.48000,0.40228,0.59772
25.69000,0.48000,0.45256,0.54744
25.71000,0.48000,0.51333,0.48667
25.73000,0.48000,0.63842,0.36158
25.75000,0.48000,0.77667,0.22333
25.77000,0.48000,0.90332,0.09668
25.79000,0.48000,0.84655,0.15345
25.81000,0.48000,0.94222,0.05778
25.83000,0.48000,0.74209,0.25791
25.85000,0.48000,0.93942,0.06058
25.87000,0.48000,0.90887,0.09113
25.89000,0.48000,0.88347,0.11653
25.91000,0.48000,0.73314,0.26686
25.93000,0.48000,0.91621,0.08379
25.95000,0.48000,0.92984,0.07016
25.97000,0.48000,0.89763,0.10237
25.99000,0.48000,0.83512,0.16488
26.01000,0.48000,0.90180,0.09820
26.03000,0.48000,0.89211,0.10789
26.05000,0.48000,0.75067,0.24933
26.07000,0.48000,0.91096,0.08904
26.09000,0.48000,0.90710,0.09290
26.11000,0.48000,0.95416,0.04584
26.13000,0.48000,0.93898,0.06102
26.15000,0.48000,0.98083,0.01917
26.17000,0.48000,0.97518,0.02482
26.19000,0.48000,0.97195,0.02805
26.21000,0.48000,0.97127,0.02873
26.23000,0.48000,0.98688,0.01312
26.25000,0.48000,0.95501,0.04499
26.27000,0.48000,0.97974,0.02026
26.29000,0.48000,0.95194,0.04806
26.31000,0.48000,0.98620,0.01380
26.33000,0.48000,0.94858,0.05142
26.35000,0.48000,0.99431,0.00569
26.37000,0.48000,0.95788,0.04212
26.39000,0.48000,0.98952,0.01048
26.41000,0.48000,0.95874,0.04126
26.43000,0.48000,0.98566,0.01434
26.45000,0.48000,0.98839,0.01161
26.47000,0.48000,0.98395,0.01605
26.49000,0.48000,0.96664,0.03336
26.51000,0.48000,0.98945,0.01055
26.53000,0.48000,0.95583,0.04417
26.55000,0.48000,0.97769,0.02231
26.57000,0.48000,0.92421,0.07579
26.59000,0.48000,0.98666,0.01334
26.61000,0.48000,0.84539,0.15461
26.63000,0.48000,0.94653,0.05347
26.65000,0.48000,0.79667,0.20333
26.67000,0.48000,0.86930,0.13070
26.69000,0.48000,0.83013,0.16987
26.71000,0.48000,0.87002,0.12998
26.73000,0.48000,0.86157,0.13843
26.75000,0.48000,0.92427,0.07573
26.77000,0.48000,0.86166,0.13834
26.79000,0.48000,0.95202,0.04798
26.81000,0.48000,0.82111,0.17889
26.83000,0.48000,0.95823,0.04177
26.85000,0.48000,0.84822,0.15178
26.87000,0.48000,0.95433,0.04567
26.89000,0.48000,0.91489,0.08511
26.91000,0.48000,0.97017,0.02983
26.93000,0.48000,0.90454,0.09546
26.95000,0.48000,0.95863,0.04137
26.97000,0.48000,0.93670,0.06330
26.99000,0.48000,0.97422,0.02578
27.01000,0.48000,0.91274,0.08726
27.03000,0.48000,0.92503,0.07497
27.05000,0.48000,0.95751,0.04249
27.07000,0.48000,0.96074,0.03926
27.09000,0.48000,0.98403,0.01597
27.11000,0.48000,0.98360,0.01640
27.13000,0.48000,0.98654,0.01346
27.15000,0.48000,0.99254,0.00746
27.17000,0.48000,0.99569,0.00431
27.19000,0.48000,0.99108,0.00892
27.21000,0.48000,0.98943,0.01057
27.23000,0.48000,0.99613,0.00387
27.25000,0.48000,0.99139,0.00861
27.27000,0.48000,0.99489,0.00511
27.29000,0.48000,0.99410,0.00590
27.31000,0.48000,0.99509,0.00491
27.33000,0.48000,0.99367,0.00633
27.35000,0.48000,0.99556,0.00444
27.37000,0.48000,0.99391,0.00609
27.39000,0.48000,0.99760,0.00240
27.41000,0.48000,0.98714,0.01286
27.43000,0.48000,0.99015,0.00985
27.45000,0.48000,0.98763,0.01237
27.47000,0.48000,0.98697,0.01303
27.49000,0.48000,0.98823,0.01177
27.51000,0.48000,0.99050,0.00950
27.53000,0.48000,0.99396,0.00604
27.55000,0.48000,0.99071,0.00929
27.57000,0.48000,0.99048,0.00952
27.59000,0.48000,0.99020,0.00980
27.61000,0.48000,0.98952,0.01048
27.63000,0.48000,0.98448,0.01552
27.65000,0.48000,0.99067,0.00933
27.67000,0.48000,0.99168,0.00832
27.69000,0.48000,0.98643,0.01357
27.71000,0.48000,0.97419,0.02581
27.73000,0.48000,0.98733,0.01267
27.75000,0.48000,0.97697,0.02303
27.77000,0.48000,0.98931,0.01069
27.79000,0.48000,0.98246,0.01754
27.81000,0.48000,0.98373,0.01627
27.83000,0.48000,0.98822,0.01178
27.85000,0.48000,0.98537,0.01463
27.87000,0.48000,0.98767,0.01233
27.89000,0.48000,0.98407,0.01593
27.91000,0.48000,0.99421,0.00579
27.93000,0.48000,0.99024,0.00976
27.95000,0.48000,0.99494,0.00506
27.97000,0.48000,0.99069,0.00931
27.99000,0.48000,0.99261,0.00739
28.01000,0.48000,0.98521,0.01479
28.03000,0.48000,0.98943,0.01057
28.05000,0.48000,0.98954,0.01046
28.07000,0.48000,0.99592,0.00408
28.09000,0.48000,0.98176,0.01824
28.11000,0.48000,0.99497,0.00503
28.13000,0.48000,0.99284,0.00716
28.15000,0.48000,0.98955,0.01045
28.17000,0.48000,0.97650,0.02350
28.19000,0.48000,0.98243,0.01758
28.21000,0.48000,0.98467,0.01533
28.23000,0.48000,0.98981,0.01019
28.25000,0.48000,0.98704,0.01296
28.27000,0.48000,0.99172,0.00828
28.29000,0.48000,0.97949,0.02051
28.31000,0.48000,0.98628,0.01372
28.33000,0.48000,0.97492,0.02508
28.35000,0.48000,0.97104,0.02896
28.37000,0.48000,0.97727,0.02273
28.39000,0.48000,0.97982,0.02018
28.41000,0.48000,0.98916,0.01084
28.43000,0.48000,0.98330,0.01670
28.45000,0.48000,0.97058,0.02942
28.47000,0.48000,0.98577,0.01423
28.49000,0.48000,0.98912,0.01088
28.51000,0.48000,0.97946,0.02054
28.53000,0.48000,0.98757,0.01243
28.55000,0.48000,0.98702,0.01298
28.57000,0.48000,0.97873,0.02127
28.59000,0.48000,0.97925,0.02075
28.61000,0.48000,0.97635,0.02365
28.63000,0.48000,0.98755,0.01245
28.65000,0.48000,0.99237,0.00763
28.67000,0.48000,0.99530,0.00470
28.69000,0.48000,0.99230,0.00770
28.71000,0.48000,0.99448,0.00552
28.73000,0.48000,0.99061,0.00939
28.75000,0.48000,0.99424,0.00576
28.77000,0.48000,0.98152,0.01848
28.79000,0.48000,0.99417,0.00583
28.81000,0.48000,0.99107,0.00893
28.83000,0.48000,0.99269,0.00731
28.85000,0.48000,0.98725,0.01275
28.87000,0.48000,0.99055,0.00945
28.89000,0.48000,0.98967,0.01033
28.91000,0.48000,0.99582,0.00418
28.93000,0.48000,0.98829,0.01171
28.95000,0.48000,0.99649,0.00351
28.97000,0.48000,0.99039,0.00961
28.99000,0.48000,0.99605,0.00395
29.01000,0.48000,0.99216,0.00784
29.03000,0.48000,0.98979,0.01021
29.05000,0.48000,0.99370,0.00630
29.07000,0.48000,0.99722,0.00278
29.09000,0.48000,0.99298,0.00702
29.11000,0.48000,0.98732,0.01268
29.13000,0.48000,0.97771,0.02229
29.15000,0.48000,0.98119,0.01881
29.17000,0.48000,0.95199,0.04801
29.19000,0.48000,0.97914,0.02086
29.21000,0.48000,0.97646,0.02354
29.23000,0.48000,0.98529,0.01471
29.25000,0.48000,0.97827,0.02173
29.27000,0.48000,0.98636,0.01364
29.29000,0.48000,0.94854,0.05146
29.31000,0.48000,0.97623,0.02377
29.33000,0.48000,0.97617,0.02383
29.35000,0.48000,0.99469,0.00531
29.37000,0.48000,0.95850,0.04150
29.39000,0.48000,0.97147,0.02853
29.41000,0.48000,0.95054,0.04946
29.43000,0.48000,0.97177,0.02823
29.45000,0.48000,0.95825,0.04175
29.47000,0.48000,0.98047,0.01953
29.49000,0.48000,0.96728,0.03272
29.51000,0.48000,0.98218,0.01782
29.53000,0.48000,0.96391,0.03609
29.55000,0.48000,0.97329,0.02671
29.57000,0.48000,0.97333,0.02667
29.59000,0.48000,0.99008,0.00992
29.61000,0.48000,0.98976,0.01024
29.63000,0.48000,0.99401,0.00599
29.65000,0.48000,0.99050,0.00950
29.67000,0.48000,0.99325,0.00675
29.69000,0.48000,0.98195,0.01805
29.71000,0.48000,0.99327,0.00673
29.73000,0.48000,0.97456,0.02544
29.75000,0.48000,0.99659,0.00341
29.77000,0.48000,0.98429,0.01571
29.79000,0.48000,0.99566,0.00434
29.81000,0.48000,0.98312,0.01688
29.83000,0.48000,0.99189,0.00811
29.85000,0.48000,0.98874,0.01126
29.87000,0.48000,0.99671,0.00329
29.89000,0.48000,0.98795,0.01205
29.91000,0.48000,0.99335,0.00665
29.93000,0.48000,0.98903,0.01097
29.95000,0.48000,0.99119,0.00881
29.97000,0.48000,0.98800,0.01200
29.99000,0.48000,0.97798,0.02202
30.01000,0.48000,0.99069,0.00931
30.03000,0.48000,0.99365,0.00635
30.05000,0.48000,0.99170,0.00830
30.07000,0.48000,0.98870,0.01130
30.09000,0.48000,0.99109,0.00891
30.11000,0.48000,0.99423,0.00577
30.13000,0.48000,0.99432,0.00568
30.15000,0.48000,0.98571,0.01429
30.17000,0.48000,0.98631,0.01369
30.19000,0.48000,0.97610,0.02390
30.21000,0.48000,0.98894,0.01106
30.23000,0.48000,0.97257,0.02743
30.25000,0.48000,0.97162,0.02838
30.27000,0.48000,0.98310,0.01690
30.29000,0.48000,0.98567,0.01433
30.31000,0.48000,0.98391,0.01609
30.33000,0.48000,0.98454,0.01546
30.35000,0.48000,0.98113,0.01887
30.37000,0.48000,0.98890,0.01110
30.39000,0.48000,0.99016,0.00984
30.41000,0.48000,0.99297,0.00703
30.43000,0.48000,0.99047,0.00953
30.45000,0.48000,0.98482,0.01518
30.47000,0.48000,0.99149,0.00851
30.49000,0.48000,0.98840,0.01160
30.51000,0.48000,0.98417,0.01583
30.53000,0.48000,0.98401,0.01599
30.55000,0.48000,0.98561,0.01439
30.57000,0.48000,0.98187,0.01813
30.59000,0.48000,0.98307,0.01693
30.61000,0.48000,0.96941,0.03059
30.63000,0.48000,0.98478,0.01522
30.65000,0.48000,0.99008,0.00992
30.67000,0.48000,0.99346,0.00654
30.69000,0.48000,0.99250,0.00750
30.71000,0.48000,0.99335,0.00665
30.73000,0.48000,0.98802,0.01198
30.75000,0.48000,0.99448,0.00552
30.77000,0.48000,0.97560,0.02440
30.79000,0.48000,0.99443,0.00557
30.81000,0.48000,0.98980,0.01020
30.83000,0.48000,0.99431,0.00569
30.85000,0.48000,0.98526,0.01474
30.87000,0.48000,0.99191,0.00809
30.89000,0.48000,0.98757,0.01243
30.91000,0.48000,0.99512,0.00488
30.93000,0.48000,0.98592,0.01408
30.95000,0.48000,0.99564,0.00436
30.97000,0.48000,0.98736,0.01264
30.99000,0.48000,0.99510,0.00490
31.01000,0.48000,0.98965,0.01035
31.03000,0.48000,0.98642,0.01358
31.05000,0.48000,0.99198,0.00802
31.07000,0.48000,0.99687,0.00313
31.09000,0.48000,0.99257,0.00743
31.11000,0.48000,0.99094,0.00906
31.13000,0.48000,0.98683,0.01317
31.15000,0.48000,0.98982,0.01018
31.17000,0.48000,0.99076,0.00924
31.19000,0.48000,0.98630,0.01370
31.21000,0.48000,0.99170,0.00830
31.23000,0.48000,0.97912,0.02088
31.25000,0.48000,0.99246,0.00754
31.27000,0.48000,0.98298,0.01702
31.29000,0.48000,0.97682,0.02318
31.31000,0.48000,0.98303,0.01697
31.33000,0.48000,0.98999,0.01001
31.35000,0.48000,0.99116,0.00884
31.37000,0.48000,0.98734,0.01266
31.39000,0.48000,0.97263,0.02737
31.41000,0.48000,0.98281,0.01719
31.43000,0.48000,0.98371,0.01629
31.45000,0.48000,0.98525,0.01475
31.47000,0.48000,0.98716,0.01284
31.49000,0.48000,0.98122,0.01878
31.51000,0.48000,0.93901,0.06099
31.53000,0.48000,0.95838,0.04162
31.55000,0.48000,0.95041,0.04959
31.57000,0.48000,0.94470,0.05530
31.59000,0.48000,0.97516,0.02484
31.61000,0.48000,0.96656,0.03344
31.63000,0.48000,0.95712,0.04288
31.65000,0.48000,0.90326,0.09674
31.67000,0.48000,0.93701,0.06299
31.69000,0.48000,0.86386,0.13614
31.71000,0.48000,0.88829,0.11171
31.73000,0.48000,0.78676,0.21324
31.75000,0.48000,0.90860,0.09140
31.77000,0.48000,0.95623,0.04377
31.79000,0.48000,0.92558,0.07442
31.81000,0.48000,0.88426,0.11574
31.83000,0.48000,0.99219,0.00781
31.85000,0.48000,0.88901,0.11099
31.87000,0.48000,0.96480,0.03520
31.89000,0.48000,0.77174,0.22826
31.91000,0.48000,0.55397,0.44603
31.93000,0.48000,0.09139,0.90861
31.95000,0.48000,0.13446,0.86554
31.97000,0.48000,0.10597,0.89403
31.99000,0.48000,0.28787,0.71213
32.01000,0.48000,0.03797,0.96203
32.03000,0.48000,0.01689,0.98311
32.05000,0.48000,0.00933,0.99067
32.07000,0.48000,0.02323,0.97677
32.09000,0.48000,0.12039,0.87961
32.11000,0.48000,0.23492,0.76508
32.13000,0.48000,0.07913,0.92087
32.15000,0.48000,0.21412,0.78588
32.17000,0.48000,0.17810,0.82190
32.19000,0.48000,0.13918,0.86082
32.21000,0.48000,0.06525,0.93475
32.23000,0.48000,0.01645,0.98355
32.25000,0.48000,0.01191,0.98809
32.27000,0.48000,0.01352,0.98648
32.29000,0.48000,0.00476,0.99524
32.31000,0.48000,0.00258,0.99742
32.33000,0.48000,0.00471,0.99529
32.35000,0.48000,0.00193,0.99807
32.37000,0.48000,0.00420,0.99580
32.39000,0.48000,0.00160,0.99840
32.41000,0.48000,0.00436,0.99564
32.43000,0.48000,0.00493,0.99507
32.45000,0.48000,0.00189,0.99811
32.47000,0.48000,0.00491,0.99509
32.49000,0.48000,0.01118,0.98882
32.51000,0.48000,0.04639,0.95361
32.53000,0.48000,0.05758,0.94242
32.55000,0.48000,0.02659,0.97341
32.57000,0.48000,0.01256,0.98744
32.59000,0.48000,0.00516,0.99484
32.61000,0.48000,0.00270,0.99730
32.63000,0.48000,0.00123,0.99877
32.65000,0.48000,0.00314,0.99686
32.67000,0.48000,0.00143,0.99857
32.69000,0.48000,0.00131,0.99869
32.71000,0.48000,0.00061,0.99939
32.73000,0.48000,0.00383,0.99617
32.75000,0.48000,0.00297,0.99703
32.77000,0.48000,0.00227,0.99773
32.79000,0.48000,0.00048,0.99952
32.81000,0.48000,0.00130,0.99870
32.83000,0.48000,0.00063,0.99937
32.85000,0.48000,0.00080,0.99920
32.87000,0.48000,0.00077,0.99923
32.89000,0.48000,0.00137,0.99863
32.91000,0.48000,0.00303,0.99697
32.93000,0.48000,0.00522,0.99478
32.95000,0.48000,0.00384,0.99616
32.97000,0.48000,0.00375,0.99625
32.99000,0.48000,0.00220,0.99780
33.01000,0.48000,0.00285,0.99715
33.03000,0.48000,0.00162,0.99838
33.05000,0.48000,0.00183,0.99817
33.07000,0.48000,0.00147,0.99853
33.09000,0.48000,0.00250,0.99750
33.11000,0.48000,0.00862,0.99138
33.13000,0.48000,0.01013,0.98987
33.15000,0.48000,0.04215,0.95785
33.17000,0.48000,0.00893,0.99107
33.19000,0.48000,0.01184,0.98816
33.21000,0.48000,0.00291,0.99709
33.23000,0.48000,0.01142,0.98858
33.25000,0.48000,0.00478,0.99522
33.27000,0.48000,0.02252,0.97748
33.29000,0.48000,0.01086,0.98914
33.31000,0.48000,0.05728,0.94272
33.33000,0.48000,0.01276,0.98724
33.35000,0.48000,0.01910,0.98090
33.37000,0.48000,0.00308,0.99692
33.39000,0.48000,0.00779,0.99221
33.41000,0.48000,0.00248,0.99752
33.43000,0.48000,0.01435,0.98565
33.45000,0.48000,0.00359,0.99641
33.47000,0.48000,0.00278,0.99722
33.49000,0.48000,0.02034,0.97966
33.51000,0.48000,0.02890,0.97110
33.53000,0.48000,0.00218,0.99782
33.55000,0.48000,0.01020,0.98980
33.57000,0.48000,0.00192,0.99808
33.59000,0.48000,0.00728,0.99272
33.61000,0.48000,0.00291,0.99709
33.63000,0.48000,0.01234,0.98766
33.65000,0.48000,0.00157,0.99843
33.67000,0.48000,0.00693,0.99307
33.69000,0.48000,0.00379,0.99621
33.71000,0.48000,0.00684,0.99316
33.73000,0.48000,0.00210,0.99790
33.75000,0.48000,0.00409,0.99591
33.77000,0.48000,0.00362,0.99638
33.79000,0.48000,0.00734,0.99266
33.81000,0.48000,0.00930,0.99070
33.83000,0.48000,0.01295,0.98705
33.85000,0.48000,0.00834,0.99166
33.87000,0.48000,0.02138,0.97862
33.89000,0.48000,0.02535,0.97465
33.91000,0.48000,0.00999,0.99001
33.93000,0.48000,0.00498,0.99502
33.95000,0.48000,0.00732,0.99268
33.97000,0.48000,0.01439,0.98561
33.99000,0.48000,0.01280,0.98720
34.01000,0.48000,0.02149,0.97851
34.03000,0.48000,0.00707,0.99293
34.05000,0.48000,0.00862,0.99138
34.07000,0.48000,0.00306,0.99694
34.09000,0.48000,0.00395,0.99605
34.11000,0.48000,0.00340,0.99660
34.13000,0.48000,0.00579,0.99421
34.15000,0.48000,0.00300,0.99700
34.17000,0.48000,0.00359,0.99641
34.19000,0.48000,0.00269,0.99731
34.21000,0.48000,0.00527,0.99473
34.23000,0.48000,0.00989,0.99011
34.25000,0.48000,0.00747,0.99253
34.27000,0.48000,0.00456,0.99544
34.29000,0.48000,0.00504,0.99496
34.31000,0.48000,0.00360,0.99640
34.33000,0.48000,0.00828,0.99172
34.35000,0.48000,0.00710,0.99290
34.37000,0.48000,0.09639,0.90361
34.39000,0.48000,0.04500,0.95500
34.41000,0.48000,0.01577,0.98423
34.43000,0.48000,0.00209,0.99791
34.45000,0.48000,0.00783,0.99217
34.47000,0.48000,0.00199,0.99801
34.49000,0.48000,0.00548,0.99452
34.51000,0.48000,0.00230,0.99770
34.53000,0.48000,0.00875,0.99125
34.55000,0.48000,0.00110,0.99890
34.57000,0.48000,0.01636,0.98364
34.59000,0.48000,0.00219,0.99781
34.61000,0.48000,0.01369,0.98631
34.63000,0.48000,0.00399,0.99601
34.65000,0.48000,0.01717,0.98283
34.67000,0.48000,0.00170,0.99830
34.69000,0.48000,0.03108,0.96892
34.71000,0.48000,0.00458,0.99542
34.73000,0.48000,0.01554,0.98446
34.75000,0.48000,0.00191,0.99809
34.77000,0.48000,0.01067,0.98933
34.79000,0.48000,0.00446,0.99554
34.81000,0.48000,0.00264,0.99736
34.83000,0.48000,0.00135,0.99865
34.85000,0.48000,0.00215,0.99785
34.87000,0.48000,0.00289,0.99711
34.89000,0.48000,0.00569,0.99431
34.91000,0.48000,0.02045,0.97955
34.93000,0.48000,0.01791,0.98209
34.95000,0.48000,0.02775,0.97225
34.97000,0.48000,0.01513,0.98487
34.99000,0.48000,0.02661,0.97339
35.01000,0.48000,0.00687,0.99313
35.03000,0.48000,0.00847,0.99153
35.05000,0.48000,0.00858,0.99142
35.07000,0.48000,0.01545,0.98455
35.09000,0.48000,0.00669,0.99331
35.11000,0.48000,0.00966,0.99034
35.13000,0.48000,0.00535,0.99465
35.15000,0.48000,0.00858,0.99142
35.17000,0.48000,0.00324,0.99677
35.19000,0.48000,0.02146,0.97854
35.21000,0.48000,0.00580,0.99420
35.23000,0.48000,0.00776,0.99224
35.25000,0.48000,0.01491,0.98509
35.27000,0.48000,0.01869,0.98131
35.29000,0.48000,0.00533,0.99467
35.31000,0.48000,0.00358,0.99642
35.33000,0.48000,0.00400,0.99600
35.35000,0.48000,0.00235,0.99765
35.37000,0.48000,0.00260,0.99740
35.39000,0.48000,0.00226,0.99774
35.41000,0.48000,0.00186,0.99814
35.43000,0.48000,0.00255,0.99745
35.45000,0.48000,0.00285,0.99715
35.47000,0.48000,0.00140,0.99860
35.49000,0.48000,0.00207,0.99793
35.51000,0.48000,0.00080,0.99920
35.53000,0.48000,0.00245,0.99755
35.55000,0.48000,0.00034,0.99966
35.57000,0.48000,0.00449,0.99551
35.59000,0.48000,0.00048,0.99952
35.61000,0.48000,0.00243,0.99757
35.63000,0.48000,0.00049,0.99951
35.65000,0.48000,0.00154,0.99846
35.67000,0.48000,0.00068,0.99932
35.69000,0.48000,0.00141,0.99859
35.71000,0.48000,0.00121,0.99879
35.73000,0.48000,0.00103,0.99897
35.75000,0.48000,0.00099,0.99901
35.77000,0.48000,0.00163,0.99837
35.79000,0.48000,0.00189,0.99811
35.81000,0.48000,0.00158,0.99842
35.83000,0.48000,0.00184,0.99816
35.85000,0.48000,0.00189,0.99811
35.87000,0.48000,0.00118,0.99882
35.89000,0.48000,0.00120,0.99880
35.91000,0.48000,0.00125,0.99875
35.93000,0.48000,0.00139,0.99861
35.95000,0.48000,0.00084,0.99916
35.97000,0.48000,0.00123,0.99877
35.99000,0.48000,0.00072,0.99928
36.01000,0.48000,0.00188,0.99812
36.03000,0.48000,0.00140,0.99860
36.05000,0.48000,0.00141,0.99859
36.07000,0.48000,0.00135,0.99865
36.09000,0.48000,0.00137,0.99863
36.11000,0.48000,0.00146,0.99854
36.13000,0.48000,0.00166,0.99834
36.15000,0.48000,0.00182,0.99818
36.17000,0.48000,0.00367,0.99633
36.19000,0.48000,0.00317,0.99683
36.21000,0.48000,0.00175,0.99825
36.23000,0.48000,0.00138,0.99862
36.25000,0.48000,0.00151,0.99849
36.27000,0.48000,0.00098,0.99902
36.29000,0.48000,0.00151,0.99849
36.31000,0.48000,0.00166,0.99834
36.33000,0.48000,0.00182,0.99818
36.35000,0.48000,0.00320,0.99680
36.37000,0.48000,0.00361,0.99639
36.39000,0.48000,0.00284,0.99716
36.41000,0.48000,0.00226,0.99774
36.43000,0.48000,0.00045,0.99955
36.45000,0.48000,0.00138,0.99862
36.47000,0.48000,0.00060,0.99940
36.49000,0.48000,0.00072,0.99928
36.51000,0.48000,0.00050,0.99950
36.53000,0.48000,0.00124,0.99876
36.55000,0.48000,0.00072,0.99928
36.57000,0.48000,0.00075,0.99925
36.59000,0.48000,0.00059,0.99941
36.61000,0.48000,0.00091,0.99909
36.63000,0.48000,0.00028,0.99972
36.65000,0.48000,0.00075,0.99925
36.67000,0.48000,0.00033,0.99967
36.69000,0.48000,0.00055,0.99945
36.71000,0.48000,0.00046,0.99954
36.73000,0.48000,0.00065,0.99935
36.75000,0.48000,0.00035,0.99965
36.77000,0.48000,0.00109,0.99891
36.79000,0.48000,0.00083,0.99917
36.81000,0.48000,0.00220,0.99780
36.83000,0.48000,0.00222,0.99778
36.85000,0.48000,0.00130,0.99870
36.87000,0.48000,0.00170,0.99830
36.89000,0.48000,0.00208,0.99792
36.91000,0.48000,0.00361,0.99639
36.93000,0.48000,0.00131,0.99869
36.95000,0.48000,0.00142,0.99858
36.97000,0.48000,0.00131,0.99869
36.99000,0.48000,0.00469,0.99531
37.01000,0.48000,0.00208,0.99792
37.03000,0.48000,0.00193,0.99807
37.05000,0.48000,0.00133,0.99867
37.07000,0.48000,0.00412,0.99588
37.09000,0.48000,0.00107,0.99893
37.11000,0.48000,0.00280,0.99720
37.13000,0.48000,0.00136,0.99864
37.15000,0.48000,0.00363,0.99637
37.17000,0.48000,0.00276,0.99724
37.19000,0.48000,0.00438,0.99562
37.21000,0.48000,0.00376,0.99624
37.23000,0.48000,0.00438,0.99562
37.25000,0.48000,0.00312,0.99688
37.27000,0.48000,0.00235,0.99765
37.29000,0.48000,0.00192,0.99808
37.31000,0.48000,0.00151,0.99849
37.33000,0.48000,0.00242,0.99758
37.35000,0.48000,0.00076,0.99924
37.37000,0.48000,0.00125,0.99875
37.39000,0.48000,0.00123,0.99877
37.41000,0.48000,0.00146,0.99854
37.43000,0.48000,0.00083,0.99917
37.45000,0.48000,0.00167,0.99833
37.47000,0.48000,0.00074,0.99926
37.49000,0.48000,0.00135,0.99865
37.51000,0.48000,0.00081,0.99919
37.53000,0.48000,0.00135,0.99865
37.55000,0.48000,0.00063,0.99937
37.57000,0.48000,0.00053,0.99947
37.59000,0.48000,0.00045,0.99955
37.61000,0.48000,0.00016,0.99984
37.63000,0.48000,0.00044,0.99956
37.65000,0.48000,0.00017,0.99983
37.67000,0.48000,0.00053,0.99947
37.69000,0.48000,0.00019,0.99981
37.71000,0.48000,0.00065,0.99935
37.73000,0.48000,0.00023,0.99977
37.75000,0.48000,0.00091,0.99909
37.77000,0.48000,0.00052,0.99948
37.79000,0.48000,0.00121,0.99879
37.81000,0.48000,0.00119,0.99881
37.83000,0.48000,0.00195,0.99805
37.85000,0.48000,0.00202,0.99798
37.87000,0.48000,0.00188,0.99812
37.89000,0.48000,0.00151,0.99849
37.91000,0.48000,0.00223,0.99777
37.93000,0.48000,0.00100,0.99900
37.95000,0.48000,0.00312,0.99688
37.97000,0.48000,0.00299,0.99701
37.99000,0.48000,0.00318,0.99682
38.01000,0.48000,0.00364,0.99636
38.03000,0.48000,0.00345,0.99655
38.05000,0.48000,0.00251,0.99749
38.07000,0.48000,0.00371,0.99629
38.09000,0.48000,0.00111,0.99889
38.11000,0.48000,0.00131,0.99869
38.13000,0.48000,0.00226,0.99774
38.15000,0.48000,0.00097,0.99903
38.17000,0.48000,0.00182,0.99818
38.19000,0.48000,0.00265,0.99735
38.21000,0.48000,0.00268,0.99732
38.23000,0.48000,0.00190,0.99810
38.25000,0.48000,0.00130,0.99870
38.27000,0.48000,0.00203,0.99797
38.29000,0.48000,0.00066,0.99934
38.31000,0.48000,0.00149,0.99851
38.33000,0.48000,0.00145,0.99855
38.35000,0.48000,0.00110,0.99890
38.37000,0.48000,0.00114,0.99886
38.39000,0.48000,0.00120,0.99880
38.41000,0.48000,0.00083,0.99917
38.43000,0.48000,0.00103,0.99897
38.45000,0.48000,0.00069,0.99931
38.47000,0.48000,0.00084,0.99916
38.49000,0.48000,0.00054,0.99946
38.51000,0.48000,0.00079,0.99921
38.53000,0.48000,0.00089,0.99911
38.55000,0.48000,0.00107,0.99893
38.57000,0.48000,0.00131,0.99869
38.59000,0.48000,0.00209,0.99791
38.61000,0.48000,0.00152,0.99848
38.63000,0.48000,0.00110,0.99890
38.65000,0.48000,0.00170,0.99830
38.67000,0.48000,0.00076,0.99924
38.69000,0.48000,0.00187,0.99813
38.71000,0.48000,0.00022,0.99978
38.73000,0.48000,0.00209,0.99791
38.75000,0.48000,0.00033,0.99967
38.77000,0.48000,0.00061,0.99939
38.79000,0.48000,0.00046,0.99954
38.81000,0.48000,0.00159,0.99841
38.83000,0.48000,0.00018,0.99982
38.85000,0.48000,0.00156,0.99844
38.87000,0.48000,0.00019,0.99981
38.89000,0.48000,0.00033,0.99967
38.91000,0.48000,0.00017,0.99983
38.93000,0.48000,0.00037,0.99963
38.95000,0.48000,0.00018,0.99982
38.97000,0.48000,0.00012,0.99988
38.99000,0.48000,0.00012,0.99988
39.01000,0.48000,0.00011,0.99989
39.03000,0.48000,0.00062,0.99938
39.05000,0.48000,0.00015,0.99985
39.07000,0.48000,0.00040,0.99960
39.09000,0.48000,0.00024,0.99976
39.11000,0.48000,0.00106,0.99894
39.13000,0.48000,0.00022,0.99978
39.15000,0.48000,0.00104,0.99896
39.17000,0.48000,0.00066,0.99934
39.19000,0.48000,0.00104,0.99896
39.21000,0.48000,0.00107,0.99893
39.23000,0.48000,0.00263,0.99737
39.25000,0.48000,0.00177,0.99823
39.27000,0.48000,0.00237,0.99763
39.29000,0.48000,0.00273,0.99727
39.31000,0.48000,0.00191,0.99809
39.33000,0.48000,0.00299,0.99701
39.35000,0.48000,0.00494,0.99506
39.37000,0.48000,0.00637,0.99363
39.39000,0.48000,0.00706,0.99294
39.41000,0.48000,0.01056,0.98944
39.43000,0.48000,0.00665,0.99335
39.45000,0.48000,0.00712,0.99288
39.47000,0.48000,0.00605,0.99395
39.49000,0.48000,0.00898,0.99102
39.51000,0.48000,0.00693,0.99307
39.53000,0.48000,0.01023,0.98977
39.55000,0.48000,0.00866,0.99134
39.57000,0.48000,0.00942,0.99058
39.59000,0.48000,0.00505,0.99495
39.61000,0.48000,0.00670,0.99330
39.63000,0.48000,0.00506,0.99494
39.65000,0.48000,0.00286,0.99714
39.67000,0.48000,0.00211,0.99789
39.69000,0.48000,0.00507,0.99493
39.71000,0.48000,0.00101,0.99899
39.73000,0.48000,0.00165,0.99835
39.75000,0.48000,0.00106,0.99894
39.77000,0.48000,0.00081,0.99919
39.79000,0.48000,0.00135,0.99865
39.81000,0.48000,0.00077,0.99923
39.83000,0.48000,0.00161,0.99839
39.85000,0.48000,0.00070,0.99930
39.87000,0.48000,0.00315,0.99685
39.89000,0.48000,0.00200,0.99800
39.91000,0.48000,0.00171,0.99829
39.93000,0.48000,0.00117,0.99883
39.95000,0.48000,0.00115,0.99885
39.97000,0.48000,0.00086,0.99914
39.99000,0.48000,0.00141,0.99859
40.01000,0.48000,0.00093,0.99907
40.03000,0.48000,0.00070,0.99930
40.05000,0.48000,0.00139,0.99861
40.07000,0.48000,0.00072,0.99928
40.09000,0.48000,0.00112,0.99888
40.11000,0.48000,0.00090,0.99910
40.13000,0.48000,0.00100,0.99901
40.15000,0.48000,0.00138,0.99862
40.17000,0.48000,0.00112,0.99888
40.19000,0.48000,0.00083,0.99917
40.21000,0.48000,0.00198,0.99802
40.23000,0.48000,0.00058,0.99942
40.25000,0.48000,0.00275,0.99725
40.27000,0.48000,0.00098,0.99902
40.29000,0.48000,0.00228,0.99772
40.31000,0.48000,0.00059,0.99941
40.33000,0.48000,0.00367,0.99633
40.35000,0.48000,0.00061,0.99939
40.37000,0.48000,0.00264,0.99736
40.39000,0.48000,0.00034,0.99966
40.41000,0.48000,0.00337,0.99663
40.43000,0.48000,0.00027,0.99973
40.45000,0.48000,0.00378,0.99622
40.47000,0.48000,0.00071,0.99929
40.49000,0.48000,0.00319,0.99681
40.51000,0.48000,0.00083,0.99917
40.53000,0.48000,0.00199,0.99801
40.55000,0.48000,0.00093,0.99907
40.57000,0.48000,0.00153,0.99847
40.59000,0.48000,0.00080,0.99920
40.61000,0.48000,0.00202,0.99798
40.63000,0.48000,0.00180,0.99820
40.65000,0.48000,0.00089,0.99911
40.67000,0.48000,0.00087,0.99913
40.69000,0.48000,0.00168,0.99832
40.71000,0.48000,0.00175,0.99825
40.73000,0.48000,0.00191,0.99809
40.75000,0.48000,0.00165,0.99835
40.77000,0.48000,0.00528,0.99472
40.79000,0.48000,0.00133,0.99867
40.81000,0.48000,0.00203,0.99797
40.83000,0.48000,0.00353,0.99647
40.85000,0.48000,0.00141,0.99859
40.87000,0.48000,0.00132,0.99868
40.89000,0.48000,0.00129,0.99871
40.91000,0.48000,0.00209,0.99791
40.93000,0.48000,0.00190,0.99810
40.95000,0.48000,0.00187,0.99813
40.97000,0.48000,0.00106,0.99894
40.99000,0.48000,0.00130,0.99870
41.01000,0.48000,0.00184,0.99816
41.03000,0.48000,0.00163,0.99837
41.05000,0.48000,0.00154,0.99846
41.07000,0.48000,0.00101,0.99899
41.09000,0.48000,0.00152,0.99848
41.11000,0.48000,0.00109,0.99891
41.13000,0.48000,0.00141,0.99859
41.15000,0.48000,0.00163,0.99837
41.17000,0.48000,0.00073,0.99927
41.19000,0.48000,0.00230,0.99770
41.21000,0.48000,0.00144,0.99856
41.23000,0.48000,0.00144,0.99856
41.25000,0.48000,0.00116,0.99884
41.27000,0.48000,0.00383,0.99617
41.29000,0.48000,0.00139,0.99861
41.31000,0.48000,0.00313,0.99687
41.33000,0.48000,0.00067,0.99933
41.35000,0.48000,0.00653,0.99347
41.37000,0.48000,0.00267,0.99733
41.39000,0.48000,0.00472,0.99528
41.41000,0.48000,0.00175,0.99825
41.43000,0.48000,0.00629,0.99371
41.45000,0.48000,0.00279,0.99721
41.47000,0.48000,0.00953,0.99047
41.49000,0.48000,0.00322,0.99678
41.51000,0.48000,0.00792,0.99208
41.53000,0.48000,0.00487,0.99513
41.55000,0.48000,0.01530,0.98470
41.57000,0.48000,0.01157,0.98843
41.59000,0.48000,0.02148,0.97852
41.61000,0.48000,0.06568,0.93432
41.63000,0.48000,0.09524,0.90476
41.65000,0.48000,0.33962,0.66038
41.67000,0.48000,0.12662,0.87338
41.69000,0.48000,0.42664,0.57336
41.71000,0.48000,0.20018,0.79982
41.73000,0.48000,0.46035,0.53965
41.75000,0.48000,0.36268,0.63732
41.77000,0.48000,0.77779,0.22221
41.79000,0.48000,0.45324,0.54676
41.81000,0.48000,0.59747,0.40253
41.83000,0.48000,0.27187,0.72813
41.85000,0.48000,0.72116,0.27884
41.87000,0.48000,0.36141,0.63859
41.89000,0.48000,0.55520,0.44480
41.91000,0.48000,0.53971,0.46029
41.93000,0.48000,0.86580,0.13420
41.95000,0.48000,0.96824,0.03176
41.97000,0.48000,0.96763,0.03237
41.99000,0.48000,0.97418,0.02582
42.01000,0.48000,0.96345,0.03655
42.03000,0.48000,0.93594,0.06406
42.05000,0.48000,0.91102,0.08898
42.07000,0.48000,0.95204,0.04796
42.09000,0.48000,0.93658,0.06342
42.11000,0.48000,0.97623,0.02377
42.13000,0.48000,0.92579,0.07421
42.15000,0.48000,0.97152,0.02848
42.17000,0.48000,0.94828,0.05172
42.19000,0.48000,0.96411,0.03589
42.21000,0.48000,0.95809,0.04191
42.23000,0.48000,0.96381,0.03619
42.25000,0.48000,0.96555,0.03445
42.27000,0.48000,0.95017,0.04983
42.29000,0.48000,0.91553,0.08447
42.31000,0.48000,0.95216,0.04784
42.33000,0.48000,0.98737,0.01263
42.35000,0.48000,0.98288,0.01712
42.37000,0.48000,0.98073,0.01927
42.39000,0.48000,0.97570,0.02430
42.41000,0.48000,0.97985,0.02015
42.43000,0.48000,0.97043,0.02957
42.45000,0.48000,0.98660,0.01340
42.47000,0.48000,0.97843,0.02157
42.49000,0.48000,0.99115,0.00885
42.51000,0.48000,0.98789,0.01211
42.53000,0.48000,0.99316,0.00684
42.55000,0.48000,0.98975,0.01025
42.57000,0.48000,0.99226,0.00774
42.59000,0.48000,0.98789,0.01211
42.61000,0.48000,0.98965,0.01035
42.63000,0.48000,0.98509,0.01491
42.65000,0.48000,0.98617,0.01383
42.67000,0.48000,0.98047,0.01953
42.69000,0.48000,0.98849,0.01151
42.71000,0.48000,0.97045,0.02955
42.73000,0.48000,0.98299,0.01701
42.75000,0.48000,0.98229,0.01771
42.77000,0.48000,0.98613,0.01387
42.79000,0.48000,0.98794,0.01206
42.81000,0.48000,0.98907,0.01093
42.83000,0.48000,0.98972,0.01028
42.85000,0.48000,0.98909,0.01091
42.87000,0.48000,0.98546,0.01454
42.89000,0.48000,0.98575,0.01425
42.91000,0.48000,0.98559,0.01441
42.93000,0.48000,0.98466,0.01534
42.95000,0.48000,0.98145,0.01855
42.97000,0.48000,0.96042,0.03958
42.99000,0.48000,0.93636,0.06364
43.01000,0.48000,0.88788,0.11212
43.03000,0.48000,0.92822,0.07178
43.05000,0.48000,0.93725,0.06275
43.07000,0.48000,0.87507,0.12493
43.09000,0.48000,0.95157,0.04843
43.11000,0.48000,0.95759,0.04241
43.13000,0.48000,0.92072,0.07928
43.15000,0.48000,0.95913,0.04087
43.17000,0.48000,0.97304,0.02696
43.19000,0.48000,0.98633,0.01367
43.21000,0.48000,0.95611,0.04389
43.23000,0.48000,0.97607,0.02393
43.25000,0.48000,0.96073,0.03927
43.27000,0.48000,0.94334,0.05666
43.29000,0.48000,0.88239,0.11761
43.31000,0.48000,0.89947,0.10053
43.33000,0.48000,0.94758,0.05242
43.35000,0.48000,0.85508,0.14492
43.37000,0.48000,0.96335,0.03665
43.39000,0.48000,0.93990,0.06010
43.41000,0.48000,0.97327,0.02673
43.43000,0.48000,0.94524,0.05476
43.45000,0.48000,0.97137,0.02863
43.47000,0.48000,0.96602,0.03398
43.49000,0.48000,0.98597,0.01403
43.51000,0.48000,0.97570,0.02430
43.53000,0.48000,0.98781,0.01219
43.55000,0.48000,0.97584,0.02416
43.57000,0.48000,0.98917,0.01083
43.59000,0.48000,0.98635,0.01365
43.61000,0.48000,0.99369,0.00631
43.63000,0.48000,0.98743,0.01257
43.65000,0.48000,0.99270,0.00730
43.67000,0.48000,0.98188,0.01812
43.69000,0.48000,0.98487,0.01513
43.71000,0.48000,0.98868,0.01132
43.73000,0.48000,0.99122,0.00878
43.75000,0.48000,0.99159,0.00841
43.77000,0.48000,0.99213,0.00787
43.79000,0.48000,0.99192,0.00808
43.81000,0.48000,0.99399,0.00601
43.83000,0.48000,0.99457,0.00543
43.85000,0.48000,0.99082,0.00917
43.87000,0.48000,0.99463,0.00537
43.89000,0.48000,0.99296,0.00704
43.91000,0.48000,0.99374,0.00626
43.93000,0.48000,0.98845,0.01155
43.95000,0.48000,0.99520,0.00480
43.97000,0.48000,0.99433,0.00567
43.99000,0.48000,0.99281,0.00719
44.01000,0.48000,0.99361,0.00639
