Time (seconds), Duration (seconds),pred_unlabelled,pred_anomaly
0.01000,0.48000,0.96689,0.03311
0.03000,0.48000,0.99190,0.00810
0.05000,0.48000,0.94885,0.05115
0.07000,0.48000,0.99417,0.00583
0.09000,0.48000,0.96180,0.03820
0.11000,0.48000,0.98857,0.01143
0.13000,0.48000,0.97903,0.02097
0.15000,0.48000,0.98879,0.01121
0.17000,0.48000,0.99038,0.00962
0.19000,0.48000,0.99072,0.00928
0.21000,0.48000,0.98765,0.01235
0.23000,0.48000,0.97326,0.02674
0.25000,0.48000,0.99402,0.00598
0.27000,0.48000,0.96827,0.03173
0.29000,0.48000,0.99200,0.00800
0.31000,0.48000,0.98016,0.01984
0.33000,0.48000,0.99410,0.00590
0.35000,0.48000,0.97459,0.02541
0.37000,0.48000,0.99265,0.00735
0.39000,0.48000,0.98978,0.01022
0.41000,0.48000,0.99632,0.00368
0.43000,0.48000,0.98529,0.01471
0.45000,0.48000,0.99505,0.00495
0.47000,0.48000,0.98571,0.01429
0.49000,0.48000,0.99128,0.00872
0.51000,0.48000,0.98408,0.01592
0.53000,0.48000,0.99374,0.00626
0.55000,0.48000,0.99259,0.00741
0.57000,0.48000,0.98843,0.01157
0.59000,0.48000,0.99056,0.00944
0.61000,0.48000,0.98841,0.01159
0.63000,0.48000,0.99278,0.00722
0.65000,0.48000,0.95389,0.04611
0.67000,0.48000,0.99077,0.00923
0.69000,0.48000,0.95811,0.04189
0.71000,0.48000,0.98693,0.01307
0.73000,0.48000,0.93552,0.06448
0.75000,0.48000,0.98669,0.01331
0.77000,0.48000,0.97961,0.02039
0.79000,0.48000,0.99259,0.00741
0.81000,0.48000,0.96434,0.03566
0.83000,0.48000,0.99445,0.00555
0.85000,0.48000,0.98063,0.01937
0.87000,0.48000,0.99171,0.00829
0.89000,0.48000,0.96487,0.03513
0.91000,0.48000,0.99386,0.00614
0.93000,0.48000,0.97204,0.02796
0.95000,0.48000,0.98942,0.01058
0.97000,0.48000,0.98401,0.01599
0.99000,0.48000,0.99156,0.00844
1.01000,0.48000,0.99252,0.00748
1.03000,0.48000,0.99363,0.00637
1.05000,0.48000,0.99113,0.00887
1.07000,0.48000,0.98069,0.01931
1.09000,0.48000,0.99571,0.00429
1.11000,0.48000,0.97394,0.02606
1.13000,0.48000,0.99579,0.00421
1.15000,0.48000,0.98468,0.01532
1.17000,0.48000,0.99629,0.00371
1.19000,0.48000,0.97979,0.02021
1.21000,0.48000,0.99268,0.00732
1.23000,0.48000,0.98915,0.01085
1.25000,0.48000,0.99449,0.00551
1.27000,0.48000,0.98452,0.01548
1.29000,0.48000,0.99086,0.00914
1.31000,0.48000,0.97977,0.02023
1.33000,0.48000,0.98027,0.01973
1.35000,0.48000,0.97104,0.02896
1.37000,0.48000,0.98693,0.01308
1.39000,0.48000,0.98308,0.01692
1.41000,0.48000,0.97231,0.02769
1.43000,0.48000,0.98319,0.01681
1.45000,0.48000,0.97010,0.02990
1.47000,0.48000,0.98661,0.01339
1.49000,0.48000,0.91855,0.08145
1.51000,0.48000,0.98928,0.01072
1.53000,0.48000,0.94270,0.05730
1.55000,0.48000,0.99222,0.00778
1.57000,0.48000,0.91881,0.08119
1.59000,0.48000,0.99397,0.00603
1.61000,0.48000,0.94530,0.05470
1.63000,0.48000,0.99532,0.00468
1.65000,0.48000,0.98066,0.01934
1.67000,0.48000,0.99646,0.00354
1.69000,0.48000,0.98823,0.01177
1.71000,0.48000,0.99470,0.00530
1.73000,0.48000,0.98152,0.01848
1.75000,0.48000,0.99562,0.00438
1.77000,0.48000,0.97685,0.02315
1.79000,0.48000,0.99339,0.00661
1.81000,0.48000,0.98855,0.01145
1.83000,0.48000,0.99185,0.00815
1.85000,0.48000,0.98761,0.01239
1.87000,0.48000,0.99615,0.00385
1.89000,0.48000,0.98643,0.01357
1.91000,0.48000,0.99742,0.00258
1.93000,0.48000,0.99086,0.00914
1.95000,0.48000,0.99711,0.00289
1.97000,0.48000,0.99195,0.00805
1.99000,0.48000,0.99600,0.00400
2.01000,0.48000,0.91197,0.08803
2.03000,0.48000,0.95509,0.04491
2.05000,0.48000,0.89137,0.10863
2.07000,0.48000,0.89463,0.10537
2.09000,0.48000,0.48930,0.51070
2.11000,0.48000,0.79057,0.20943
2.13000,0.48000,0.29598,0.70402
2.15000,0.48000,0.46569,0.53431
2.17000,0.48000,0.08714,0.91286
2.19000,0.48000,0.29947,0.70053
2.21000,0.48000,0.10162,0.89838
2.23000,0.48000,0.25857,0.74143
2.25000,0.48000,0.08469,0.91531
2.27000,0.48000,0.17947,0.82053
2.29000,0.48000,0.05230,0.94770
2.31000,0.48000,0.15740,0.84260
2.33000,0.48000,0.03682,0.96318
2.35000,0.48000,0.12835,0.87165
2.37000,0.48000,0.02172,0.97828
2.39000,0.48000,0.01605,0.98395
2.41000,0.48000,0.01003,0.98997
2.43000,0.48000,0.00520,0.99480
2.45000,0.48000,0.00592,0.99408
2.47000,0.48000,0.00484,0.99516
2.49000,0.48000,0.00971,0.99029
2.51000,0.48000,0.00424,0.99576
2.53000,0.48000,0.00716,0.99284
2.55000,0.48000,0.00675,0.99325
2.57000,0.48000,0.00729,0.99271
2.59000,0.48000,0.00395,0.99605
2.61000,0.48000,0.00557,0.99443
2.63000,0.48000,0.00459,0.99541
2.65000,0.48000,0.00642,0.99358
2.67000,0.48000,0.00395,0.99605
2.69000,0.48000,0.01190,0.98810
2.71000,0.48000,0.00737,0.99263
2.73000,0.48000,0.01524,0.98476
2.75000,0.48000,0.00188,0.99812
2.77000,0.48000,0.00886,0.99114
2.79000,0.48000,0.00327,0.99673
2.81000,0.48000,0.00473,0.99527
2.83000,0.48000,0.00324,0.99676
2.85000,0.48000,0.00978,0.99022
2.87000,0.48000,0.00333,0.99667
2.89000,0.48000,0.00735,0.99265
2.91000,0.48000,0.00206,0.99794
2.93000,0.48000,0.01030,0.98970
2.95000,0.48000,0.00146,0.99854
2.97000,0.48000,0.00674,0.99326
2.99000,0.48000,0.00103,0.99897
3.01000,0.48000,0.01510,0.98490
3.03000,0.48000,0.00299,0.99701
3.05000,0.48000,0.01712,0.98288
3.07000,0.48000,0.01739,0.98261
3.09000,0.48000,0.05680,0.94320
3.11000,0.48000,0.01816,0.98184
3.13000,0.48000,0.01137,0.98863
3.15000,0.48000,0.00243,0.99757
3.17000,0.48000,0.00668,0.99332
3.19000,0.48000,0.00154,0.99846
3.21000,0.48000,0.00982,0.99018
3.23000,0.48000,0.00118,0.99882
3.25000,0.48000,0.01544,0.98456
3.27000,0.48000,0.00103,0.99897
3.29000,0.48000,0.00865,0.99135
3.31000,0.48000,0.00166,0.99834
3.33000,0.48000,0.00548,0.99452
3.35000,0.48000,0.00222,0.99778
3.37000,0.48000,0.00677,0.99323
3.39000,0.48000,0.00386,0.99614
3.41000,0.48000,0.00517,0.99483
3.43000,0.48000,0.00261,0.99739
3.45000,0.48000,0.01389,0.98611
3.47000,0.48000,0.00493,0.99507
3.49000,0.48000,0.00827,0.99173
3.51000,0.48000,0.00178,0.99822
3.53000,0.48000,0.00752,0.99248
3.55000,0.48000,0.00277,0.99723
3.57000,0.48000,0.00881,0.99119
3.59000,0.48000,0.00302,0.99698
3.61000,0.48000,0.00598,0.99402
3.63000,0.48000,0.00710,0.99290
3.65000,0.48000,0.00541,0.99459
3.67000,0.48000,0.00627,0.99373
3.69000,0.48000,0.00388,0.99612
3.71000,0.48000,0.00689,0.99311
3.73000,0.48000,0.00709,0.99291
3.75000,0.48000,0.00936,0.99064
3.77000,0.48000,0.00559,0.99441
3.79000,0.48000,0.00438,0.99562
3.81000,0.48000,0.00740,0.99260
3.83000,0.48000,0.00506,0.99494
3.85000,0.48000,0.01415,0.98585
3.87000,0.48000,0.00323,0.99677
3.89000,0.48000,0.00805,0.99195
3.91000,0.48000,0.00465,0.99535
3.93000,0.48000,0.00209,0.99791
3.95000,0.48000,0.00325,0.99675
3.97000,0.48000,0.00222,0.99778
3.99000,0.48000,0.00350,0.99650
4.01000,0.48000,0.00246,0.99754
4.03000,0.48000,0.00641,0.99359
4.05000,0.48000,0.00695,0.99305
4.07000,0.48000,0.00323,0.99677
4.09000,0.48000,0.00468,0.99532
4.11000,0.48000,0.00283,0.99717
4.13000,0.48000,0.00472,0.99528
4.15000,0.48000,0.00426,0.99574
4.17000,0.48000,0.00635,0.99365
4.19000,0.48000,0.00308,0.99692
4.21000,0.48000,0.00602,0.99398
4.23000,0.48000,0.00478,0.99522
4.25000,0.48000,0.00551,0.99449
4.27000,0.48000,0.00350,0.99650
4.29000,0.48000,0.00675,0.99325
4.31000,0.48000,0.00338,0.99662
4.33000,0.48000,0.00386,0.99614
4.35000,0.48000,0.00281,0.99719
4.37000,0.48000,0.00516,0.99484
4.39000,0.48000,0.00422,0.99578
4.41000,0.48000,0.01526,0.98474
4.43000,0.48000,0.00430,0.99570
4.45000,0.48000,0.01097,0.98903
4.47000,0.48000,0.00550,0.99450
4.49000,0.48000,0.03297,0.96703
4.51000,0.48000,0.01202,0.98798
4.53000,0.48000,0.06365,0.93635
4.55000,0.48000,0.04481,0.95519
4.57000,0.48000,0.03405,0.96595
4.59000,0.48000,0.00455,0.99545
4.61000,0.48000,0.02309,0.97691
4.63000,0.48000,0.00491,0.99509
4.65000,0.48000,0.01557,0.98443
4.67000,0.48000,0.00247,0.99753
4.69000,0.48000,0.01346,0.98654
4.71000,0.48000,0.01097,0.98903
4.73000,0.48000,0.01106,0.98894
4.75000,0.48000,0.00499,0.99501
4.77000,0.48000,0.01585,0.98415
4.79000,0.48000,0.01018,0.98982
4.81000,0.48000,0.01577,0.98423
4.83000,0.48000,0.00519,0.99481
4.85000,0.48000,0.00204,0.99795
4.87000,0.48000,0.02773,0.97227
4.89000,0.48000,0.02813,0.97187
4.91000,0.48000,0.02397,0.97603
4.93000,0.48000,0.03640,0.96360
4.95000,0.48000,0.02548,0.97452
4.97000,0.48000,0.00783,0.99217
4.99000,0.48000,0.00876,0.99124
5.01000,0.48000,0.00419,0.99581
5.03000,0.48000,0.02340,0.97660
5.05000,0.48000,0.00897,0.99103
5.07000,0.48000,0.03750,0.96250
5.09000,0.48000,0.00875,0.99125
5.11000,0.48000,0.01600,0.98400
5.13000,0.48000,0.01006,0.98994
5.15000,0.48000,0.01284,0.98716
5.17000,0.48000,0.01619,0.98381
5.19000,0.48000,0.01081,0.98919
5.21000,0.48000,0.01217,0.98783
5.23000,0.48000,0.00860,0.99140
5.25000,0.48000,0.00853,0.99147
5.27000,0.48000,0.00470,0.99530
5.29000,0.48000,0.00527,0.99473
5.31000,0.48000,0.00359,0.99641
5.33000,0.48000,0.00206,0.99794
5.35000,0.48000,0.00282,0.99718
5.37000,0.48000,0.00355,0.99645
5.39000,0.48000,0.00448,0.99552
5.41000,0.48000,0.00266,0.99734
5.43000,0.48000,0.00207,0.99793
5.45000,0.48000,0.00422,0.99578
5.47000,0.48000,0.00197,0.99803
5.49000,0.48000,0.00072,0.99928
5.51000,0.48000,0.00208,0.99792
5.53000,0.48000,0.00117,0.99883
5.55000,0.48000,0.00358,0.99642
5.57000,0.48000,0.00076,0.99924
5.59000,0.48000,0.00751,0.99249
5.61000,0.48000,0.00220,0.99780
5.63000,0.48000,0.02964,0.97036
5.65000,0.48000,0.00383,0.99617
5.67000,0.48000,0.01291,0.98709
5.69000,0.48000,0.00267,0.99733
5.71000,0.48000,0.00396,0.99604
5.73000,0.48000,0.00255,0.99745
5.75000,0.48000,0.00375,0.99625
5.77000,0.48000,0.00276,0.99724
5.79000,0.48000,0.00760,0.99240
5.81000,0.48000,0.00578,0.99422
5.83000,0.48000,0.00907,0.99093
5.85000,0.48000,0.00746,0.99254
5.87000,0.48000,0.01054,0.98946
5.89000,0.48000,0.00864,0.99136
5.91000,0.48000,0.00431,0.99569
5.93000,0.48000,0.00965,0.99035
5.95000,0.48000,0.00587,0.99413
5.97000,0.48000,0.00548,0.99452
5.99000,0.48000,0.01168,0.98832
6.01000,0.48000,0.01022,0.98978
6.03000,0.48000,0.01204,0.98796
6.05000,0.48000,0.00711,0.99289
6.07000,0.48000,0.00228,0.99772
6.09000,0.48000,0.00308,0.99692
6.11000,0.48000,0.00304,0.99696
6.13000,0.48000,0.00377,0.99623
6.15000,0.48000,0.00154,0.99846
6.17000,0.48000,0.00179,0.99821
6.19000,0.48000,0.00162,0.99838
6.21000,0.48000,0.00389,0.99611
6.23000,0.48000,0.00133,0.99867
6.25000,0.48000,0.00203,0.99797
6.27000,0.48000,0.00191,0.99809
6.29000,0.48000,0.00271,0.99729
6.31000,0.48000,0.00287,0.99713
6.33000,0.48000,0.00135,0.99865
6.35000,0.48000,0.00438,0.99562
6.37000,0.48000,0.00545,0.99455
6.39000,0.48000,0.00269,0.99731
6.41000,0.48000,0.00422,0.99578
6.43000,0.48000,0.00402,0.99598
6.45000,0.48000,0.00649,0.99351
6.47000,0.48000,0.00809,0.99191
6.49000,0.48000,0.00812,0.99188
6.51000,0.48000,0.00821,0.99179
6.53000,0.48000,0.00602,0.99398
6.55000,0.48000,0.00724,0.99276
6.57000,0.48000,0.00865,0.99135
6.59000,0.48000,0.00970,0.99030
6.61000,0.48000,0.00554,0.99446
6.63000,0.48000,0.01077,0.98923
6.65000,0.48000,0.00426,0.99574
6.67000,0.48000,0.01093,0.98907
6.69000,0.48000,0.00072,0.99928
6.71000,0.48000,0.00855,0.99145
6.73000,0.48000,0.00165,0.99835
6.75000,0.48000,0.00966,0.99034
6.77000,0.48000,0.00344,0.99656
6.79000,0.48000,0.00593,0.99407
6.81000,0.48000,0.00278,0.99722
6.83000,0.48000,0.00469,0.99531
6.85000,0.48000,0.00191,0.99809
6.87000,0.48000,0.00369,0.99631
6.89000,0.48000,0.00167,0.99833
6.91000,0.48000,0.00274,0.99726
6.93000,0.48000,0.00167,0.99833
6.95000,0.48000,0.00333,0.99667
6.97000,0.48000,0.00115,0.99885
6.99000,0.48000,0.00155,0.99845
7.01000,0.48000,0.00055,0.99945
7.03000,0.48000,0.00150,0.99850
7.05000,0.48000,0.00109,0.99891
7.07000,0.48000,0.00106,0.99894
7.09000,0.48000,0.00107,0.99893
7.11000,0.48000,0.00042,0.99958
7.13000,0.48000,0.00088,0.99912
7.15000,0.48000,0.00040,0.99960
7.17000,0.48000,0.00177,0.99823
7.19000,0.48000,0.00055,0.99945
7.21000,0.48000,0.00088,0.99912
7.23000,0.48000,0.00018,0.99982
7.25000,0.48000,0.00134,0.99866
7.27000,0.48000,0.00025,0.99975
7.29000,0.48000,0.00182,0.99818
7.31000,0.48000,0.00039,0.99961
7.33000,0.48000,0.00267,0.99733
7.35000,0.48000,0.00051,0.99949
7.37000,0.48000,0.00334,0.99666
7.39000,0.48000,0.00058,0.99942
7.41000,0.48000,0.00263,0.99737
7.43000,0.48000,0.00069,0.99931
7.45000,0.48000,0.00390,0.99610
7.47000,0.48000,0.00061,0.99939
7.49000,0.48000,0.00165,0.99835
7.51000,0.48000,0.00046,0.99954
7.53000,0.48000,0.00202,0.99798
7.55000,0.48000,0.00084,0.99916
7.57000,0.48000,0.00180,0.99820
7.59000,0.48000,0.00125,0.99875
7.61000,0.48000,0.00115,0.99885
7.63000,0.48000,0.00143,0.99857
7.65000,0.48000,0.00067,0.99933
7.67000,0.48000,0.00262,0.99738
7.69000,0.48000,0.00124,0.99876
7.71000,0.48000,0.00392,0.99608
7.73000,0.48000,0.00168,0.99832
7.75000,0.48000,0.01706,0.98294
7.77000,0.48000,0.00559,0.99441
7.79000,0.48000,0.00733,0.99267
7.81000,0.48000,0.00367,0.99633
7.83000,0.48000,0.00667,0.99333
7.85000,0.48000,0.00241,0.99759
7.87000,0.48000,0.00377,0.99623
7.89000,0.48000,0.00311,0.99689
7.91000,0.48000,0.00447,0.99553
7.93000,0.48000,0.00426,0.99574
7.95000,0.48000,0.00234,0.99766
7.97000,0.48000,0.00326,0.99674
7.99000,0.48000,0.00337,0.99663
8.01000,0.48000,0.00243,0.99757
8.03000,0.48000,0.00699,0.99301
8.05000,0.48000,0.02335,0.97665
8.07000,0.48000,0.01665,0.98335
8.09000,0.48000,0.09519,0.90481
8.11000,0.48000,0.10502,0.89498
8.13000,0.48000,0.54667,0.45333
8.15000,0.48000,0.34333,0.65667
8.17000,0.48000,0.46284,0.53716
8.19000,0.48000,0.57316,0.42684
8.21000,0.48000,0.62459,0.37541
8.23000,0.48000,0.27544,0.72456
8.25000,0.48000,0.60377,0.39623
8.27000,0.48000,0.57793,0.42207
8.29000,0.48000,0.85935,0.14065
8.31000,0.48000,0.66635,0.33365
8.33000,0.48000,0.79956,0.20044
8.35000,0.48000,0.89018,0.10982
8.37000,0.48000,0.96177,0.03823
8.39000,0.48000,0.98407,0.01593
8.41000,0.48000,0.99295,0.00705
8.43000,0.48000,0.99454,0.00546
8.45000,0.48000,0.99823,0.00177
8.47000,0.48000,0.99625,0.00375
8.49000,0.48000,0.99687,0.00313
8.51000,0.48000,0.99620,0.00380
8.53000,0.48000,0.99765,0.00235
8.55000,0.48000,0.99572,0.00428
8.57000,0.48000,0.99499,0.00501
8.59000,0.48000,0.99290,0.00710
8.61000,0.48000,0.99578,0.00422
8.63000,0.48000,0.99144,0.00856
8.65000,0.48000,0.99658,0.00342
8.67000,0.48000,0.99237,0.00763
8.69000,0.48000,0.99555,0.00445
8.71000,0.48000,0.99545,0.00455
8.73000,0.48000,0.99695,0.00305
8.75000,0.48000,0.99430,0.00570
8.77000,0.48000,0.99717,0.00283
8.79000,0.48000,0.99079,0.00921
8.81000,0.48000,0.99474,0.00526
8.83000,0.48000,0.99475,0.00525
8.85000,0.48000,0.99630,0.00370
8.87000,0.48000,0.98937,0.01063
8.89000,0.48000,0.99543,0.00457
8.91000,0.48000,0.99458,0.00542
8.93000,0.48000,0.99659,0.00341
8.95000,0.48000,0.99301,0.00699
8.97000,0.48000,0.99327,0.00673
8.99000,0.48000,0.99217,0.00783
9.01000,0.48000,0.99537,0.00463
9.03000,0.48000,0.97972,0.02028
9.05000,0.48000,0.97674,0.02326
9.07000,0.48000,0.97318,0.02682
9.09000,0.48000,0.96439,0.03561
9.11000,0.48000,0.95450,0.04550
9.13000,0.48000,0.96770,0.03230
9.15000,0.48000,0.97894,0.02106
9.17000,0.48000,0.98179,0.01821
9.19000,0.48000,0.97833,0.02167
9.21000,0.48000,0.98550,0.01450
9.23000,0.48000,0.98994,0.01006
9.25000,0.48000,0.98236,0.01764
9.27000,0.48000,0.98636,0.01364
9.29000,0.48000,0.98517,0.01483
9.31000,0.48000,0.98596,0.01404
9.33000,0.48000,0.98553,0.01447
9.35000,0.48000,0.98079,0.01921
9.37000,0.48000,0.98217,0.01783
9.39000,0.48000,0.98464,0.01536
9.41000,0.48000,0.98330,0.01670
9.43000,0.48000,0.98333,0.01667
9.45000,0.48000,0.98444,0.01556
9.47000,0.48000,0.97887,0.02113
9.49000,0.48000,0.98966,0.01034
9.51000,0.48000,0.97810,0.02190
9.53000,0.48000,0.99109,0.00891
9.55000,0.48000,0.99071,0.00929
9.57000,0.48000,0.99553,0.00447
9.59000,0.48000,0.98448,0.01552
9.61000,0.48000,0.98788,0.01212
9.63000,0.48000,0.98662,0.01338
9.65000,0.48000,0.98749,0.01251
9.67000,0.48000,0.97829,0.02171
9.69000,0.48000,0.99167,0.00833
9.71000,0.48000,0.98577,0.01422
9.73000,0.48000,0.98127,0.01873
9.75000,0.48000,0.98646,0.01354
9.77000,0.48000,0.98460,0.01540
9.79000,0.48000,0.98280,0.01720
9.81000,0.48000,0.98843,0.01157
9.83000,0.48000,0.97922,0.02078
9.85000,0.48000,0.99072,0.00928
9.87000,0.48000,0.98073,0.01927
9.89000,0.48000,0.99206,0.00794
9.91000,0.48000,0.99386,0.00614
9.93000,0.48000,0.99410,0.00590
9.95000,0.48000,0.98120,0.01880
9.97000,0.48000,0.99618,0.00382
9.99000,0.48000,0.98911,0.01089
10.01000,0.48000,0.99359,0.00641
10.03000,0.48000,0.99212,0.00788
10.05000,0.48000,0.99464,0.00536
10.07000,0.48000,0.98851,0.01149
10.09000,0.48000,0.99734,0.00266
10.11000,0.48000,0.99058,0.00942
10.13000,0.48000,0.99586,0.00414
10.15000,0.48000,0.99611,0.00389
10.17000,0.48000,0.99463,0.00537
10.19000,0.48000,0.99513,0.00487
10.21000,0.48000,0.99552,0.00448
10.23000,0.48000,0.95065,0.04935
10.25000,0.48000,0.98886,0.01114
10.27000,0.48000,0.97190,0.02810
10.29000,0.48000,0.97984,0.02016
10.31000,0.48000,0.97664,0.02336
10.33000,0.48000,0.97779,0.02221
10.35000,0.48000,0.95122,0.04878
10.37000,0.48000,0.98527,0.01473
10.39000,0.48000,0.96524,0.03476
10.41000,0.48000,0.97848,0.02152
10.43000,0.48000,0.97163,0.02837
10.45000,0.48000,0.97980,0.02020
10.47000,0.48000,0.95742,0.04258
10.49000,0.48000,0.97539,0.02461
10.51000,0.48000,0.94693,0.05307
10.53000,0.48000,0.98182,0.01818
10.55000,0.48000,0.90475,0.09525
10.57000,0.48000,0.97398,0.02602
10.59000,0.48000,0.96590,0.03410
10.61000,0.48000,0.97509,0.02491
10.63000,0.48000,0.89141,0.10859
10.65000,0.48000,0.98701,0.01299
10.67000,0.48000,0.98062,0.01938
10.69000,0.48000,0.97008,0.02992
10.71000,0.48000,0.97930,0.02070
10.73000,0.48000,0.98638,0.01362
10.75000,0.48000,0.98922,0.01078
10.77000,0.48000,0.94134,0.05866
10.79000,0.48000,0.98561,0.01439
10.81000,0.48000,0.96105,0.03895
10.83000,0.48000,0.97424,0.02576
10.85000,0.48000,0.97084,0.02916
10.87000,0.48000,0.99431,0.00569
10.89000,0.48000,0.95970,0.04030
10.91000,0.48000,0.99708,0.00292
10.93000,0.48000,0.94801,0.05199
10.95000,0.48000,0.99543,0.00457
10.97000,0.48000,0.96848,0.03152
10.99000,0.48000,0.99603,0.00397
11.01000,0.48000,0.96000,0.04000
11.03000,0.48000,0.99678,0.00322
11.05000,0.48000,0.98059,0.01941
11.07000,0.48000,0.99423,0.00577
11.09000,0.48000,0.98280,0.01720
11.11000,0.48000,0.99332,0.00668
11.13000,0.48000,0.98193,0.01807
11.15000,0.48000,0.99311,0.00689
11.17000,0.48000,0.97061,0.02939
11.19000,0.48000,0.99450,0.00550
11.21000,0.48000,0.99641,0.00359
11.23000,0.48000,0.98962,0.01038
11.25000,0.48000,0.99736,0.00264
11.27000,0.48000,0.99118,0.00882
11.29000,0.48000,0.99675,0.00325
11.31000,0.48000,0.99520,0.00480
11.33000,0.48000,0.99649,0.00351
11.35000,0.48000,0.98795,0.01205
11.37000,0.48000,0.99706,0.00294
11.39000,0.48000,0.99178,0.00822
11.41000,0.48000,0.99637,0.00363
11.43000,0.48000,0.97137,0.02863
11.45000,0.48000,0.99719,0.00281
11.47000,0.48000,0.98692,0.01308
11.49000,0.48000,0.99863,0.00137
11.51000,0.48000,0.97211,0.02789
11.53000,0.48000,0.99766,0.00234
11.55000,0.48000,0.97903,0.02097
11.57000,0.48000,0.99703,0.00297
11.59000,0.48000,0.96073,0.03927
11.61000,0.48000,0.99695,0.00305
11.63000,0.48000,0.91538,0.08462
11.65000,0.48000,0.97814,0.02186
11.67000,0.48000,0.80955,0.19045
11.69000,0.48000,0.96437,0.03563
11.71000,0.48000,0.58080,0.41920
11.73000,0.48000,0.81930,0.18070
11.75000,0.48000,0.38996,0.61004
11.77000,0.48000,0.88113,0.11887
11.79000,0.48000,0.21472,0.78528
11.81000,0.48000,0.52210,0.47790
11.83000,0.48000,0.29516,0.70484
11.85000,0.48000,0.53252,0.46748
11.87000,0.48000,0.14543,0.85457
11.89000,0.48000,0.38775,0.61225
11.91000,0.48000,0.10157,0.89843
11.93000,0.48000,0.30157,0.69843
11.95000,0.48000,0.03933,0.96067
11.97000,0.48000,0.10592,0.89408
11.99000,0.48000,0.01930,0.98070
12.01000,0.48000,0.05808,0.94192
12.03000,0.48000,0.01866,0.98134
12.05000,0.48000,0.01130,0.98870
12.07000,0.48000,0.00457,0.99543
12.09000,0.48000,0.01248,0.98752
12.11000,0.48000,0.00452,0.99548
12.13000,0.48000,0.00551,0.99449
12.15000,0.48000,0.00370,0.99630
12.17000,0.48000,0.00736,0.99264
12.19000,0.48000,0.00281,0.99719
12.21000,0.48000,0.00281,0.99719
12.23000,0.48000,0.00245,0.99755
12.25000,0.48000,0.00383,0.99617
12.27000,0.48000,0.00468,0.99532
12.29000,0.48000,0.00774,0.99226
12.31000,0.48000,0.01582,0.98418
12.33000,0.48000,0.00702,0.99298
12.35000,0.48000,0.02158,0.97842
12.37000,0.48000,0.00673,0.99327
12.39000,0.48000,0.01764,0.98236
12.41000,0.48000,0.00613,0.99387
12.43000,0.48000,0.00883,0.99117
12.45000,0.48000,0.00920,0.99080
12.47000,0.48000,0.00696,0.99304
12.49000,0.48000,0.00534,0.99466
12.51000,0.48000,0.00968,0.99032
12.53000,0.48000,0.00575,0.99425
12.55000,0.48000,0.01071,0.98929
12.57000,0.48000,0.00674,0.99326
12.59000,0.48000,0.01459,0.98541
12.61000,0.48000,0.00340,0.99660
12.63000,0.48000,0.01278,0.98722
12.65000,0.48000,0.00603,0.99397
12.67000,0.48000,0.03781,0.96219
12.69000,0.48000,0.02712,0.97288
12.71000,0.48000,0.03663,0.96337
12.73000,0.48000,0.00932,0.99068
12.75000,0.48000,0.00794,0.99206
12.77000,0.48000,0.00684,0.99316
12.79000,0.48000,0.00721,0.99279
12.81000,0.48000,0.00364,0.99636
12.83000,0.48000,0.00615,0.99385
12.85000,0.48000,0.00450,0.99550
12.87000,0.48000,0.01053,0.98947
12.89000,0.48000,0.00322,0.99678
12.91000,0.48000,0.01111,0.98889
12.93000,0.48000,0.00410,0.99590
12.95000,0.48000,0.00965,0.99035
12.97000,0.48000,0.00342,0.99658
12.99000,0.48000,0.00407,0.99593
13.01000,0.48000,0.00315,0.99685
13.03000,0.48000,0.00312,0.99688
13.05000,0.48000,0.00353,0.99647
13.07000,0.48000,0.00227,0.99773
13.09000,0.48000,0.00440,0.99560
13.11000,0.48000,0.00248,0.99752
13.13000,0.48000,0.00380,0.99620
13.15000,0.48000,0.00163,0.99837
13.17000,0.48000,0.00609,0.99391
13.19000,0.48000,0.00449,0.99551
13.21000,0.48000,0.00369,0.99631
13.23000,0.48000,0.00331,0.99669
13.25000,0.48000,0.00959,0.99041
13.27000,0.48000,0.01249,0.98751
13.29000,0.48000,0.01447,0.98553
13.31000,0.48000,0.06358,0.93642
13.33000,0.48000,0.09876,0.90124
13.35000,0.48000,0.06363,0.93637
13.37000,0.48000,0.12583,0.87417
13.39000,0.48000,0.12486,0.87514
13.41000,0.48000,0.18623,0.81377
13.43000,0.48000,0.23201,0.76799
13.45000,0.48000,0.17212,0.82788
13.47000,0.48000,0.06311,0.93689
13.49000,0.48000,0.07612,0.92388
13.51000,0.48000,0.04641,0.95359
13.53000,0.48000,0.02081,0.97919
13.55000,0.48000,0.03744,0.96256
13.57000,0.48000,0.03174,0.96826
13.59000,0.48000,0.06063,0.93937
13.61000,0.48000,0.04703,0.95297
13.63000,0.48000,0.04210,0.95790
13.65000,0.48000,0.22242,0.77759
13.67000,0.48000,0.21687,0.78313
13.69000,0.48000,0.21514,0.78486
13.71000,0.48000,0.22638,0.77362
13.73000,0.48000,0.11060,0.88940
13.75000,0.48000,0.09930,0.90070
13.77000,0.48000,0.03071,0.96929
13.79000,0.48000,0.08111,0.91889
13.81000,0.48000,0.02655,0.97345
13.83000,0.48000,0.02290,0.97710
13.85000,0.48000,0.00478,0.99522
13.87000,0.48000,0.00476,0.99524
13.89000,0.48000,0.00308,0.99692
13.91000,0.48000,0.00315,0.99685
13.93000,0.48000,0.00170,0.99830
13.95000,0.48000,0.00397,0.99603
13.97000,0.48000,0.00206,0.99794
13.99000,0.48000,0.00170,0.99830
14.01000,0.48000,0.00249,0.99751
14.03000,0.48000,0.00164,0.99836
14.05000,0.48000,0.00293,0.99707
14.07000,0.48000,0.00157,0.99843
14.09000,0.48000,0.00410,0.99590
14.11000,0.48000,0.00120,0.99880
14.13000,0.48000,0.00614,0.99386
14.15000,0.48000,0.00231,0.99769
14.17000,0.48000,0.00691,0.99309
14.19000,0.48000,0.00309,0.99691
14.21000,0.48000,0.00640,0.99360
14.23000,0.48000,0.00332,0.99668
14.25000,0.48000,0.00130,0.99870
14.27000,0.48000,0.00178,0.99822
14.29000,0.48000,0.00215,0.99785
14.31000,0.48000,0.00263,0.99737
14.33000,0.48000,0.00152,0.99848
14.35000,0.48000,0.00123,0.99877
14.37000,0.48000,0.00452,0.99548
14.39000,0.48000,0.00322,0.99678
14.41000,0.48000,0.00202,0.99798
14.43000,0.48000,0.00277,0.99723
14.45000,0.48000,0.00381,0.99619
14.47000,0.48000,0.00346,0.99654
14.49000,0.48000,0.00147,0.99853
14.51000,0.48000,0.00287,0.99713
14.53000,0.48000,0.00156,0.99844
14.55000,0.48000,0.00425,0.99575
14.57000,0.48000,0.00209,0.99791
14.59000,0.48000,0.00371,0.99629
14.61000,0.48000,0.00220,0.99780
14.63000,0.48000,0.00364,0.99636
14.65000,0.48000,0.00278,0.99722
14.67000,0.48000,0.00356,0.99644
14.69000,0.48000,0.00194,0.99806
14.71000,0.48000,0.00571,0.99429
14.73000,0.48000,0.00273,0.99727
14.75000,0.48000,0.00264,0.99736
14.77000,0.48000,0.00291,0.99709
14.79000,0.48000,0.00316,0.99684
14.81000,0.48000,0.00392,0.99608
14.83000,0.48000,0.00232,0.99768
14.85000,0.48000,0.00468,0.99532
14.87000,0.48000,0.01314,0.98686
14.89000,0.48000,0.00623,0.99377
14.91000,0.48000,0.02431,0.97569
14.93000,0.48000,0.00903,0.99097
14.95000,0.48000,0.03189,0.96811
14.97000,0.48000,0.01064,0.98936
14.99000,0.48000,0.03446,0.96554
15.01000,0.48000,0.00487,0.99513
15.03000,0.48000,0.02103,0.97897
15.05000,0.48000,0.00671,0.99329
15.07000,0.48000,0.01619,0.98381
15.09000,0.48000,0.00591,0.99409
15.11000,0.48000,0.02032,0.97968
15.13000,0.48000,0.00450,0.99550
15.15000,0.48000,0.01001,0.98999
15.17000,0.48000,0.00338,0.99662
15.19000,0.48000,0.01121,0.98879
15.21000,0.48000,0.00413,0.99587
15.23000,0.48000,0.00822,0.99178
15.25000,0.48000,0.00390,0.99610
15.27000,0.48000,0.00439,0.99561
15.29000,0.48000,0.00277,0.99723
15.31000,0.48000,0.00364,0.99636
15.33000,0.48000,0.00171,0.99829
15.35000,0.48000,0.00314,0.99686
15.37000,0.48000,0.00152,0.99848
15.39000,0.48000,0.00258,0.99742
15.41000,0.48000,0.00184,0.99816
15.43000,0.48000,0.00626,0.99374
15.45000,0.48000,0.00231,0.99769
15.47000,0.48000,0.00337,0.99663
15.49000,0.48000,0.00287,0.99713
15.51000,0.48000,0.00383,0.99617
15.53000,0.48000,0.00344,0.99656
15.55000,0.48000,0.00170,0.99830
15.57000,0.48000,0.00269,0.99731
15.59000,0.48000,0.00171,0.99829
15.61000,0.48000,0.00191,0.99809
15.63000,0.48000,0.00145,0.99855
15.65000,0.48000,0.00195,0.99805
15.67000,0.48000,0.00171,0.99829
15.69000,0.48000,0.00137,0.99863
15.71000,0.48000,0.00168,0.99832
15.73000,0.48000,0.00263,0.99737
15.75000,0.48000,0.00225,0.99775
15.77000,0.48000,0.00191,0.99809
15.79000,0.48000,0.00336,0.99664
15.81000,0.48000,0.00158,0.99842
15.83000,0.48000,0.00225,0.99775
15.85000,0.48000,0.00142,0.99858
15.87000,0.48000,0.00342,0.99658
15.89000,0.48000,0.00150,0.99850
15.91000,0.48000,0.00333,0.99667
15.93000,0.48000,0.00230,0.99770
15.95000,0.48000,0.00289,0.99711
15.97000,0.48000,0.00203,0.99797
15.99000,0.48000,0.00446,0.99554
16.01000,0.48000,0.00447,0.99553
16.03000,0.48000,0.00389,0.99611
16.05000,0.48000,0.00283,0.99717
16.07000,0.48000,0.00432,0.99568
16.09000,0.48000,0.00211,0.99789
16.11000,0.48000,0.00671,0.99329
16.13000,0.48000,0.00491,0.99509
16.15000,0.48000,0.01198,0.98802
16.17000,0.48000,0.00584,0.99416
16.19000,0.48000,0.00575,0.99425
16.21000,0.48000,0.00380,0.99620
16.23000,0.48000,0.00506,0.99494
16.25000,0.48000,0.00232,0.99768
16.27000,0.48000,0.00320,0.99680
16.29000,0.48000,0.00128,0.99872
16.31000,0.48000,0.00239,0.99761
16.33000,0.48000,0.00086,0.99914
16.35000,0.48000,0.00156,0.99844
16.37000,0.48000,0.00102,0.99898
16.39000,0.48000,0.00326,0.99674
16.41000,0.48000,0.00081,0.99919
16.43000,0.48000,0.00150,0.99850
16.45000,0.48000,0.00057,0.99943
16.47000,0.48000,0.00082,0.99918
16.49000,0.48000,0.00055,0.99945
16.51000,0.48000,0.00070,0.99930
16.53000,0.48000,0.00044,0.99956
16.55000,0.48000,0.00091,0.99909
16.57000,0.48000,0.00091,0.99909
16.59000,0.48000,0.00117,0.99883
16.61000,0.48000,0.00140,0.99860
16.63000,0.48000,0.00259,0.99741
16.65000,0.48000,0.00314,0.99686
16.67000,0.48000,0.01121,0.98879
16.69000,0.48000,0.02313,0.97687
16.71000,0.48000,0.04743,0.95257
16.73000,0.48000,0.09341,0.90659
16.75000,0.48000,0.25726,0.74274
16.77000,0.48000,0.24836,0.75164
16.79000,0.48000,0.28181,0.71819
16.81000,0.48000,0.37855,0.62145
16.83000,0.48000,0.40822,0.59178
16.85000,0.48000,0.56183,0.43817
16.87000,0.48000,0.64685,0.35315
16.89000,0.48000,0.73197,0.26803
16.91000,0.48000,0.87040,0.12960
16.93000,0.48000,0.88955,0.11046
16.95000,0.48000,0.94914,0.05086
16.97000,0.48000,0.91234,0.08766
16.99000,0.48000,0.96227,0.03773
17.01000,0.48000,0.98980,0.01020
17.03000,0.48000,0.96454,0.03546
17.05000,0.48000,0.98529,0.01471
17.07000,0.48000,0.99056,0.00944
17.09000,0.48000,0.99213,0.00787
17.11000,0.48000,0.98371,0.01629
17.13000,0.48000,0.99410,0.00590
17.15000,0.48000,0.98206,0.01794
17.17000,0.48000,0.98477,0.01523
17.19000,0.48000,0.97470,0.02530
17.21000,0.48000,0.98119,0.01881
17.23000,0.48000,0.97406,0.02594
17.25000,0.48000,0.98054,0.01946
17.27000,0.48000,0.97741,0.02259
17.29000,0.48000,0.98722,0.01278
17.31000,0.48000,0.95844,0.04156
17.33000,0.48000,0.98486,0.01514
17.35000,0.48000,0.96764,0.03236
17.37000,0.48000,0.98431,0.01569
17.39000,0.48000,0.95740,0.04260
17.41000,0.48000,0.97972,0.02028
17.43000,0.48000,0.85069,0.14931
17.45000,0.48000,0.98711,0.01289
17.47000,0.48000,0.95862,0.04138
17.49000,0.48000,0.99051,0.00949
17.51000,0.48000,0.97153,0.02847
17.53000,0.48000,0.99564,0.00436
17.55000,0.48000,0.98591,0.01409
17.57000,0.48000,0.99212,0.00788
17.59000,0.48000,0.97994,0.02006
17.61000,0.48000,0.99484,0.00516
17.63000,0.48000,0.97224,0.02776
17.65000,0.48000,0.99217,0.00783
17.67000,0.48000,0.97318,0.02682
17.69000,0.48000,0.99543,0.00457
17.71000,0.48000,0.96393,0.03607
17.73000,0.48000,0.99549,0.00451
17.75000,0.48000,0.98964,0.01036
17.77000,0.48000,0.99031,0.00969
17.79000,0.48000,0.99047,0.00953
17.81000,0.48000,0.99254,0.00746
17.83000,0.48000,0.99317,0.00683
17.85000,0.48000,0.99038,0.00962
17.87000,0.48000,0.98349,0.01651
17.89000,0.48000,0.99671,0.00329
17.91000,0.48000,0.98471,0.01529
17.93000,0.48000,0.99305,0.00695
17.95000,0.48000,0.99192,0.00808
17.97000,0.48000,0.99248,0.00752
17.99000,0.48000,0.97463,0.02537
18.01000,0.48000,0.99462,0.00538
18.03000,0.48000,0.99068,0.00932
18.05000,0.48000,0.98814,0.01186
18.07000,0.48000,0.98938,0.01062
18.09000,0.48000,0.99234,0.00766
18.11000,0.48000,0.99243,0.00757
18.13000,0.48000,0.99262,0.00738
18.15000,0.48000,0.99148,0.00852
18.17000,0.48000,0.98854,0.01146
18.19000,0.48000,0.99285,0.00715
18.21000,0.48000,0.98980,0.01020
18.23000,0.48000,0.98538,0.01462
18.25000,0.48000,0.99248,0.00752
18.27000,0.48000,0.99257,0.00743
18.29000,0.48000,0.98832,0.01168
18.31000,0.48000,0.99404,0.00596
18.33000,0.48000,0.98552,0.01448
18.35000,0.48000,0.98991,0.01009
18.37000,0.48000,0.98822,0.01178
18.39000,0.48000,0.99375,0.00625
18.41000,0.48000,0.98672,0.01328
18.43000,0.48000,0.99521,0.00479
18.45000,0.48000,0.98785,0.01215
18.47000,0.48000,0.99572,0.00428
18.49000,0.48000,0.99404,0.00596
18.51000,0.48000,0.98919,0.01081
18.53000,0.48000,0.99488,0.00512
18.55000,0.48000,0.99501,0.00499
18.57000,0.48000,0.99430,0.00570
18.59000,0.48000,0.99474,0.00526
18.61000,0.48000,0.99591,0.00409
18.63000,0.48000,0.98696,0.01304
18.65000,0.48000,0.99688,0.00312
18.67000,0.48000,0.99233,0.00767
18.69000,0.48000,0.99510,0.00490
18.71000,0.48000,0.99484,0.00516
18.73000,0.48000,0.99673,0.00327
18.75000,0.48000,0.98639,0.01361
18.77000,0.48000,0.99715,0.00285
18.79000,0.48000,0.97277,0.02723
18.81000,0.48000,0.99650,0.00350
18.83000,0.48000,0.97571,0.02429
18.85000,0.48000,0.97989,0.02011
18.87000,0.48000,0.96256,0.03744
18.89000,0.48000,0.94977,0.05023
18.91000,0.48000,0.87500,0.12500
18.93000,0.48000,0.95565,0.04435
18.95000,0.48000,0.94274,0.05726
18.97000,0.48000,0.93069,0.06931
18.99000,0.48000,0.95239,0.04761
19.01000,0.48000,0.91511,0.08489
19.03000,0.48000,0.94982,0.05018
19.05000,0.48000,0.95801,0.04199
19.07000,0.48000,0.96520,0.03480
19.09000,0.48000,0.90731,0.09269
19.11000,0.48000,0.96128,0.03872
19.13000,0.48000,0.95824,0.04176
19.15000,0.48000,0.98692,0.01308
19.17000,0.48000,0.88538,0.11462
19.19000,0.48000,0.98300,0.01700
19.21000,0.48000,0.96714,0.03286
19.23000,0.48000,0.99192,0.00808
19.25000,0.48000,0.93176,0.06824
19.27000,0.48000,0.99637,0.00363
19.29000,0.48000,0.99114,0.00886
19.31000,0.48000,0.99425,0.00575
19.33000,0.48000,0.97810,0.02190
19.35000,0.48000,0.99735,0.00265
19.37000,0.48000,0.98463,0.01537
19.39000,0.48000,0.99678,0.00322
19.41000,0.48000,0.98868,0.01132
19.43000,0.48000,0.99549,0.00451
19.45000,0.48000,0.98333,0.01667
19.47000,0.48000,0.99830,0.00170
19.49000,0.48000,0.98879,0.01121
19.51000,0.48000,0.99720,0.00280
19.53000,0.48000,0.99205,0.00795
19.55000,0.48000,0.99528,0.00472
19.57000,0.48000,0.97870,0.02130
19.59000,0.48000,0.99540,0.00460
19.61000,0.48000,0.97534,0.02466
19.63000,0.48000,0.99120,0.00880
19.65000,0.48000,0.71606,0.28394
19.67000,0.48000,0.92684,0.07316
19.69000,0.48000,0.69114,0.30886
19.71000,0.48000,0.77925,0.22075
19.73000,0.48000,0.45790,0.54210
19.75000,0.48000,0.83523,0.16477
19.77000,0.48000,0.44161,0.55839
19.79000,0.48000,0.64305,0.35695
19.81000,0.48000,0.42981,0.57019
19.83000,0.48000,0.55880,0.44120
19.85000,0.48000,0.29734,0.70266
19.87000,0.48000,0.37532,0.62468
19.89000,0.48000,0.24932,0.75068
19.91000,0.48000,0.18272,0.81728
19.93000,0.48000,0.12917,0.87083
19.95000,0.48000,0.07992,0.92008
19.97000,0.48000,0.03282,0.96718
19.99000,0.48000,0.01905,0.98095
20.01000,0.48000,0.02172,0.97828
20.03000,0.48000,0.01153,0.98847
20.05000,0.48000,0.00747,0.99253
20.07000,0.48000,0.00413,0.99587
20.09000,0.48000,0.00637,0.99363
20.11000,0.48000,0.00660,0.99340
20.13000,0.48000,0.00631,0.99369
20.15000,0.48000,0.00395,0.99605
20.17000,0.48000,0.00929,0.99071
20.19000,0.48000,0.00732,0.99268
20.21000,0.48000,0.01327,0.98673
20.23000,0.48000,0.03255,0.96745
20.25000,0.48000,0.01414,0.98586
20.27000,0.48000,0.06688,0.93312
20.29000,0.48000,0.02252,0.97748
20.31000,0.48000,0.18372,0.81628
20.33000,0.48000,0.13040,0.86960
20.35000,0.48000,0.13931,0.86069
20.37000,0.48000,0.13771,0.86229
20.39000,0.48000,0.25169,0.74831
20.41000,0.48000,0.27244,0.72756
20.43000,0.48000,0.11936,0.88064
20.45000,0.48000,0.16443,0.83557
20.47000,0.48000,0.10060,0.89940
20.49000,0.48000,0.19477,0.80523
20.51000,0.48000,0.05594,0.94406
20.53000,0.48000,0.03724,0.96276
20.55000,0.48000,0.06000,0.94000
20.57000,0.48000,0.03646,0.96354
20.59000,0.48000,0.04450,0.95550
20.61000,0.48000,0.04080,0.95920
20.63000,0.48000,0.01514,0.98486
20.65000,0.48000,0.13859,0.86141
20.67000,0.48000,0.06442,0.93558
20.69000,0.48000,0.14441,0.85559
20.71000,0.48000,0.03505,0.96495
20.73000,0.48000,0.05480,0.94520
20.75000,0.48000,0.03306,0.96694
20.77000,0.48000,0.04678,0.95322
20.79000,0.48000,0.01160,0.98840
20.81000,0.48000,0.02873,0.97127
20.83000,0.48000,0.01056,0.98944
20.85000,0.48000,0.04191,0.95809
20.87000,0.48000,0.01778,0.98222
20.89000,0.48000,0.02538,0.97462
20.91000,0.48000,0.02680,0.97320
20.93000,0.48000,0.06447,0.93553
20.95000,0.48000,0.00913,0.99087
20.97000,0.48000,0.02596,0.97404
20.99000,0.48000,0.02757,0.97243
21.01000,0.48000,0.03972,0.96028
21.03000,0.48000,0.00718,0.99282
21.05000,0.48000,0.01359,0.98641
21.07000,0.48000,0.00568,0.99432
21.09000,0.48000,0.02096,0.97904
21.11000,0.48000,0.00494,0.99506
21.13000,0.48000,0.01379,0.98621
21.15000,0.48000,0.00169,0.99831
21.17000,0.48000,0.01732,0.98268
21.19000,0.48000,0.00486,0.99514
21.21000,0.48000,0.01304,0.98696
21.23000,0.48000,0.00402,0.99598
21.25000,0.48000,0.01091,0.98909
21.27000,0.48000,0.00241,0.99759
21.29000,0.48000,0.00390,0.99610
21.31000,0.48000,0.00535,0.99465
21.33000,0.48000,0.02897,0.97103
21.35000,0.48000,0.00584,0.99416
21.37000,0.48000,0.01310,0.98690
21.39000,0.48000,0.00733,0.99267
21.41000,0.48000,0.01797,0.98203
21.43000,0.48000,0.00450,0.99550
21.45000,0.48000,0.03329,0.96671
21.47000,0.48000,0.00690,0.99310
21.49000,0.48000,0.00981,0.99019
21.51000,0.48000,0.00566,0.99434
21.53000,0.48000,0.01184,0.98816
21.55000,0.48000,0.00138,0.99862
21.57000,0.48000,0.01269,0.98731
21.59000,0.48000,0.00174,0.99826
21.61000,0.48000,0.00774,0.99226
21.63000,0.48000,0.00409,0.99591
21.65000,0.48000,0.00948,0.99052
21.67000,0.48000,0.00498,0.99502
21.69000,0.48000,0.01253,0.98747
21.71000,0.48000,0.00654,0.99346
21.73000,0.48000,0.03845,0.96155
21.75000,0.48000,0.00413,0.99587
21.77000,0.48000,0.00853,0.99147
21.79000,0.48000,0.00296,0.99704
21.81000,0.48000,0.01818,0.98182
21.83000,0.48000,0.00352,0.99648
21.85000,0.48000,0.03239,0.96761
21.87000,0.48000,0.00473,0.99527
21.89000,0.48000,0.01939,0.98061
21.91000,0.48000,0.02406,0.97594
21.93000,0.48000,0.02780,0.97220
21.95000,0.48000,0.01743,0.98257
21.97000,0.48000,0.01661,0.98339
21.99000,0.48000,0.01873,0.98127
22.01000,0.48000,0.02628,0.97372
22.03000,0.48000,0.01517,0.98483
22.05000,0.48000,0.02024,0.97976
22.07000,0.48000,0.03891,0.96109
22.09000,0.48000,0.04390,0.95610
22.11000,0.48000,0.10604,0.89396
22.13000,0.48000,0.03514,0.96486
22.15000,0.48000,0.10858,0.89142
22.17000,0.48000,0.07565,0.92435
22.19000,0.48000,0.07964,0.92036
22.21000,0.48000,0.01581,0.98419
22.23000,0.48000,0.04857,0.95143
22.25000,0.48000,0.01947,0.98053
22.27000,0.48000,0.02270,0.97730
22.29000,0.48000,0.00931,0.99069
22.31000,0.48000,0.01105,0.98895
22.33000,0.48000,0.01831,0.98169
22.35000,0.48000,0.02795,0.97205
22.37000,0.48000,0.01338,0.98662
22.39000,0.48000,0.02665,0.97335
22.41000,0.48000,0.03380,0.96620
22.43000,0.48000,0.01997,0.98003
22.45000,0.48000,0.11543,0.88457
22.47000,0.48000,0.07991,0.92009
22.49000,0.48000,0.10817,0.89183
22.51000,0.48000,0.10187,0.89813
22.53000,0.48000,0.24661,0.75339
22.55000,0.48000,0.33961,0.66039
22.57000,0.48000,0.63145,0.36855
22.59000,0.48000,0.10188,0.89812
22.61000,0.48000,0.42491,0.57509
22.63000,0.48000,0.28907,0.71093
22.65000,0.48000,0.60184,0.39816
22.67000,0.48000,0.20710,0.79290
22.69000,0.48000,0.61230,0.38770
22.71000,0.48000,0.25912,0.74088
22.73000,0.48000,0.45066,0.54934
22.75000,0.48000,0.31143,0.68857
22.77000,0.48000,0.68637,0.31363
22.79000,0.48000,0.62878,0.37122
22.81000,0.48000,0.73449,0.26551
22.83000,0.48000,0.47067,0.52933
22.85000,0.48000,0.46127,0.53873
22.87000,0.48000,0.69836,0.30164
22.89000,0.48000,0.33198,0.66802
22.91000,0.48000,0.86357,0.13643
22.93000,0.48000,0.61509,0.38491
22.95000,0.48000,0.81365,0.18635
22.97000,0.48000,0.32291,0.67709
22.99000,0.48000,0.85064,0.14936
23.01000,0.48000,0.45118,0.54882
23.03000,0.48000,0.86603,0.13397
23.05000,0.48000,0.24567,0.75433
23.07000,0.48000,0.69174,0.30826
23.09000,0.48000,0.10731,0.89269
23.11000,0.48000,0.35583,0.64417
23.13000,0.48000,0.01880,0.98120
23.15000,0.48000,0.21732,0.78268
23.17000,0.48000,0.02103,0.97897
23.19000,0.48000,0.03055,0.96945
23.21000,0.48000,0.05386,0.94614
23.23000,0.48000,0.07616,0.92384
23.25000,0.48000,0.01072,0.98928
23.27000,0.48000,0.11760,0.88240
23.29000,0.48000,0.04934,0.95066
23.31000,0.48000,0.05744,0.94256
23.33000,0.48000,0.02916,0.97084
23.35000,0.48000,0.04335,0.95665
23.37000,0.48000,0.01482,0.98518
23.39000,0.48000,0.01965,0.98035
23.41000,0.48000,0.01464,0.98536
23.43000,0.48000,0.01836,0.98164
23.45000,0.48000,0.00700,0.99300
23.47000,0.48000,0.00927,0.99073
23.49000,0.48000,0.00799,0.99201
23.51000,0.48000,0.00851,0.99149
23.53000,0.48000,0.00611,0.99389
23.55000,0.48000,0.00899,0.99101
23.57000,0.48000,0.00608,0.99392
23.59000,0.48000,0.00693,0.99307
23.61000,0.48000,0.00658,0.99342
23.63000,0.48000,0.01019,0.98981
23.65000,0.48000,0.00867,0.99133
23.67000,0.48000,0.00927,0.99073
23.69000,0.48000,0.00518,0.99482
23.71000,0.48000,0.00796,0.99204
23.73000,0.48000,0.00663,0.99337
23.75000,0.48000,0.00548,0.99452
23.77000,0.48000,0.00265,0.99735
23.79000,0.48000,0.00615,0.99385
23.81000,0.48000,0.00351,0.99649
23.83000,0.48000,0.00477,0.99523
23.85000,0.48000,0.00380,0.99620
23.87000,0.48000,0.00744,0.99256
23.89000,0.48000,0.00308,0.99692
23.91000,0.48000,0.00521,0.99479
23.93000,0.48000,0.00550,0.99450
23.95000,0.48000,0.00830,0.99170
23.97000,0.48000,0.00401,0.99599
23.99000,0.48000,0.00726,0.99274
24.01000,0.48000,0.00621,0.99379
24.03000,0.48000,0.00447,0.99553
24.05000,0.48000,0.00551,0.99449
24.07000,0.48000,0.00431,0.99569
24.09000,0.48000,0.00807,0.99193
24.11000,0.48000,0.00538,0.99462
24.13000,0.48000,0.00839,0.99161
24.15000,0.48000,0.00323,0.99677
24.17000,0.48000,0.01158,0.98842
24.19000,0.48000,0.00275,0.99725
24.21000,0.48000,0.00811,0.99189
24.23000,0.48000,0.00310,0.99689
24.25000,0.48000,0.00730,0.99270
24.27000,0.48000,0.00276,0.99724
24.29000,0.48000,0.00991,0.99009
24.31000,0.48000,0.00378,0.99622
24.33000,0.48000,0.01426,0.98574
24.35000,0.48000,0.00486,0.99514
24.37000,0.48000,0.00651,0.99349
24.39000,0.48000,0.00368,0.99632
24.41000,0.48000,0.00684,0.99316
24.43000,0.48000,0.00283,0.99717
24.45000,0.48000,0.00915,0.99085
24.47000,0.48000,0.00213,0.99787
24.49000,0.48000,0.00535,0.99465
24.51000,0.48000,0.00308,0.99692
24.53000,0.48000,0.00398,0.99602
24.55000,0.48000,0.00281,0.99719
24.57000,0.48000,0.00699,0.99301
24.59000,0.48000,0.00444,0.99556
24.61000,0.48000,0.00495,0.99505
24.63000,0.48000,0.01214,0.98786
24.65000,0.48000,0.00765,0.99235
24.67000,0.48000,0.01011,0.98989
24.69000,0.48000,0.01735,0.98265
24.71000,0.48000,0.00755,0.99245
24.73000,0.48000,0.03313,0.96687
24.75000,0.48000,0.02010,0.97990
24.77000,0.48000,0.02707,0.97293
24.79000,0.48000,0.01714,0.98286
24.81000,0.48000,0.04158,0.95842
24.83000,0.48000,0.02831,0.97169
24.85000,0.48000,0.04026,0.95974
24.87000,0.48000,0.03692,0.96308
24.89000,0.48000,0.06075,0.93925
24.91000,0.48000,0.03500,0.96500
24.93000,0.48000,0.02382,0.97618
24.95000,0.48000,0.01334,0.98666
24.97000,0.48000,0.05955,0.94045
24.99000,0.48000,0.01738,0.98262
25.01000,0.48000,0.02863,0.97137
25.03000,0.48000,0.02303,0.97697
25.05000,0.48000,0.03640,0.96360
25.07000,0.48000,0.02409,0.97591
25.09000,0.48000,0.03082,0.96918
25.11000,0.48000,0.03249,0.96751
25.13000,0.48000,0.02486,0.97514
25.15000,0.48000,0.01613,0.98387
25.17000,0.48000,0.01233,0.98767
25.19000,0.48000,0.00905,0.99095
25.21000,0.48000,0.01692,0.98308
25.23000,0.48000,0.00537,0.99463
25.25000,0.48000,0.01542,0.98458
25.27000,0.48000,0.00716,0.99284
25.29000,0.48000,0.01308,0.98692
25.31000,0.48000,0.00355,0.99645
25.33000,0.48000,0.00818,0.99182
25.35000,0.48000,0.00235,0.99765
25.37000,0.48000,0.01165,0.98835
25.39000,0.48000,0.00203,0.99797
25.41000,0.48000,0.00892,0.99108
25.43000,0.48000,0.00186,0.99814
25.45000,0.48000,0.01825,0.98175
25.47000,0.48000,0.00192,0.99808
25.49000,0.48000,0.03979,0.96021
25.51000,0.48000,0.00396,0.99604
25.53000,0.48000,0.00845,0.99155
25.55000,0.48000,0.00272,0.99728
25.57000,0.48000,0.00689,0.99311
25.59000,0.48000,0.00169,0.99831
25.61000,0.48000,0.00452,0.99548
25.63000,0.48000,0.00276,0.99724
25.65000,0.48000,0.00312,0.99688
25.67000,0.48000,0.00175,0.99825
25.69000,0.48000,0.00138,0.99862
25.71000,0.48000,0.00181,0.99819
25.73000,0.48000,0.00167,0.99833
25.75000,0.48000,0.00260,0.99740
25.77000,0.48000,0.00340,0.99660
25.79000,0.48000,0.00396,0.99604
25.81000,0.48000,0.00389,0.99611
25.83000,0.48000,0.00446,0.99554
25.85000,0.48000,0.00256,0.99744
25.87000,0.48000,0.00466,0.99534
25.89000,0.48000,0.00445,0.99555
25.91000,0.48000,0.00290,0.99710
25.93000,0.48000,0.00400,0.99600
25.95000,0.48000,0.00340,0.99660
25.97000,0.48000,0.00376,0.99624
25.99000,0.48000,0.00337,0.99663
26.01000,0.48000,0.00743,0.99257
26.03000,0.48000,0.00206,0.99794
26.05000,0.48000,0.00473,0.99527
26.07000,0.48000,0.00203,0.99797
26.09000,0.48000,0.00394,0.99606
26.11000,0.48000,0.00194,0.99806
26.13000,0.48000,0.00258,0.99742
26.15000,0.48000,0.00260,0.99740
26.17000,0.48000,0.00166,0.99834
26.19000,0.48000,0.00146,0.99854
26.21000,0.48000,0.00107,0.99893
26.23000,0.48000,0.00115,0.99885
26.25000,0.48000,0.00113,0.99887
26.27000,0.48000,0.00297,0.99703
26.29000,0.48000,0.00089,0.99911
26.31000,0.48000,0.00327,0.99673
26.33000,0.48000,0.00133,0.99867
26.35000,0.48000,0.00335,0.99665
26.37000,0.48000,0.00097,0.99903
26.39000,0.48000,0.00194,0.99806
26.41000,0.48000,0.00086,0.99914
26.43000,0.48000,0.00143,0.99857
26.45000,0.48000,0.00055,0.99945
26.47000,0.48000,0.00096,0.99904
26.49000,0.48000,0.00070,0.99930
26.51000,0.48000,0.00050,0.99950
26.53000,0.48000,0.00077,0.99923
26.55000,0.48000,0.00040,0.99960
26.57000,0.48000,0.00078,0.99922
26.59000,0.48000,0.00031,0.99969
26.61000,0.48000,0.00117,0.99883
26.63000,0.48000,0.00028,0.99972
26.65000,0.48000,0.00094,0.99906
26.67000,0.48000,0.00045,0.99955
26.69000,0.48000,0.00088,0.99912
26.71000,0.48000,0.00066,0.99934
26.73000,0.48000,0.00165,0.99835
26.75000,0.48000,0.00056,0.99944
26.77000,0.48000,0.00215,0.99785
26.79000,0.48000,0.00119,0.99881
26.81000,0.48000,0.00230,0.99770
26.83000,0.48000,0.00093,0.99907
26.85000,0.48000,0.00299,0.99701
26.87000,0.48000,0.00240,0.99760
26.89000,0.48000,0.00331,0.99669
26.91000,0.48000,0.00292,0.99708
26.93000,0.48000,0.00229,0.99771
26.95000,0.48000,0.00398,0.99602
26.97000,0.48000,0.00205,0.99795
26.99000,0.48000,0.00557,0.99443
27.01000,0.48000,0.00561,0.99439
27.03000,0.48000,0.00414,0.99586
27.05000,0.48000,0.00488,0.99512
27.07000,0.48000,0.00321,0.99679
27.09000,0.48000,0.00513,0.99487
27.11000,0.48000,0.00530,0.99470
27.13000,0.48000,0.00559,0.99441
27.15000,0.48000,0.00557,0.99443
27.17000,0.48000,0.00387,0.99613
27.19000,0.48000,0.00802,0.99198
27.21000,0.48000,0.00617,0.99383
27.23000,0.48000,0.00540,0.99460
27.25000,0.48000,0.00557,0.99443
27.27000,0.48000,0.00635,0.99365
27.29000,0.48000,0.00735,0.99265
27.31000,0.48000,0.00757,0.99243
27.33000,0.48000,0.01170,0.98830
27.35000,0.48000,0.00517,0.99483
27.37000,0.48000,0.00671,0.99329
27.39000,0.48000,0.00463,0.99537
27.41000,0.48000,0.00257,0.99743
27.43000,0.48000,0.00376,0.99624
27.45000,0.48000,0.00425,0.99575
27.47000,0.48000,0.00192,0.99808
27.49000,0.48000,0.00182,0.99818
27.51000,0.48000,0.00159,0.99841
27.53000,0.48000,0.00685,0.99315
27.55000,0.48000,0.00185,0.99815
27.57000,0.48000,0.00632,0.99368
27.59000,0.48000,0.00335,0.99665
27.61000,0.48000,0.06645,0.93355
27.63000,0.48000,0.00835,0.99165
27.65000,0.48000,0.17430,0.82570
27.67000,0.48000,0.04045,0.95955
27.69000,0.48000,0.17029,0.82971
27.71000,0.48000,0.07696,0.92304
27.73000,0.48000,0.25173,0.74827
27.75000,0.48000,0.06324,0.93676
27.77000,0.48000,0.28472,0.71528
27.79000,0.48000,0.05170,0.94830
27.81000,0.48000,0.15218,0.84782
27.83000,0.48000,0.16282,0.83718
27.85000,0.48000,0.66020,0.33980
27.87000,0.48000,0.45615,0.54385
27.89000,0.48000,0.74785,0.25215
27.91000,0.48000,0.95380,0.04620
27.93000,0.48000,0.97978,0.02022
27.95000,0.48000,0.97065,0.02935
27.97000,0.48000,0.98275,0.01725
27.99000,0.48000,0.98046,0.01954
28.01000,0.48000,0.98505,0.01495
28.03000,0.48000,0.98503,0.01497
28.05000,0.48000,0.97596,0.02404
28.07000,0.48000,0.98680,0.01320
28.09000,0.48000,0.98026,0.01974
28.11000,0.48000,0.98360,0.01640
28.13000,0.48000,0.98673,0.01327
28.15000,0.48000,0.99206,0.00794
28.17000,0.48000,0.98819,0.01181
28.19000,0.48000,0.98557,0.01443
28.21000,0.48000,0.99291,0.00709
28.23000,0.48000,0.99313,0.00687
28.25000,0.48000,0.98708,0.01292
28.27000,0.48000,0.98184,0.01816
28.29000,0.48000,0.98005,0.01995
28.31000,0.48000,0.98291,0.01709
28.33000,0.48000,0.99079,0.00921
28.35000,0.48000,0.98446,0.01554
28.37000,0.48000,0.98034,0.01966
28.39000,0.48000,0.99093,0.00907
28.41000,0.48000,0.98609,0.01391
28.43000,0.48000,0.97936,0.02064
28.45000,0.48000,0.97334,0.02666
28.47000,0.48000,0.98614,0.01386
28.49000,0.48000,0.98719,0.01281
28.51000,0.48000,0.96267,0.03733
28.53000,0.48000,0.98594,0.01406
28.55000,0.48000,0.98505,0.01495
28.57000,0.48000,0.98116,0.01884
28.59000,0.48000,0.97734,0.02266
28.61000,0.48000,0.99043,0.00957
28.63000,0.48000,0.98815,0.01185
28.65000,0.48000,0.98572,0.01428
28.67000,0.48000,0.98896,0.01104
28.69000,0.48000,0.99233,0.00767
28.71000,0.48000,0.98914,0.01086
28.73000,0.48000,0.99460,0.00540
28.75000,0.48000,0.99493,0.00507
28.77000,0.48000,0.99451,0.00549
28.79000,0.48000,0.99446,0.00554
28.81000,0.48000,0.99537,0.00463
28.83000,0.48000,0.99554,0.00446
28.85000,0.48000,0.99242,0.00758
28.87000,0.48000,0.99648,0.00352
28.89000,0.48000,0.99550,0.00450
28.91000,0.48000,0.99691,0.00309
28.93000,0.48000,0.99413,0.00587
28.95000,0.48000,0.99795,0.00205
28.97000,0.48000,0.98823,0.01177
28.99000,0.48000,0.99762,0.00238
29.01000,0.48000,0.98924,0.01076
29.03000,0.48000,0.99713,0.00287
29.05000,0.48000,0.99213,0.00787
29.07000,0.48000,0.99556,0.00444
29.09000,0.48000,0.98749,0.01251
29.11000,0.48000,0.99662,0.00338
29.13000,0.48000,0.96678,0.03322
29.15000,0.48000,0.99631,0.00369
29.17000,0.48000,0.98425,0.01575
29.19000,0.48000,0.98997,0.01003
29.21000,0.48000,0.98127,0.01873
29.23000,0.48000,0.98626,0.01374
29.25000,0.48000,0.96409,0.03591
29.27000,0.48000,0.98855,0.01145
29.29000,0.48000,0.97189,0.02811
29.31000,0.48000,0.98325,0.01675
29.33000,0.48000,0.98403,0.01597
29.35000,0.48000,0.97692,0.02308
29.37000,0.48000,0.98436,0.01564
29.39000,0.48000,0.98520,0.01480
29.41000,0.48000,0.98041,0.01959
29.43000,0.48000,0.97322,0.02678
29.45000,0.48000,0.98706,0.01294
29.47000,0.48000,0.98401,0.01599
29.49000,0.48000,0.99144,0.00856
29.51000,0.48000,0.95725,0.04275
29.53000,0.48000,0.99004,0.00996
