Time (seconds), Duration (seconds),pred_unlabelled,pred_circle,pred_shaking
0.01000,0.98000,0.99956,0.00032,0.00013
0.21000,0.98000,0.99955,0.00032,0.00013
0.41000,0.98000,0.99955,0.00032,0.00013
0.61000,0.98000,0.99956,0.00031,0.00013
0.81000,0.98000,0.99956,0.00032,0.00013
1.01000,0.98000,0.99956,0.00032,0.00013
1.21000,0.98000,0.99955,0.00032,0.00013
1.41000,0.98000,0.99956,0.00032,0.00013
1.61000,0.98000,0.99956,0.00032,0.00013
1.81000,0.98000,0.99955,0.00032,0.00013
2.01000,0.98000,0.99956,0.00032,0.00013
2.21000,0.98000,0.99955,0.00032,0.00013
2.41000,0.98000,0.99955,0.00032,0.00013
2.61000,0.98000,0.99956,0.00032,0.00013
2.81000,0.98000,0.99955,0.00032,0.00013
3.01000,0.98000,0.99956,0.00032,0.00013
3.21000,0.98000,0.99955,0.00032,0.00013
3.41000,0.98000,0.99955,0.00032,0.00013
3.61000,0.98000,0.99956,0.00032,0.00013
3.81000,0.98000,0.99956,0.00032,0.00013
4.01000,0.98000,0.99955,0.00032,0.00013
4.21000,0.98000,0.99955,0.00032,0.00013
4.41000,0.98000,0.99955,0.00032,0.00013
4.61000,0.98000,0.99955,0.00032,0.00013
4.81000,0.98000,0.99956,0.00031,0.00013
5.01000,0.98000,0.99954,0.00033,0.00013
5.21000,0.98000,0.99936,0.00046,0.00019
5.41000,0.98000,0.99767,0.00173,0.00060
5.61000,0.98000,0.97534,0.01843,0.00624
5.81000,0.98000,0.98235,0.00815,0.00950
6.01000,0.98000,0.95136,0.03382,0.01481
6.21000,0.98000,0.69255,0.27839,0.02906
6.41000,0.98000,0.24137,0.66858,0.09005
6.61000,0.98000,0.59397,0.39386,0.01217
6.81000,0.98000,0.46932,0.48873,0.04195
7.01000,0.98000,0.38016,0.60839,0.01145
7.21000,0.98000,0.53468,0.45111,0.01422
7.41000,0.98000,0.31636,0.66928,0.01436
7.61000,0.98000,0.10578,0.88049,0.01373
7.81000,0.98000,0.38836,0.58785,0.02379
8.01000,0.98000,0.57787,0.39404,0.02810
8.21000,0.98000,0.07598,0.91849,0.00553
8.41000,0.98000,0.09987,0.89351,0.00661
8.61000,0.98000,0.39142,0.60171,0.00687
8.81000,0.98000,0.17938,0.79094,0.02968
9.01000,0.98000,0.10615,0.86750,0.02635
9.21000,0.98000,0.17055,0.78403,0.04542
9.41000,0.98000,0.35782,0.62657,0.01561
9.61000,0.98000,0.11968,0.86968,0.01064
9.81000,0.98000,0.73186,0.24866,0.01947
10.01000,0.98000,0.98389,0.00138,0.01473
10.21000,0.98000,0.96963,0.00154,0.02883
10.41000,0.98000,0.90985,0.00258,0.08757
10.61000,0.98000,0.17180,0.00511,0.82309
10.81000,0.98000,0.16597,0.00107,0.83296
11.01000,0.98000,0.14505,0.00310,0.85185
11.21000,0.98000,0.14209,0.00124,0.85667
11.41000,0.98000,0.35708,0.00234,0.64057
11.61000,0.98000,0.13254,0.00234,0.86513
11.81000,0.98000,0.14137,0.00172,0.85691
12.01000,0.98000,0.14915,0.00147,0.84938
12.21000,0.98000,0.13794,0.00128,0.86078
12.41000,0.98000,0.46035,0.00468,0.53497
12.61000,0.98000,0.13004,0.00140,0.86856
12.81000,0.98000,0.12205,0.00550,0.87245
13.01000,0.98000,0.14508,0.00104,0.85389
13.21000,0.98000,0.13874,0.00125,0.86001
13.41000,0.98000,0.25617,0.00287,0.74097
13.61000,0.98000,0.12343,0.00117,0.87540
13.81000,0.98000,0.10942,0.00799,0.88259
14.01000,0.98000,0.13300,0.00135,0.86565
14.21000,0.98000,0.12762,0.00246,0.86992
14.41000,0.98000,0.15201,0.00232,0.84566
14.61000,0.98000,0.10773,0.00341,0.88886
14.81000,0.98000,0.06271,0.02145,0.91583
15.01000,0.98000,0.36949,0.26773,0.36278
15.21000,0.98000,0.23012,0.57718,0.19270
15.41000,0.98000,0.15641,0.81669,0.02690
15.61000,0.98000,0.18666,0.75401,0.05933
15.81000,0.98000,0.12936,0.85463,0.01601
16.01000,0.98000,0.08159,0.91286,0.00554
16.21000,0.98000,0.09034,0.90220,0.00747
16.41000,0.98000,0.10707,0.88208,0.01085
16.61000,0.98000,0.07290,0.91890,0.00820
16.81000,0.98000,0.13761,0.83281,0.02958
17.01000,0.98000,0.20291,0.70579,0.09131
17.21000,0.98000,0.14591,0.82209,0.03199
17.41000,0.98000,0.22115,0.70150,0.07734
17.61000,0.98000,0.16270,0.79310,0.04420
17.81000,0.98000,0.11306,0.86756,0.01938
18.01000,0.98000,0.15957,0.74182,0.09861
18.21000,0.98000,0.20431,0.73515,0.06054
18.41000,0.98000,0.12502,0.85741,0.01757
18.61000,0.98000,0.12888,0.82711,0.04401
18.81000,0.98000,0.11936,0.85712,0.02352
19.01000,0.98000,0.10223,0.88581,0.01196
19.21000,0.98000,0.14660,0.83267,0.02073
19.41000,0.98000,0.12428,0.85958,0.01614
19.61000,0.98000,0.11342,0.86760,0.01898
19.81000,0.98000,0.19719,0.77089,0.03192
20.01000,0.98000,0.35911,0.62687,0.01402
20.21000,0.98000,0.52749,0.46924,0.00327
20.41000,0.98000,0.89349,0.10265,0.00385
20.61000,0.98000,0.99876,0.00100,0.00024
20.81000,0.98000,0.99936,0.00048,0.00016
21.01000,0.98000,0.99951,0.00036,0.00013
21.21000,0.98000,0.99957,0.00031,0.00012
21.41000,0.98000,0.99955,0.00033,0.00013
21.61000,0.98000,0.99954,0.00033,0.00013
21.81000,0.98000,0.99957,0.00030,0.00012
22.01000,0.98000,0.99957,0.00031,0.00012
22.21000,0.98000,0.99956,0.00032,0.00012
22.41000,0.98000,0.99956,0.00032,0.00012
22.61000,0.98000,0.99956,0.00031,0.00012
22.81000,0.98000,0.99957,0.00031,0.00012
23.01000,0.98000,0.99957,0.00031,0.00012
23.21000,0.98000,0.99955,0.00032,0.00013
23.41000,0.98000,0.99956,0.00032,0.00013
23.61000,0.98000,0.99957,0.00031,0.00012
23.81000,0.98000,0.99956,0.00032,0.00013
24.01000,0.98000,0.99955,0.00032,0.00013
24.21000,0.98000,0.98785,0.01069,0.00146
24.41000,0.98000,0.95028,0.03974,0.00998
24.61000,0.98000,0.71708,0.27354,0.00938
24.81000,0.98000,0.55638,0.42602,0.01761
25.01000,0.98000,0.19422,0.75047,0.05531
25.21000,0.98000,0.08430,0.91128,0.00443
25.41000,0.98000,0.07848,0.91861,0.00291
25.61000,0.98000,0.11443,0.87699,0.00858
25.81000,0.98000,0.08815,0.89901,0.01284
26.01000,0.98000,0.14083,0.84063,0.01854
26.21000,0.98000,0.13371,0.83910,0.02719
26.41000,0.98000,0.11528,0.87738,0.00734
26.61000,0.98000,0.08917,0.90782,0.00301
26.81000,0.98000,0.11128,0.88360,0.00512
27.01000,0.98000,0.09078,0.89731,0.01192
27.21000,0.98000,0.12714,0.85348,0.01939
27.41000,0.98000,0.15122,0.83409,0.01469
27.61000,0.98000,0.10491,0.89009,0.00499
27.81000,0.98000,0.07197,0.92555,0.00248
28.01000,0.98000,0.10807,0.88841,0.00352
28.21000,0.98000,0.07447,0.92000,0.00553
28.41000,0.98000,0.10059,0.88649,0.01292
28.61000,0.98000,0.11047,0.87911,0.01042
28.81000,0.98000,0.12539,0.86371,0.01090
29.01000,0.98000,0.15096,0.84385,0.00519
29.21000,0.98000,0.61301,0.38334,0.00365
29.41000,0.98000,0.63447,0.36237,0.00316
29.61000,0.98000,0.98128,0.01777,0.00095
29.81000,0.98000,0.99925,0.00055,0.00020
30.01000,0.98000,0.99957,0.00031,0.00012
30.21000,0.98000,0.99955,0.00032,0.00012
30.41000,0.98000,0.99956,0.00032,0.00012
30.61000,0.98000,0.99957,0.00031,0.00012
30.81000,0.98000,0.99958,0.00031,0.00012
31.01000,0.98000,0.99956,0.00032,0.00012
31.21000,0.98000,0.99954,0.00033,0.00013
31.41000,0.98000,0.99957,0.00031,0.00012
31.61000,0.98000,0.99956,0.00031,0.00013
31.81000,0.98000,0.99956,0.00031,0.00012
32.01000,0.98000,0.99957,0.00031,0.00012
32.21000,0.98000,0.99957,0.00031,0.00012
32.41000,0.98000,0.99957,0.00031,0.00012
32.61000,0.98000,0.99956,0.00031,0.00012
32.81000,0.98000,0.99957,0.00031,0.00012
33.01000,0.98000,0.99958,0.00031,0.00012
33.21000,0.98000,0.99956,0.00032,0.00012
33.41000,0.98000,0.99956,0.00032,0.00012
33.61000,0.98000,0.99957,0.00031,0.00012
33.81000,0.98000,0.99957,0.00031,0.00012
34.01000,0.98000,0.99957,0.00031,0.00012
34.21000,0.98000,0.99695,0.00146,0.00159
34.41000,0.98000,0.99449,0.00040,0.00512
34.61000,0.98000,0.99023,0.00039,0.00939
34.81000,0.98000,0.94767,0.00168,0.05065
35.01000,0.98000,0.91827,0.00197,0.07975
35.21000,0.98000,0.72750,0.00453,0.26797
35.41000,0.98000,0.19726,0.00279,0.79995
35.61000,0.98000,0.19553,0.00116,0.80331
35.81000,0.98000,0.25229,0.00231,0.74540
36.01000,0.98000,0.35218,0.00190,0.64592
36.21000,0.98000,0.22980,0.00275,0.76746
36.41000,0.98000,0.18298,0.00256,0.81446
36.61000,0.98000,0.16343,0.00180,0.83477
36.81000,0.98000,0.12647,0.01093,0.86260
37.01000,0.98000,0.23226,0.00123,0.76651
37.21000,0.98000,0.27189,0.00322,0.72490
37.41000,0.98000,0.22313,0.00116,0.77571
37.61000,0.98000,0.15969,0.00214,0.83817
37.81000,0.98000,0.23843,0.00221,0.75936
38.01000,0.98000,0.16185,0.00272,0.83543
38.21000,0.98000,0.13431,0.00343,0.86225
38.41000,0.98000,0.15011,0.00144,0.84845
38.61000,0.98000,0.23644,0.00780,0.75575
38.81000,0.98000,0.20757,0.00127,0.79115
39.01000,0.98000,0.25925,0.00278,0.73796
39.21000,0.98000,0.39692,0.00303,0.60006
