Time (seconds), Duration (seconds),pred_unlabelled,pred_anomaly
0.01000,0.48000,0.98710,0.01290
0.03000,0.48000,0.95950,0.04050
0.05000,0.48000,0.98960,0.01040
0.07000,0.48000,0.99191,0.00809
0.09000,0.48000,0.98923,0.01077
0.11000,0.48000,0.99160,0.00840
0.13000,0.48000,0.97729,0.02271
0.15000,0.48000,0.99136,0.00864
0.17000,0.48000,0.99067,0.00933
0.19000,0.48000,0.99183,0.00817
0.21000,0.48000,0.98937,0.01063
0.23000,0.48000,0.98961,0.01039
0.25000,0.48000,0.99319,0.00681
0.27000,0.48000,0.99176,0.00824
0.29000,0.48000,0.98328,0.01672
0.31000,0.48000,0.98987,0.01013
0.33000,0.48000,0.98821,0.01179
0.35000,0.48000,0.99119,0.00881
0.37000,0.48000,0.98654,0.01346
0.39000,0.48000,0.97266,0.02734
0.41000,0.48000,0.99351,0.00649
0.43000,0.48000,0.99101,0.00899
0.45000,0.48000,0.99351,0.00649
0.47000,0.48000,0.98809,0.01191
0.49000,0.48000,0.98646,0.01354
0.51000,0.48000,0.99165,0.00835
0.53000,0.48000,0.99405,0.00595
0.55000,0.48000,0.99186,0.00814
0.57000,0.48000,0.99037,0.00963
0.59000,0.48000,0.98983,0.01017
0.61000,0.48000,0.98748,0.01252
0.63000,0.48000,0.98963,0.01037
0.65000,0.48000,0.98895,0.01105
0.67000,0.48000,0.99345,0.00655
0.69000,0.48000,0.98693,0.01307
0.71000,0.48000,0.98999,0.01001
0.73000,0.48000,0.98673,0.01327
0.75000,0.48000,0.99295,0.00705
0.77000,0.48000,0.99255,0.00745
0.79000,0.48000,0.99314,0.00686
0.81000,0.48000,0.99285,0.00715
0.83000,0.48000,0.98599,0.01401
0.85000,0.48000,0.99117,0.00883
0.87000,0.48000,0.98935,0.01065
0.89000,0.48000,0.98586,0.01414
0.91000,0.48000,0.99075,0.00925
0.93000,0.48000,0.98890,0.01110
0.95000,0.48000,0.98880,0.01120
0.97000,0.48000,0.98131,0.01869
0.99000,0.48000,0.98655,0.01345
1.01000,0.48000,0.99056,0.00944
1.03000,0.48000,0.98732,0.01268
1.05000,0.48000,0.98941,0.01059
1.07000,0.48000,0.98416,0.01584
1.09000,0.48000,0.98980,0.01020
1.11000,0.48000,0.99274,0.00726
1.13000,0.48000,0.98488,0.01512
1.15000,0.48000,0.98706,0.01294
1.17000,0.48000,0.98801,0.01199
1.19000,0.48000,0.98712,0.01288
1.21000,0.48000,0.99145,0.00855
1.23000,0.48000,0.97923,0.02077
1.25000,0.48000,0.98184,0.01816
1.27000,0.48000,0.99215,0.00785
1.29000,0.48000,0.98434,0.01566
1.31000,0.48000,0.99238,0.00762
1.33000,0.48000,0.98287,0.01713
1.35000,0.48000,0.98640,0.01360
1.37000,0.48000,0.98951,0.01049
1.39000,0.48000,0.99029,0.00971
1.41000,0.48000,0.99031,0.00969
1.43000,0.48000,0.98155,0.01845
1.45000,0.48000,0.99201,0.00799
1.47000,0.48000,0.98985,0.01015
1.49000,0.48000,0.98481,0.01519
1.51000,0.48000,0.98626,0.01374
1.53000,0.48000,0.98672,0.01328
1.55000,0.48000,0.98852,0.01148
1.57000,0.48000,0.98780,0.01220
1.59000,0.48000,0.96020,0.03980
1.61000,0.48000,0.98986,0.01014
1.63000,0.48000,0.99049,0.00951
1.65000,0.48000,0.98846,0.01154
1.67000,0.48000,0.98923,0.01077
1.69000,0.48000,0.97751,0.02249
1.71000,0.48000,0.98977,0.01023
1.73000,0.48000,0.99107,0.00893
1.75000,0.48000,0.98989,0.01011
1.77000,0.48000,0.98845,0.01155
1.79000,0.48000,0.98583,0.01417
1.81000,0.48000,0.99247,0.00753
1.83000,0.48000,0.98996,0.01004
1.85000,0.48000,0.98550,0.01450
1.87000,0.48000,0.98665,0.01335
1.89000,0.48000,0.98871,0.01129
1.91000,0.48000,0.98977,0.01023
1.93000,0.48000,0.98636,0.01364
1.95000,0.48000,0.97037,0.02963
1.97000,0.48000,0.99233,0.00767
1.99000,0.48000,0.99109,0.00891
2.01000,0.48000,0.98790,0.01210
2.03000,0.48000,0.98396,0.01604
2.05000,0.48000,0.97739,0.02261
2.07000,0.48000,0.99059,0.00941
2.09000,0.48000,0.99239,0.00761
2.11000,0.48000,0.98901,0.01099
2.13000,0.48000,0.95645,0.04355
2.15000,0.48000,0.89151,0.10849
2.17000,0.48000,0.83005,0.16995
2.19000,0.48000,0.90661,0.09339
2.21000,0.48000,0.87093,0.12907
2.23000,0.48000,0.91347,0.08653
2.25000,0.48000,0.82039,0.17961
2.27000,0.48000,0.80063,0.19937
2.29000,0.48000,0.80191,0.19809
2.31000,0.48000,0.71686,0.28314
2.33000,0.48000,0.74687,0.25313
2.35000,0.48000,0.60566,0.39434
2.37000,0.48000,0.62539,0.37461
2.39000,0.48000,0.43934,0.56066
2.41000,0.48000,0.41347,0.58653
2.43000,0.48000,0.54537,0.45463
2.45000,0.48000,0.53571,0.46429
2.47000,0.48000,0.61023,0.38977
2.49000,0.48000,0.49303,0.50697
2.51000,0.48000,0.51404,0.48596
2.53000,0.48000,0.67041,0.32959
2.55000,0.48000,0.09665,0.90335
2.57000,0.48000,0.02335,0.97665
2.59000,0.48000,0.02196,0.97804
2.61000,0.48000,0.01902,0.98098
2.63000,0.48000,0.00949,0.99051
2.65000,0.48000,0.01465,0.98535
2.67000,0.48000,0.00701,0.99299
2.69000,0.48000,0.01424,0.98576
2.71000,0.48000,0.01522,0.98478
2.73000,0.48000,0.00407,0.99593
2.75000,0.48000,0.02593,0.97407
2.77000,0.48000,0.06500,0.93500
2.79000,0.48000,0.02276,0.97724
2.81000,0.48000,0.10610,0.89390
2.83000,0.48000,0.03388,0.96612
2.85000,0.48000,0.08972,0.91028
2.87000,0.48000,0.02440,0.97560
2.89000,0.48000,0.06942,0.93058
2.91000,0.48000,0.02359,0.97641
2.93000,0.48000,0.03341,0.96659
2.95000,0.48000,0.00464,0.99536
2.97000,0.48000,0.00549,0.99451
2.99000,0.48000,0.00154,0.99846
3.01000,0.48000,0.00270,0.99730
3.03000,0.48000,0.00256,0.99744
3.05000,0.48000,0.00351,0.99649
3.07000,0.48000,0.00057,0.99943
3.09000,0.48000,0.00414,0.99586
3.11000,0.48000,0.00062,0.99938
3.13000,0.48000,0.00396,0.99604
3.15000,0.48000,0.00164,0.99836
3.17000,0.48000,0.00354,0.99646
3.19000,0.48000,0.00169,0.99831
3.21000,0.48000,0.00511,0.99489
3.23000,0.48000,0.00146,0.99854
3.25000,0.48000,0.00304,0.99696
3.27000,0.48000,0.00261,0.99739
3.29000,0.48000,0.00600,0.99400
3.31000,0.48000,0.00257,0.99743
3.33000,0.48000,0.00544,0.99457
3.35000,0.48000,0.00361,0.99639
3.37000,0.48000,0.00563,0.99437
3.39000,0.48000,0.00307,0.99693
3.41000,0.48000,0.00677,0.99323
3.43000,0.48000,0.00399,0.99601
3.45000,0.48000,0.00880,0.99120
3.47000,0.48000,0.00704,0.99296
3.49000,0.48000,0.00587,0.99413
3.51000,0.48000,0.00521,0.99479
3.53000,0.48000,0.00646,0.99354
3.55000,0.48000,0.00566,0.99434
3.57000,0.48000,0.00991,0.99009
3.59000,0.48000,0.00836,0.99164
3.61000,0.48000,0.01085,0.98915
3.63000,0.48000,0.00972,0.99028
3.65000,0.48000,0.00783,0.99217
3.67000,0.48000,0.01176,0.98824
3.69000,0.48000,0.00682,0.99318
3.71000,0.48000,0.01254,0.98746
3.73000,0.48000,0.00516,0.99484
3.75000,0.48000,0.02236,0.97764
3.77000,0.48000,0.00674,0.99326
3.79000,0.48000,0.01957,0.98043
3.81000,0.48000,0.00609,0.99391
3.83000,0.48000,0.02124,0.97876
3.85000,0.48000,0.00655,0.99345
3.87000,0.48000,0.01231,0.98769
3.89000,0.48000,0.00558,0.99442
3.91000,0.48000,0.00978,0.99022
3.93000,0.48000,0.00540,0.99460
3.95000,0.48000,0.01174,0.98826
3.97000,0.48000,0.00575,0.99425
3.99000,0.48000,0.01250,0.98750
4.01000,0.48000,0.00652,0.99348
4.03000,0.48000,0.00386,0.99614
4.05000,0.48000,0.00838,0.99162
4.07000,0.48000,0.00983,0.99017
4.09000,0.48000,0.00917,0.99083
4.11000,0.48000,0.00717,0.99283
4.13000,0.48000,0.00715,0.99285
4.15000,0.48000,0.00823,0.99177
4.17000,0.48000,0.01088,0.98912
4.19000,0.48000,0.00608,0.99392
4.21000,0.48000,0.01333,0.98667
4.23000,0.48000,0.00694,0.99306
4.25000,0.48000,0.01179,0.98821
4.27000,0.48000,0.00224,0.99776
4.29000,0.48000,0.00931,0.99069
4.31000,0.48000,0.00554,0.99446
4.33000,0.48000,0.00721,0.99279
4.35000,0.48000,0.00242,0.99758
4.37000,0.48000,0.00583,0.99417
4.39000,0.48000,0.00305,0.99695
4.41000,0.48000,0.00483,0.99517
4.43000,0.48000,0.00276,0.99724
4.45000,0.48000,0.00646,0.99354
4.47000,0.48000,0.00457,0.99543
4.49000,0.48000,0.00955,0.99045
4.51000,0.48000,0.00433,0.99567
4.53000,0.48000,0.01332,0.98668
4.55000,0.48000,0.01662,0.98338
4.57000,0.48000,0.01981,0.98019
4.59000,0.48000,0.01034,0.98966
4.61000,0.48000,0.00692,0.99308
4.63000,0.48000,0.00581,0.99419
4.65000,0.48000,0.01225,0.98775
4.67000,0.48000,0.00434,0.99566
4.69000,0.48000,0.01608,0.98392
4.71000,0.48000,0.01533,0.98467
4.73000,0.48000,0.02453,0.97547
4.75000,0.48000,0.00693,0.99307
4.77000,0.48000,0.01360,0.98640
4.79000,0.48000,0.01206,0.98794
4.81000,0.48000,0.01374,0.98626
4.83000,0.48000,0.00936,0.99064
4.85000,0.48000,0.01800,0.98200
4.87000,0.48000,0.00784,0.99216
4.89000,0.48000,0.01250,0.98750
4.91000,0.48000,0.00642,0.99358
4.93000,0.48000,0.02831,0.97169
4.95000,0.48000,0.01311,0.98689
4.97000,0.48000,0.01717,0.98283
4.99000,0.48000,0.01439,0.98561
5.01000,0.48000,0.01922,0.98078
5.03000,0.48000,0.01027,0.98973
5.05000,0.48000,0.05900,0.94100
5.07000,0.48000,0.02333,0.97668
5.09000,0.48000,0.01111,0.98889
5.11000,0.48000,0.01029,0.98971
5.13000,0.48000,0.01345,0.98655
5.15000,0.48000,0.00798,0.99202
5.17000,0.48000,0.00857,0.99143
5.19000,0.48000,0.00698,0.99302
5.21000,0.48000,0.00886,0.99114
5.23000,0.48000,0.00936,0.99064
5.25000,0.48000,0.00930,0.99070
5.27000,0.48000,0.01042,0.98958
5.29000,0.48000,0.00705,0.99295
5.31000,0.48000,0.01008,0.98992
5.33000,0.48000,0.00942,0.99058
5.35000,0.48000,0.01368,0.98632
5.37000,0.48000,0.00952,0.99048
5.39000,0.48000,0.01246,0.98754
5.41000,0.48000,0.00388,0.99612
5.43000,0.48000,0.00721,0.99279
5.45000,0.48000,0.00336,0.99664
5.47000,0.48000,0.01337,0.98663
5.49000,0.48000,0.00408,0.99592
5.51000,0.48000,0.01229,0.98771
5.53000,0.48000,0.00636,0.99364
5.55000,0.48000,0.01678,0.98322
5.57000,0.48000,0.00666,0.99334
5.59000,0.48000,0.02293,0.97707
5.61000,0.48000,0.00586,0.99414
5.63000,0.48000,0.01425,0.98575
5.65000,0.48000,0.00484,0.99516
5.67000,0.48000,0.01436,0.98564
5.69000,0.48000,0.00244,0.99756
5.71000,0.48000,0.00831,0.99169
5.73000,0.48000,0.00327,0.99673
5.75000,0.48000,0.01359,0.98641
5.77000,0.48000,0.00309,0.99691
5.79000,0.48000,0.01037,0.98963
5.81000,0.48000,0.00287,0.99713
5.83000,0.48000,0.01501,0.98499
5.85000,0.48000,0.00346,0.99654
5.87000,0.48000,0.00380,0.99620
5.89000,0.48000,0.00414,0.99586
5.91000,0.48000,0.00614,0.99386
5.93000,0.48000,0.00468,0.99532
5.95000,0.48000,0.00673,0.99327
5.97000,0.48000,0.00535,0.99465
5.99000,0.48000,0.00682,0.99318
6.01000,0.48000,0.00432,0.99568
6.03000,0.48000,0.00551,0.99449
6.05000,0.48000,0.00538,0.99462
6.07000,0.48000,0.00707,0.99293
6.09000,0.48000,0.00464,0.99536
6.11000,0.48000,0.00486,0.99514
6.13000,0.48000,0.00564,0.99436
6.15000,0.48000,0.00536,0.99464
6.17000,0.48000,0.00470,0.99530
6.19000,0.48000,0.00578,0.99422
6.21000,0.48000,0.00321,0.99679
6.23000,0.48000,0.00455,0.99545
6.25000,0.48000,0.00384,0.99616
6.27000,0.48000,0.00669,0.99331
6.29000,0.48000,0.00370,0.99630
6.31000,0.48000,0.00621,0.99379
6.33000,0.48000,0.00520,0.99480
6.35000,0.48000,0.01240,0.98760
6.37000,0.48000,0.00407,0.99593
6.39000,0.48000,0.02064,0.97936
6.41000,0.48000,0.00982,0.99018
6.43000,0.48000,0.21309,0.78691
6.45000,0.48000,0.08411,0.91589
6.47000,0.48000,0.02484,0.97516
6.49000,0.48000,0.01054,0.98946
6.51000,0.48000,0.02195,0.97805
6.53000,0.48000,0.00572,0.99428
6.55000,0.48000,0.01569,0.98431
6.57000,0.48000,0.00774,0.99226
6.59000,0.48000,0.01875,0.98125
6.61000,0.48000,0.00767,0.99233
6.63000,0.48000,0.01245,0.98755
6.65000,0.48000,0.01103,0.98897
6.67000,0.48000,0.01110,0.98890
6.69000,0.48000,0.00553,0.99447
6.71000,0.48000,0.01290,0.98710
6.73000,0.48000,0.00585,0.99415
6.75000,0.48000,0.01460,0.98540
6.77000,0.48000,0.02468,0.97532
6.79000,0.48000,0.02774,0.97226
6.81000,0.48000,0.00864,0.99136
6.83000,0.48000,0.01611,0.98389
6.85000,0.48000,0.00702,0.99298
6.87000,0.48000,0.00838,0.99162
6.89000,0.48000,0.00434,0.99566
6.91000,0.48000,0.00800,0.99200
6.93000,0.48000,0.00678,0.99322
6.95000,0.48000,0.01159,0.98841
6.97000,0.48000,0.01059,0.98941
6.99000,0.48000,0.01187,0.98813
7.01000,0.48000,0.00913,0.99087
7.03000,0.48000,0.01207,0.98793
7.05000,0.48000,0.00768,0.99232
7.07000,0.48000,0.00889,0.99111
7.09000,0.48000,0.00774,0.99226
7.11000,0.48000,0.00952,0.99048
7.13000,0.48000,0.00862,0.99138
7.15000,0.48000,0.01165,0.98835
7.17000,0.48000,0.01115,0.98885
7.19000,0.48000,0.01895,0.98105
7.21000,0.48000,0.01015,0.98985
7.23000,0.48000,0.01501,0.98499
7.25000,0.48000,0.01208,0.98792
7.27000,0.48000,0.01587,0.98413
7.29000,0.48000,0.00883,0.99117
7.31000,0.48000,0.00981,0.99019
7.33000,0.48000,0.00741,0.99259
7.35000,0.48000,0.01466,0.98534
7.37000,0.48000,0.00972,0.99028
7.39000,0.48000,0.01257,0.98743
7.41000,0.48000,0.01498,0.98502
7.43000,0.48000,0.00910,0.99090
7.45000,0.48000,0.01332,0.98668
7.47000,0.48000,0.01103,0.98897
7.49000,0.48000,0.01208,0.98792
7.51000,0.48000,0.00850,0.99150
7.53000,0.48000,0.01164,0.98836
7.55000,0.48000,0.01004,0.98996
7.57000,0.48000,0.00607,0.99393
7.59000,0.48000,0.00959,0.99041
7.61000,0.48000,0.00955,0.99045
7.63000,0.48000,0.00600,0.99400
7.65000,0.48000,0.00912,0.99088
7.67000,0.48000,0.00661,0.99339
7.69000,0.48000,0.00658,0.99342
7.71000,0.48000,0.01041,0.98959
7.73000,0.48000,0.00882,0.99118
7.75000,0.48000,0.00628,0.99372
7.77000,0.48000,0.00366,0.99634
7.79000,0.48000,0.00692,0.99308
7.81000,0.48000,0.00481,0.99519
7.83000,0.48000,0.00766,0.99234
7.85000,0.48000,0.00505,0.99495
7.87000,0.48000,0.00580,0.99420
7.89000,0.48000,0.00443,0.99557
7.91000,0.48000,0.00444,0.99556
7.93000,0.48000,0.00576,0.99424
7.95000,0.48000,0.00531,0.99469
7.97000,0.48000,0.00461,0.99539
7.99000,0.48000,0.00815,0.99185
8.01000,0.48000,0.00705,0.99295
8.03000,0.48000,0.00981,0.99019
8.05000,0.48000,0.00966,0.99034
8.07000,0.48000,0.01295,0.98705
8.09000,0.48000,0.00884,0.99116
8.11000,0.48000,0.00794,0.99206
8.13000,0.48000,0.00658,0.99342
8.15000,0.48000,0.00642,0.99358
8.17000,0.48000,0.00563,0.99437
8.19000,0.48000,0.00609,0.99391
8.21000,0.48000,0.00778,0.99222
8.23000,0.48000,0.01447,0.98553
8.25000,0.48000,0.01266,0.98734
8.27000,0.48000,0.01792,0.98208
8.29000,0.48000,0.01398,0.98602
8.31000,0.48000,0.02568,0.97432
8.33000,0.48000,0.01549,0.98451
8.35000,0.48000,0.01754,0.98246
8.37000,0.48000,0.01672,0.98328
8.39000,0.48000,0.07581,0.92419
8.41000,0.48000,0.07106,0.92894
8.43000,0.48000,0.04366,0.95634
8.45000,0.48000,0.01787,0.98213
8.47000,0.48000,0.02504,0.97496
8.49000,0.48000,0.02116,0.97884
8.51000,0.48000,0.01568,0.98432
8.53000,0.48000,0.01215,0.98785
8.55000,0.48000,0.03669,0.96331
8.57000,0.48000,0.02203,0.97797
8.59000,0.48000,0.04405,0.95595
8.61000,0.48000,0.01609,0.98391
8.63000,0.48000,0.07901,0.92099
8.65000,0.48000,0.04722,0.95278
8.67000,0.48000,0.02758,0.97242
8.69000,0.48000,0.03206,0.96794
8.71000,0.48000,0.01616,0.98384
8.73000,0.48000,0.01708,0.98292
8.75000,0.48000,0.01021,0.98979
8.77000,0.48000,0.02588,0.97412
8.79000,0.48000,0.02825,0.97175
8.81000,0.48000,0.01548,0.98452
8.83000,0.48000,0.01122,0.98878
8.85000,0.48000,0.01102,0.98898
8.87000,0.48000,0.01464,0.98536
8.89000,0.48000,0.01789,0.98211
8.91000,0.48000,0.01099,0.98901
8.93000,0.48000,0.03149,0.96851
8.95000,0.48000,0.02429,0.97571
8.97000,0.48000,0.02245,0.97755
8.99000,0.48000,0.01149,0.98851
9.01000,0.48000,0.01537,0.98463
9.03000,0.48000,0.01535,0.98465
9.05000,0.48000,0.01678,0.98322
9.07000,0.48000,0.01312,0.98688
9.09000,0.48000,0.04402,0.95598
9.11000,0.48000,0.07918,0.92082
9.13000,0.48000,0.11008,0.88992
9.15000,0.48000,0.20001,0.79999
9.17000,0.48000,0.15063,0.84937
9.19000,0.48000,0.24133,0.75867
9.21000,0.48000,0.16964,0.83036
9.23000,0.48000,0.42804,0.57196
9.25000,0.48000,0.26449,0.73551
9.27000,0.48000,0.52657,0.47343
9.29000,0.48000,0.54113,0.45887
9.31000,0.48000,0.66554,0.33446
9.33000,0.48000,0.86939,0.13061
9.35000,0.48000,0.61958,0.38042
9.37000,0.48000,0.90639,0.09361
9.39000,0.48000,0.80778,0.19222
9.41000,0.48000,0.83983,0.16017
9.43000,0.48000,0.86286,0.13714
9.45000,0.48000,0.92723,0.07277
9.47000,0.48000,0.98969,0.01031
9.49000,0.48000,0.98879,0.01121
9.51000,0.48000,0.98145,0.01855
9.53000,0.48000,0.99443,0.00557
9.55000,0.48000,0.99192,0.00808
9.57000,0.48000,0.98381,0.01619
9.59000,0.48000,0.98333,0.01667
9.61000,0.48000,0.99040,0.00960
9.63000,0.48000,0.96829,0.03171
9.65000,0.48000,0.98133,0.01867
9.67000,0.48000,0.97305,0.02695
9.69000,0.48000,0.98123,0.01877
9.71000,0.48000,0.98185,0.01815
9.73000,0.48000,0.96559,0.03441
9.75000,0.48000,0.96450,0.03550
9.77000,0.48000,0.98799,0.01201
9.79000,0.48000,0.95699,0.04301
9.81000,0.48000,0.97647,0.02353
9.83000,0.48000,0.95963,0.04037
9.85000,0.48000,0.96593,0.03407
9.87000,0.48000,0.96119,0.03881
9.89000,0.48000,0.95908,0.04092
9.91000,0.48000,0.92021,0.07979
9.93000,0.48000,0.96375,0.03625
9.95000,0.48000,0.93557,0.06443
9.97000,0.48000,0.94682,0.05318
9.99000,0.48000,0.95037,0.04963
10.01000,0.48000,0.95019,0.04981
10.03000,0.48000,0.93094,0.06906
10.05000,0.48000,0.96345,0.03655
10.07000,0.48000,0.94542,0.05458
10.09000,0.48000,0.95487,0.04513
10.11000,0.48000,0.96622,0.03378
10.13000,0.48000,0.98624,0.01376
10.15000,0.48000,0.95733,0.04267
10.17000,0.48000,0.97838,0.02162
10.19000,0.48000,0.96499,0.03501
10.21000,0.48000,0.92847,0.07153
10.23000,0.48000,0.90296,0.09704
10.25000,0.48000,0.93478,0.06522
10.27000,0.48000,0.69582,0.30418
10.29000,0.48000,0.87738,0.12262
10.31000,0.48000,0.48614,0.51386
10.33000,0.48000,0.62250,0.37750
10.35000,0.48000,0.42333,0.57667
10.37000,0.48000,0.72051,0.27949
10.39000,0.48000,0.16265,0.83735
10.41000,0.48000,0.38289,0.61711
10.43000,0.48000,0.24777,0.75223
10.45000,0.48000,0.17481,0.82519
10.47000,0.48000,0.11673,0.88327
10.49000,0.48000,0.12147,0.87853
10.51000,0.48000,0.12882,0.87118
10.53000,0.48000,0.21236,0.78764
10.55000,0.48000,0.08367,0.91633
10.57000,0.48000,0.27013,0.72987
10.59000,0.48000,0.32400,0.67600
10.61000,0.48000,0.24159,0.75841
10.63000,0.48000,0.38849,0.61151
10.65000,0.48000,0.56628,0.43372
10.67000,0.48000,0.26477,0.73523
10.69000,0.48000,0.52144,0.47856
10.71000,0.48000,0.43826,0.56174
10.73000,0.48000,0.32805,0.67195
10.75000,0.48000,0.35236,0.64764
10.77000,0.48000,0.51189,0.48811
10.79000,0.48000,0.37295,0.62705
10.81000,0.48000,0.33319,0.66681
10.83000,0.48000,0.44820,0.55180
10.85000,0.48000,0.47267,0.52733
10.87000,0.48000,0.62830,0.37170
10.89000,0.48000,0.73838,0.26162
10.91000,0.48000,0.40130,0.59870
10.93000,0.48000,0.84344,0.15656
10.95000,0.48000,0.79586,0.20414
10.97000,0.48000,0.81752,0.18248
10.99000,0.48000,0.87755,0.12245
11.01000,0.48000,0.81114,0.18886
11.03000,0.48000,0.79297,0.20703
11.05000,0.48000,0.85391,0.14609
11.07000,0.48000,0.83917,0.16083
11.09000,0.48000,0.42200,0.57800
11.11000,0.48000,0.87719,0.12281
11.13000,0.48000,0.60408,0.39592
11.15000,0.48000,0.72263,0.27737
11.17000,0.48000,0.57860,0.42140
11.19000,0.48000,0.42777,0.57223
11.21000,0.48000,0.57544,0.42456
11.23000,0.48000,0.55657,0.44343
11.25000,0.48000,0.09418,0.90582
11.27000,0.48000,0.13992,0.86008
11.29000,0.48000,0.17725,0.82275
11.31000,0.48000,0.19851,0.80149
11.33000,0.48000,0.17113,0.82887
11.35000,0.48000,0.19804,0.80196
11.37000,0.48000,0.14047,0.85953
11.39000,0.48000,0.13099,0.86901
11.41000,0.48000,0.12087,0.87913
11.43000,0.48000,0.09126,0.90874
11.45000,0.48000,0.09615,0.90385
11.47000,0.48000,0.17054,0.82946
11.49000,0.48000,0.09019,0.90981
11.51000,0.48000,0.30979,0.69021
11.53000,0.48000,0.35934,0.64066
11.55000,0.48000,0.21533,0.78467
11.57000,0.48000,0.24453,0.75547
11.59000,0.48000,0.30824,0.69176
11.61000,0.48000,0.12084,0.87916
11.63000,0.48000,0.31579,0.68421
11.65000,0.48000,0.10659,0.89341
11.67000,0.48000,0.40381,0.59619
11.69000,0.48000,0.26321,0.73679
11.71000,0.48000,0.55044,0.44956
11.73000,0.48000,0.21328,0.78672
11.75000,0.48000,0.70307,0.29693
11.77000,0.48000,0.33042,0.66958
11.79000,0.48000,0.73076,0.26924
11.81000,0.48000,0.57731,0.42269
11.83000,0.48000,0.92406,0.07594
11.85000,0.48000,0.85693,0.14307
11.87000,0.48000,0.87981,0.12019
11.89000,0.48000,0.85571,0.14429
11.91000,0.48000,0.96282,0.03718
11.93000,0.48000,0.90205,0.09795
11.95000,0.48000,0.89799,0.10201
11.97000,0.48000,0.94674,0.05326
11.99000,0.48000,0.92686,0.07314
12.01000,0.48000,0.95028,0.04972
12.03000,0.48000,0.94206,0.05794
12.05000,0.48000,0.96349,0.03651
12.07000,0.48000,0.96157,0.03843
12.09000,0.48000,0.96454,0.03546
12.11000,0.48000,0.94656,0.05344
12.13000,0.48000,0.94934,0.05066
12.15000,0.48000,0.90025,0.09975
12.17000,0.48000,0.96543,0.03457
12.19000,0.48000,0.93556,0.06444
12.21000,0.48000,0.92102,0.07898
12.23000,0.48000,0.73714,0.26286
12.25000,0.48000,0.86990,0.13010
12.27000,0.48000,0.67204,0.32796
12.29000,0.48000,0.44046,0.55954
12.31000,0.48000,0.59212,0.40788
12.33000,0.48000,0.33421,0.66579
12.35000,0.48000,0.29392,0.70608
12.37000,0.48000,0.55650,0.44350
12.39000,0.48000,0.27297,0.72703
12.41000,0.48000,0.20996,0.79004
12.43000,0.48000,0.18750,0.81250
12.45000,0.48000,0.18561,0.81439
12.47000,0.48000,0.19591,0.80409
12.49000,0.48000,0.07384,0.92616
12.51000,0.48000,0.05299,0.94701
12.53000,0.48000,0.05609,0.94391
12.55000,0.48000,0.03207,0.96793
12.57000,0.48000,0.02428,0.97572
12.59000,0.48000,0.02106,0.97894
12.61000,0.48000,0.01499,0.98501
12.63000,0.48000,0.00900,0.99100
12.65000,0.48000,0.00703,0.99297
12.67000,0.48000,0.00848,0.99152
12.69000,0.48000,0.00459,0.99541
12.71000,0.48000,0.00930,0.99070
12.73000,0.48000,0.00767,0.99233
12.75000,0.48000,0.00535,0.99465
12.77000,0.48000,0.01317,0.98683
12.79000,0.48000,0.00814,0.99186
12.81000,0.48000,0.00730,0.99270
12.83000,0.48000,0.00745,0.99255
12.85000,0.48000,0.00496,0.99504
12.87000,0.48000,0.00721,0.99279
12.89000,0.48000,0.00468,0.99532
12.91000,0.48000,0.00510,0.99490
12.93000,0.48000,0.00350,0.99650
12.95000,0.48000,0.00386,0.99614
12.97000,0.48000,0.00622,0.99378
12.99000,0.48000,0.00433,0.99567
13.01000,0.48000,0.00572,0.99428
13.03000,0.48000,0.00524,0.99476
13.05000,0.48000,0.00467,0.99533
13.07000,0.48000,0.00502,0.99498
13.09000,0.48000,0.00422,0.99578
13.11000,0.48000,0.00494,0.99506
13.13000,0.48000,0.00717,0.99283
13.15000,0.48000,0.00710,0.99290
13.17000,0.48000,0.00668,0.99332
13.19000,0.48000,0.00653,0.99347
13.21000,0.48000,0.00813,0.99187
13.23000,0.48000,0.00616,0.99384
13.25000,0.48000,0.00627,0.99373
13.27000,0.48000,0.00526,0.99474
13.29000,0.48000,0.00711,0.99289
13.31000,0.48000,0.01215,0.98785
13.33000,0.48000,0.00829,0.99171
13.35000,0.48000,0.01791,0.98209
13.37000,0.48000,0.01208,0.98792
13.39000,0.48000,0.01929,0.98071
13.41000,0.48000,0.09992,0.90008
13.43000,0.48000,0.02521,0.97479
13.45000,0.48000,0.02482,0.97518
13.47000,0.48000,0.03846,0.96154
13.49000,0.48000,0.03652,0.96348
13.51000,0.48000,0.09941,0.90059
13.53000,0.48000,0.06570,0.93430
13.55000,0.48000,0.08478,0.91522
13.57000,0.48000,0.16162,0.83838
13.59000,0.48000,0.19092,0.80908
13.61000,0.48000,0.25887,0.74113
13.63000,0.48000,0.35832,0.64168
13.65000,0.48000,0.28969,0.71031
13.67000,0.48000,0.34718,0.65282
13.69000,0.48000,0.35631,0.64369
13.71000,0.48000,0.34475,0.65525
13.73000,0.48000,0.26999,0.73001
13.75000,0.48000,0.70299,0.29701
13.77000,0.48000,0.75658,0.24342
13.79000,0.48000,0.62047,0.37953
13.81000,0.48000,0.54868,0.45132
13.83000,0.48000,0.78543,0.21457
13.85000,0.48000,0.79403,0.20597
13.87000,0.48000,0.84605,0.15395
13.89000,0.48000,0.77506,0.22494
13.91000,0.48000,0.91913,0.08087
13.93000,0.48000,0.79680,0.20320
13.95000,0.48000,0.91535,0.08465
13.97000,0.48000,0.88682,0.11318
13.99000,0.48000,0.95679,0.04321
14.01000,0.48000,0.89701,0.10299
14.03000,0.48000,0.94462,0.05538
14.05000,0.48000,0.85388,0.14612
14.07000,0.48000,0.84039,0.15961
14.09000,0.48000,0.94058,0.05942
14.11000,0.48000,0.83323,0.16677
14.13000,0.48000,0.92137,0.07863
14.15000,0.48000,0.91866,0.08134
14.17000,0.48000,0.90948,0.09052
14.19000,0.48000,0.83019,0.16981
14.21000,0.48000,0.95991,0.04009
14.23000,0.48000,0.95307,0.04693
14.25000,0.48000,0.94297,0.05703
14.27000,0.48000,0.95502,0.04498
14.29000,0.48000,0.97994,0.02006
14.31000,0.48000,0.96615,0.03385
14.33000,0.48000,0.96030,0.03970
14.35000,0.48000,0.96553,0.03447
14.37000,0.48000,0.98577,0.01423
14.39000,0.48000,0.96468,0.03532
14.41000,0.48000,0.95862,0.04138
14.43000,0.48000,0.98377,0.01623
14.45000,0.48000,0.98556,0.01444
14.47000,0.48000,0.95585,0.04415
14.49000,0.48000,0.91690,0.08310
14.51000,0.48000,0.96684,0.03316
14.53000,0.48000,0.86340,0.13660
14.55000,0.48000,0.97613,0.02387
14.57000,0.48000,0.75944,0.24056
14.59000,0.48000,0.95697,0.04303
14.61000,0.48000,0.84907,0.15093
14.63000,0.48000,0.96869,0.03131
14.65000,0.48000,0.89242,0.10758
14.67000,0.48000,0.97582,0.02418
14.69000,0.48000,0.81791,0.18209
14.71000,0.48000,0.94869,0.05131
14.73000,0.48000,0.83582,0.16418
14.75000,0.48000,0.89900,0.10100
14.77000,0.48000,0.78557,0.21443
14.79000,0.48000,0.90083,0.09917
14.81000,0.48000,0.64178,0.35822
14.83000,0.48000,0.62413,0.37587
14.85000,0.48000,0.46541,0.53459
14.87000,0.48000,0.41992,0.58008
14.89000,0.48000,0.31298,0.68701
14.91000,0.48000,0.47823,0.52177
14.93000,0.48000,0.13171,0.86829
14.95000,0.48000,0.16678,0.83322
14.97000,0.48000,0.21781,0.78219
14.99000,0.48000,0.11680,0.88320
15.01000,0.48000,0.13849,0.86151
15.03000,0.48000,0.08835,0.91165
15.05000,0.48000,0.07591,0.92409
15.07000,0.48000,0.05931,0.94069
15.09000,0.48000,0.07513,0.92487
15.11000,0.48000,0.04580,0.95420
15.13000,0.48000,0.07985,0.92015
15.15000,0.48000,0.06139,0.93861
15.17000,0.48000,0.22723,0.77277
15.19000,0.48000,0.14417,0.85583
15.21000,0.48000,0.26375,0.73625
15.23000,0.48000,0.30381,0.69619
15.25000,0.48000,0.44630,0.55370
15.27000,0.48000,0.69636,0.30364
15.29000,0.48000,0.36643,0.63357
15.31000,0.48000,0.77989,0.22011
15.33000,0.48000,0.15788,0.84212
15.35000,0.48000,0.06080,0.93920
15.37000,0.48000,0.04179,0.95821
15.39000,0.48000,0.09049,0.90951
15.41000,0.48000,0.05299,0.94701
15.43000,0.48000,0.14904,0.85096
15.45000,0.48000,0.12433,0.87567
15.47000,0.48000,0.21524,0.78476
15.49000,0.48000,0.18443,0.81557
15.51000,0.48000,0.30481,0.69519
15.53000,0.48000,0.11244,0.88756
15.55000,0.48000,0.34047,0.65953
15.57000,0.48000,0.09100,0.90900
15.59000,0.48000,0.11601,0.88399
15.61000,0.48000,0.07180,0.92820
15.63000,0.48000,0.12993,0.87007
15.65000,0.48000,0.04099,0.95901
15.67000,0.48000,0.09234,0.90766
15.69000,0.48000,0.03284,0.96716
15.71000,0.48000,0.03069,0.96931
15.73000,0.48000,0.03475,0.96525
15.75000,0.48000,0.02034,0.97966
15.77000,0.48000,0.01606,0.98394
15.79000,0.48000,0.03981,0.96019
15.81000,0.48000,0.03174,0.96826
15.83000,0.48000,0.03693,0.96307
15.85000,0.48000,0.01863,0.98137
15.87000,0.48000,0.01115,0.98885
15.89000,0.48000,0.01539,0.98461
15.91000,0.48000,0.01091,0.98909
15.93000,0.48000,0.01010,0.98990
15.95000,0.48000,0.00976,0.99024
15.97000,0.48000,0.02258,0.97742
15.99000,0.48000,0.00745,0.99255
16.01000,0.48000,0.01546,0.98454
16.03000,0.48000,0.01277,0.98723
16.05000,0.48000,0.01386,0.98614
16.07000,0.48000,0.03954,0.96046
16.09000,0.48000,0.05344,0.94656
16.11000,0.48000,0.01509,0.98491
16.13000,0.48000,0.05226,0.94774
16.15000,0.48000,0.03504,0.96496
16.17000,0.48000,0.02025,0.97975
16.19000,0.48000,0.02039,0.97961
16.21000,0.48000,0.02478,0.97522
16.23000,0.48000,0.01044,0.98956
16.25000,0.48000,0.00739,0.99261
16.27000,0.48000,0.00402,0.99598
16.29000,0.48000,0.00569,0.99431
16.31000,0.48000,0.00427,0.99573
16.33000,0.48000,0.00291,0.99709
16.35000,0.48000,0.00303,0.99697
16.37000,0.48000,0.00352,0.99648
16.39000,0.48000,0.00295,0.99705
16.41000,0.48000,0.00283,0.99717
16.43000,0.48000,0.00191,0.99809
16.45000,0.48000,0.00395,0.99605
16.47000,0.48000,0.00107,0.99893
16.49000,0.48000,0.00542,0.99458
16.51000,0.48000,0.00185,0.99815
16.53000,0.48000,0.00624,0.99376
16.55000,0.48000,0.00149,0.99851
16.57000,0.48000,0.00562,0.99438
16.59000,0.48000,0.00282,0.99718
16.61000,0.48000,0.00568,0.99432
16.63000,0.48000,0.00261,0.99739
16.65000,0.48000,0.00660,0.99340
16.67000,0.48000,0.00359,0.99641
16.69000,0.48000,0.00756,0.99244
16.71000,0.48000,0.00279,0.99721
16.73000,0.48000,0.00635,0.99365
16.75000,0.48000,0.00420,0.99580
16.77000,0.48000,0.00518,0.99482
16.79000,0.48000,0.00448,0.99552
16.81000,0.48000,0.00524,0.99476
16.83000,0.48000,0.00395,0.99605
16.85000,0.48000,0.00509,0.99491
16.87000,0.48000,0.00576,0.99424
16.89000,0.48000,0.00388,0.99612
16.91000,0.48000,0.00733,0.99267
16.93000,0.48000,0.00705,0.99295
16.95000,0.48000,0.02388,0.97612
16.97000,0.48000,0.00764,0.99236
16.99000,0.48000,0.03385,0.96615
17.01000,0.48000,0.01869,0.98131
17.03000,0.48000,0.04759,0.95241
17.05000,0.48000,0.06580,0.93420
17.07000,0.48000,0.11429,0.88571
17.09000,0.48000,0.06104,0.93896
17.11000,0.48000,0.16693,0.83307
17.13000,0.48000,0.10049,0.89951
17.15000,0.48000,0.15472,0.84528
17.17000,0.48000,0.24483,0.75517
17.19000,0.48000,0.36736,0.63264
17.21000,0.48000,0.18000,0.82000
17.23000,0.48000,0.62876,0.37124
17.25000,0.48000,0.85630,0.14370
17.27000,0.48000,0.81791,0.18209
17.29000,0.48000,0.76867,0.23133
17.31000,0.48000,0.80734,0.19266
17.33000,0.48000,0.88319,0.11681
17.35000,0.48000,0.71206,0.28794
17.37000,0.48000,0.81861,0.18139
17.39000,0.48000,0.86962,0.13038
17.41000,0.48000,0.66837,0.33163
17.43000,0.48000,0.82315,0.17685
17.45000,0.48000,0.74474,0.25526
17.47000,0.48000,0.90246,0.09754
17.49000,0.48000,0.71047,0.28953
17.51000,0.48000,0.88029,0.11971
17.53000,0.48000,0.81143,0.18857
17.55000,0.48000,0.77595,0.22405
17.57000,0.48000,0.84783,0.15217
17.59000,0.48000,0.85101,0.14899
17.61000,0.48000,0.68237,0.31763
17.63000,0.48000,0.84487,0.15513
17.65000,0.48000,0.70991,0.29009
17.67000,0.48000,0.81352,0.18648
17.69000,0.48000,0.79038,0.20962
17.71000,0.48000,0.84031,0.15969
17.73000,0.48000,0.88118,0.11882
17.75000,0.48000,0.76040,0.23960
17.77000,0.48000,0.66205,0.33795
17.79000,0.48000,0.78699,0.21301
17.81000,0.48000,0.77025,0.22975
17.83000,0.48000,0.86011,0.13989
17.85000,0.48000,0.69267,0.30733
17.87000,0.48000,0.83088,0.16912
17.89000,0.48000,0.75040,0.24960
17.91000,0.48000,0.82743,0.17257
17.93000,0.48000,0.75822,0.24178
17.95000,0.48000,0.66821,0.33179
17.97000,0.48000,0.91364,0.08636
17.99000,0.48000,0.62833,0.37167
18.01000,0.48000,0.62545,0.37455
18.03000,0.48000,0.54128,0.45872
18.05000,0.48000,0.74491,0.25509
18.07000,0.48000,0.57546,0.42454
18.09000,0.48000,0.67981,0.32019
18.11000,0.48000,0.60735,0.39265
18.13000,0.48000,0.82086,0.17914
18.15000,0.48000,0.77086,0.22914
18.17000,0.48000,0.83840,0.16160
18.19000,0.48000,0.81479,0.18521
18.21000,0.48000,0.67454,0.32546
18.23000,0.48000,0.84509,0.15491
18.25000,0.48000,0.91254,0.08746
18.27000,0.48000,0.84469,0.15531
18.29000,0.48000,0.93145,0.06855
18.31000,0.48000,0.91768,0.08232
18.33000,0.48000,0.94452,0.05548
18.35000,0.48000,0.80003,0.19997
18.37000,0.48000,0.97748,0.02252
18.39000,0.48000,0.91782,0.08218
18.41000,0.48000,0.92666,0.07334
18.43000,0.48000,0.96622,0.03378
18.45000,0.48000,0.95630,0.04370
18.47000,0.48000,0.90607,0.09393
18.49000,0.48000,0.97249,0.02751
18.51000,0.48000,0.94570,0.05430
18.53000,0.48000,0.93864,0.06136
18.55000,0.48000,0.91866,0.08134
18.57000,0.48000,0.86139,0.13861
18.59000,0.48000,0.69829,0.30171
18.61000,0.48000,0.72485,0.27515
18.63000,0.48000,0.27907,0.72093
18.65000,0.48000,0.33313,0.66687
18.67000,0.48000,0.34120,0.65880
18.69000,0.48000,0.14657,0.85343
18.71000,0.48000,0.17500,0.82500
18.73000,0.48000,0.15552,0.84448
18.75000,0.48000,0.11186,0.88814
18.77000,0.48000,0.25014,0.74986
18.79000,0.48000,0.22086,0.77914
18.81000,0.48000,0.07519,0.92481
18.83000,0.48000,0.20245,0.79755
18.85000,0.48000,0.30945,0.69055
18.87000,0.48000,0.08406,0.91594
18.89000,0.48000,0.17903,0.82097
18.91000,0.48000,0.15448,0.84552
18.93000,0.48000,0.12037,0.87963
18.95000,0.48000,0.10842,0.89158
18.97000,0.48000,0.27535,0.72465
18.99000,0.48000,0.08427,0.91573
19.01000,0.48000,0.09209,0.90791
19.03000,0.48000,0.02548,0.97452
19.05000,0.48000,0.29662,0.70338
19.07000,0.48000,0.05627,0.94373
19.09000,0.48000,0.12762,0.87238
19.11000,0.48000,0.03967,0.96033
19.13000,0.48000,0.50753,0.49247
19.15000,0.48000,0.21408,0.78592
19.17000,0.48000,0.10430,0.89570
19.19000,0.48000,0.06568,0.93432
19.21000,0.48000,0.13826,0.86174
19.23000,0.48000,0.05932,0.94068
19.25000,0.48000,0.10041,0.89959
19.27000,0.48000,0.22568,0.77432
19.29000,0.48000,0.32206,0.67794
19.31000,0.48000,0.28449,0.71551
19.33000,0.48000,0.36121,0.63879
19.35000,0.48000,0.19136,0.80864
19.37000,0.48000,0.19355,0.80645
19.39000,0.48000,0.07840,0.92160
19.41000,0.48000,0.13501,0.86499
19.43000,0.48000,0.10587,0.89413
19.45000,0.48000,0.07944,0.92056
19.47000,0.48000,0.02902,0.97098
19.49000,0.48000,0.02091,0.97909
19.51000,0.48000,0.07325,0.92675
19.53000,0.48000,0.07421,0.92579
19.55000,0.48000,0.02723,0.97277
19.57000,0.48000,0.01764,0.98236
19.59000,0.48000,0.02748,0.97252
19.61000,0.48000,0.04177,0.95823
19.63000,0.48000,0.02990,0.97010
19.65000,0.48000,0.09618,0.90382
19.67000,0.48000,0.08611,0.91389
19.69000,0.48000,0.03008,0.96992
19.71000,0.48000,0.07761,0.92239
19.73000,0.48000,0.01794,0.98206
19.75000,0.48000,0.01760,0.98240
19.77000,0.48000,0.01252,0.98748
19.79000,0.48000,0.01775,0.98225
19.81000,0.48000,0.00646,0.99354
19.83000,0.48000,0.01635,0.98365
19.85000,0.48000,0.00541,0.99459
19.87000,0.48000,0.00823,0.99177
19.89000,0.48000,0.00715,0.99285
19.91000,0.48000,0.00380,0.99620
19.93000,0.48000,0.00351,0.99649
19.95000,0.48000,0.00812,0.99188
19.97000,0.48000,0.00304,0.99696
19.99000,0.48000,0.00346,0.99654
20.01000,0.48000,0.00491,0.99509
20.03000,0.48000,0.00379,0.99621
20.05000,0.48000,0.00303,0.99697
20.07000,0.48000,0.00462,0.99538
20.09000,0.48000,0.00333,0.99667
20.11000,0.48000,0.00312,0.99688
20.13000,0.48000,0.00441,0.99559
20.15000,0.48000,0.00368,0.99632
20.17000,0.48000,0.00237,0.99763
20.19000,0.48000,0.00334,0.99666
20.21000,0.48000,0.00336,0.99664
20.23000,0.48000,0.00185,0.99815
20.25000,0.48000,0.00549,0.99451
20.27000,0.48000,0.00455,0.99545
20.29000,0.48000,0.00438,0.99562
20.31000,0.48000,0.00684,0.99316
20.33000,0.48000,0.00724,0.99276
20.35000,0.48000,0.00636,0.99364
20.37000,0.48000,0.00612,0.99388
20.39000,0.48000,0.01337,0.98663
20.41000,0.48000,0.00613,0.99387
20.43000,0.48000,0.01252,0.98748
20.45000,0.48000,0.00747,0.99253
20.47000,0.48000,0.01722,0.98278
20.49000,0.48000,0.00984,0.99016
20.51000,0.48000,0.00991,0.99009
20.53000,0.48000,0.01031,0.98969
20.55000,0.48000,0.00961,0.99039
20.57000,0.48000,0.00878,0.99122
20.59000,0.48000,0.01006,0.98994
20.61000,0.48000,0.00902,0.99098
20.63000,0.48000,0.01314,0.98686
20.65000,0.48000,0.00541,0.99459
20.67000,0.48000,0.01391,0.98609
20.69000,0.48000,0.01049,0.98951
20.71000,0.48000,0.00971,0.99029
20.73000,0.48000,0.00895,0.99105
20.75000,0.48000,0.00978,0.99022
20.77000,0.48000,0.00380,0.99620
20.79000,0.48000,0.00729,0.99271
20.81000,0.48000,0.00890,0.99110
20.83000,0.48000,0.00492,0.99508
20.85000,0.48000,0.00448,0.99552
20.87000,0.48000,0.00951,0.99049
20.89000,0.48000,0.00565,0.99435
20.91000,0.48000,0.00827,0.99173
20.93000,0.48000,0.00607,0.99393
20.95000,0.48000,0.01228,0.98772
20.97000,0.48000,0.00960,0.99040
20.99000,0.48000,0.02826,0.97174
21.01000,0.48000,0.01196,0.98804
21.03000,0.48000,0.03004,0.96996
21.05000,0.48000,0.00971,0.99029
21.07000,0.48000,0.03358,0.96642
21.09000,0.48000,0.01167,0.98833
21.11000,0.48000,0.01292,0.98708
21.13000,0.48000,0.01210,0.98790
21.15000,0.48000,0.01455,0.98545
21.17000,0.48000,0.01022,0.98978
21.19000,0.48000,0.01064,0.98936
21.21000,0.48000,0.00912,0.99088
21.23000,0.48000,0.01176,0.98824
21.25000,0.48000,0.00461,0.99539
21.27000,0.48000,0.02304,0.97696
21.29000,0.48000,0.00532,0.99468
21.31000,0.48000,0.01739,0.98261
21.33000,0.48000,0.00879,0.99121
21.35000,0.48000,0.02040,0.97960
21.37000,0.48000,0.02841,0.97159
21.39000,0.48000,0.01999,0.98001
21.41000,0.48000,0.00982,0.99018
21.43000,0.48000,0.01579,0.98421
21.45000,0.48000,0.01853,0.98147
21.47000,0.48000,0.01664,0.98336
21.49000,0.48000,0.01743,0.98257
21.51000,0.48000,0.01575,0.98425
21.53000,0.48000,0.02355,0.97645
21.55000,0.48000,0.02958,0.97042
21.57000,0.48000,0.01495,0.98505
21.59000,0.48000,0.01786,0.98214
21.61000,0.48000,0.01165,0.98835
21.63000,0.48000,0.01892,0.98108
21.65000,0.48000,0.01104,0.98896
21.67000,0.48000,0.01563,0.98437
21.69000,0.48000,0.01756,0.98244
21.71000,0.48000,0.01276,0.98724
21.73000,0.48000,0.01417,0.98583
21.75000,0.48000,0.01410,0.98590
21.77000,0.48000,0.01085,0.98915
21.79000,0.48000,0.01064,0.98936
21.81000,0.48000,0.01447,0.98553
21.83000,0.48000,0.01122,0.98878
21.85000,0.48000,0.01195,0.98805
21.87000,0.48000,0.00974,0.99026
21.89000,0.48000,0.00965,0.99035
21.91000,0.48000,0.01265,0.98735
21.93000,0.48000,0.01505,0.98495
21.95000,0.48000,0.01684,0.98316
21.97000,0.48000,0.03112,0.96888
21.99000,0.48000,0.03097,0.96903
22.01000,0.48000,0.05740,0.94260
22.03000,0.48000,0.08353,0.91647
22.05000,0.48000,0.11478,0.88522
22.07000,0.48000,0.14994,0.85006
22.09000,0.48000,0.22746,0.77254
22.11000,0.48000,0.25327,0.74673
22.13000,0.48000,0.32914,0.67086
22.15000,0.48000,0.26290,0.73710
22.17000,0.48000,0.31574,0.68426
22.19000,0.48000,0.26222,0.73778
22.21000,0.48000,0.42704,0.57296
22.23000,0.48000,0.53624,0.46376
22.25000,0.48000,0.45235,0.54765
22.27000,0.48000,0.82516,0.17484
22.29000,0.48000,0.82276,0.17724
22.31000,0.48000,0.86862,0.13138
22.33000,0.48000,0.85902,0.14098
22.35000,0.48000,0.87279,0.12721
22.37000,0.48000,0.96454,0.03546
22.39000,0.48000,0.96382,0.03618
22.41000,0.48000,0.97352,0.02648
22.43000,0.48000,0.95539,0.04461
22.45000,0.48000,0.96866,0.03134
22.47000,0.48000,0.97026,0.02974
22.49000,0.48000,0.97968,0.02032
22.51000,0.48000,0.97277,0.02723
22.53000,0.48000,0.97705,0.02295
22.55000,0.48000,0.98015,0.01985
22.57000,0.48000,0.98460,0.01540
22.59000,0.48000,0.97894,0.02106
22.61000,0.48000,0.98814,0.01186
22.63000,0.48000,0.98546,0.01454
22.65000,0.48000,0.98888,0.01112
22.67000,0.48000,0.98217,0.01783
22.69000,0.48000,0.99370,0.00630
22.71000,0.48000,0.98807,0.01193
22.73000,0.48000,0.98650,0.01350
22.75000,0.48000,0.99227,0.00773
22.77000,0.48000,0.98867,0.01133
22.79000,0.48000,0.99094,0.00906
22.81000,0.48000,0.98339,0.01661
22.83000,0.48000,0.98721,0.01279
22.85000,0.48000,0.98283,0.01717
22.87000,0.48000,0.98258,0.01742
22.89000,0.48000,0.97830,0.02170
22.91000,0.48000,0.97575,0.02425
22.93000,0.48000,0.96920,0.03080
22.95000,0.48000,0.99025,0.00975
22.97000,0.48000,0.97372,0.02628
22.99000,0.48000,0.98497,0.01503
23.01000,0.48000,0.98197,0.01803
23.03000,0.48000,0.98729,0.01271
23.05000,0.48000,0.97663,0.02337
23.07000,0.48000,0.97929,0.02071
23.09000,0.48000,0.97684,0.02316
23.11000,0.48000,0.96782,0.03218
23.13000,0.48000,0.97044,0.02956
23.15000,0.48000,0.97684,0.02316
23.17000,0.48000,0.96877,0.03123
23.19000,0.48000,0.97148,0.02852
23.21000,0.48000,0.98348,0.01652
23.23000,0.48000,0.98350,0.01650
23.25000,0.48000,0.98628,0.01372
23.27000,0.48000,0.97732,0.02268
23.29000,0.48000,0.98953,0.01047
23.31000,0.48000,0.99011,0.00989
23.33000,0.48000,0.97179,0.02821
23.35000,0.48000,0.99224,0.00776
23.37000,0.48000,0.99249,0.00751
23.39000,0.48000,0.99395,0.00605
23.41000,0.48000,0.99494,0.00506
23.43000,0.48000,0.99152,0.00847
23.45000,0.48000,0.99198,0.00802
23.47000,0.48000,0.99155,0.00845
23.49000,0.48000,0.99027,0.00973
23.51000,0.48000,0.99428,0.00572
23.53000,0.48000,0.98993,0.01007
23.55000,0.48000,0.99521,0.00479
23.57000,0.48000,0.99295,0.00705
23.59000,0.48000,0.98887,0.01113
23.61000,0.48000,0.99021,0.00979
23.63000,0.48000,0.99474,0.00526
23.65000,0.48000,0.98818,0.01182
23.67000,0.48000,0.99411,0.00589
23.69000,0.48000,0.98745,0.01255
23.71000,0.48000,0.99315,0.00685
23.73000,0.48000,0.98544,0.01456
23.75000,0.48000,0.99169,0.00831
23.77000,0.48000,0.98752,0.01248
23.79000,0.48000,0.99183,0.00817
23.81000,0.48000,0.98565,0.01435
23.83000,0.48000,0.99008,0.00992
23.85000,0.48000,0.98543,0.01457
23.87000,0.48000,0.99098,0.00902
23.89000,0.48000,0.98115,0.01885
23.91000,0.48000,0.99155,0.00845
23.93000,0.48000,0.99209,0.00791
23.95000,0.48000,0.98972,0.01028
23.97000,0.48000,0.99259,0.00741
23.99000,0.48000,0.99397,0.00603
24.01000,0.48000,0.99179,0.00821
24.03000,0.48000,0.98792,0.01208
24.05000,0.48000,0.98683,0.01317
24.07000,0.48000,0.98886,0.01114
24.09000,0.48000,0.99364,0.00636
24.11000,0.48000,0.98904,0.01096
24.13000,0.48000,0.99112,0.00888
24.15000,0.48000,0.98405,0.01595
24.17000,0.48000,0.98630,0.01370
24.19000,0.48000,0.98899,0.01101
24.21000,0.48000,0.98756,0.01244
24.23000,0.48000,0.99165,0.00835
24.25000,0.48000,0.99618,0.00382
24.27000,0.48000,0.87079,0.12921
24.29000,0.48000,0.85805,0.14195
24.31000,0.48000,0.73632,0.26368
24.33000,0.48000,0.59012,0.40988
24.35000,0.48000,0.74872,0.25128
24.37000,0.48000,0.70847,0.29153
24.39000,0.48000,0.71349,0.28651
24.41000,0.48000,0.81377,0.18623
24.43000,0.48000,0.55260,0.44740
24.45000,0.48000,0.52832,0.47168
24.47000,0.48000,0.46267,0.53733
24.49000,0.48000,0.54356,0.45644
24.51000,0.48000,0.28260,0.71740
24.53000,0.48000,0.26140,0.73860
24.55000,0.48000,0.20921,0.79079
24.57000,0.48000,0.18791,0.81209
24.59000,0.48000,0.12259,0.87741
24.61000,0.48000,0.08356,0.91644
24.63000,0.48000,0.11075,0.88925
24.65000,0.48000,0.08283,0.91717
24.67000,0.48000,0.00944,0.99056
24.69000,0.48000,0.00497,0.99503
24.71000,0.48000,0.01424,0.98576
24.73000,0.48000,0.00563,0.99437
24.75000,0.48000,0.00859,0.99141
24.77000,0.48000,0.00772,0.99228
24.79000,0.48000,0.00965,0.99035
24.81000,0.48000,0.00959,0.99041
24.83000,0.48000,0.01130,0.98870
24.85000,0.48000,0.01434,0.98566
24.87000,0.48000,0.02158,0.97842
24.89000,0.48000,0.01440,0.98560
24.91000,0.48000,0.01483,0.98517
24.93000,0.48000,0.01432,0.98568
24.95000,0.48000,0.01650,0.98350
24.97000,0.48000,0.00738,0.99262
24.99000,0.48000,0.01346,0.98654
25.01000,0.48000,0.00777,0.99223
25.03000,0.48000,0.00727,0.99273
25.05000,0.48000,0.00962,0.99038
25.07000,0.48000,0.00624,0.99376
25.09000,0.48000,0.00811,0.99189
25.11000,0.48000,0.00922,0.99078
25.13000,0.48000,0.00842,0.99158
25.15000,0.48000,0.00532,0.99468
25.17000,0.48000,0.00498,0.99502
25.19000,0.48000,0.00880,0.99120
25.21000,0.48000,0.01572,0.98428
25.23000,0.48000,0.01829,0.98171
25.25000,0.48000,0.03997,0.96003
25.27000,0.48000,0.08536,0.91464
25.29000,0.48000,0.07726,0.92274
25.31000,0.48000,0.08477,0.91523
25.33000,0.48000,0.07342,0.92658
25.35000,0.48000,0.26141,0.73859
25.37000,0.48000,0.48846,0.51154
25.39000,0.48000,0.28489,0.71511
25.41000,0.48000,0.58271,0.41729
25.43000,0.48000,0.61964,0.38036
25.45000,0.48000,0.74576,0.25424
25.47000,0.48000,0.78130,0.21870
25.49000,0.48000,0.57893,0.42107
25.51000,0.48000,0.84027,0.15973
25.53000,0.48000,0.93234,0.06766
25.55000,0.48000,0.90449,0.09551
25.57000,0.48000,0.85265,0.14735
25.59000,0.48000,0.98413,0.01587
25.61000,0.48000,0.99366,0.00634
25.63000,0.48000,0.98721,0.01279
25.65000,0.48000,0.99454,0.00546
25.67000,0.48000,0.98896,0.01104
25.69000,0.48000,0.98410,0.01590
25.71000,0.48000,0.97782,0.02218
25.73000,0.48000,0.98088,0.01912
25.75000,0.48000,0.98110,0.01890
25.77000,0.48000,0.95809,0.04191
25.79000,0.48000,0.98096,0.01904
25.81000,0.48000,0.94611,0.05389
25.83000,0.48000,0.97083,0.02917
25.85000,0.48000,0.96209,0.03791
25.87000,0.48000,0.96351,0.03649
25.89000,0.48000,0.96298,0.03702
25.91000,0.48000,0.94229,0.05771
25.93000,0.48000,0.94803,0.05197
25.95000,0.48000,0.97049,0.02951
25.97000,0.48000,0.94993,0.05007
25.99000,0.48000,0.97319,0.02681
26.01000,0.48000,0.95455,0.04545
26.03000,0.48000,0.94810,0.05190
26.05000,0.48000,0.94013,0.05987
26.07000,0.48000,0.97578,0.02422
26.09000,0.48000,0.94348,0.05652
26.11000,0.48000,0.97593,0.02407
26.13000,0.48000,0.96124,0.03876
26.15000,0.48000,0.96594,0.03406
26.17000,0.48000,0.92835,0.07165
26.19000,0.48000,0.98059,0.01941
26.21000,0.48000,0.98378,0.01622
26.23000,0.48000,0.96712,0.03288
26.25000,0.48000,0.98614,0.01386
26.27000,0.48000,0.96710,0.03290
26.29000,0.48000,0.97239,0.02761
26.31000,0.48000,0.96599,0.03401
26.33000,0.48000,0.91186,0.08814
26.35000,0.48000,0.96725,0.03275
26.37000,0.48000,0.88199,0.11801
26.39000,0.48000,0.94875,0.05125
26.41000,0.48000,0.95026,0.04974
26.43000,0.48000,0.93437,0.06563
26.45000,0.48000,0.94623,0.05377
26.47000,0.48000,0.97920,0.02080
26.49000,0.48000,0.97021,0.02979
26.51000,0.48000,0.98561,0.01439
26.53000,0.48000,0.96891,0.03109
26.55000,0.48000,0.98433,0.01567
26.57000,0.48000,0.97533,0.02467
26.59000,0.48000,0.97388,0.02612
26.61000,0.48000,0.95371,0.04629
26.63000,0.48000,0.98265,0.01735
26.65000,0.48000,0.96325,0.03675
26.67000,0.48000,0.97482,0.02518
26.69000,0.48000,0.98460,0.01540
26.71000,0.48000,0.96945,0.03055
26.73000,0.48000,0.94822,0.05178
26.75000,0.48000,0.94938,0.05062
26.77000,0.48000,0.96822,0.03178
26.79000,0.48000,0.48893,0.51107
26.81000,0.48000,0.68919,0.31081
26.83000,0.48000,0.70166,0.29834
26.85000,0.48000,0.92251,0.07749
26.87000,0.48000,0.56867,0.43133
26.89000,0.48000,0.75542,0.24458
26.91000,0.48000,0.77664,0.22336
26.93000,0.48000,0.72591,0.27409
26.95000,0.48000,0.50297,0.49703
26.97000,0.48000,0.72818,0.27182
26.99000,0.48000,0.53284,0.46716
27.01000,0.48000,0.36399,0.63601
27.03000,0.48000,0.20915,0.79085
27.05000,0.48000,0.35308,0.64692
27.07000,0.48000,0.22179,0.77821
27.09000,0.48000,0.26965,0.73035
27.11000,0.48000,0.09624,0.90376
27.13000,0.48000,0.04332,0.95668
27.15000,0.48000,0.03729,0.96271
27.17000,0.48000,0.00654,0.99346
27.19000,0.48000,0.00798,0.99202
27.21000,0.48000,0.00588,0.99412
27.23000,0.48000,0.00918,0.99082
27.25000,0.48000,0.00212,0.99788
27.27000,0.48000,0.00705,0.99295
27.29000,0.48000,0.00133,0.99867
27.31000,0.48000,0.00622,0.99378
27.33000,0.48000,0.00085,0.99915
27.35000,0.48000,0.00542,0.99458
27.37000,0.48000,0.00208,0.99792
27.39000,0.48000,0.00871,0.99129
27.41000,0.48000,0.00887,0.99113
27.43000,0.48000,0.01128,0.98872
27.45000,0.48000,0.00204,0.99796
27.47000,0.48000,0.00500,0.99500
27.49000,0.48000,0.00291,0.99709
27.51000,0.48000,0.00746,0.99254
27.53000,0.48000,0.00192,0.99808
27.55000,0.48000,0.00360,0.99640
27.57000,0.48000,0.00275,0.99725
27.59000,0.48000,0.00519,0.99481
27.61000,0.48000,0.00267,0.99733
27.63000,0.48000,0.00235,0.99765
27.65000,0.48000,0.00269,0.99731
27.67000,0.48000,0.00175,0.99825
27.69000,0.48000,0.00356,0.99644
27.71000,0.48000,0.00259,0.99741
27.73000,0.48000,0.00428,0.99572
27.75000,0.48000,0.00485,0.99515
27.77000,0.48000,0.00268,0.99732
27.79000,0.48000,0.00393,0.99607
27.81000,0.48000,0.00257,0.99743
27.83000,0.48000,0.00444,0.99556
27.85000,0.48000,0.00176,0.99824
27.87000,0.48000,0.00324,0.99676
27.89000,0.48000,0.00187,0.99813
27.91000,0.48000,0.00680,0.99320
27.93000,0.48000,0.00358,0.99642
27.95000,0.48000,0.00130,0.99870
27.97000,0.48000,0.00107,0.99893
27.99000,0.48000,0.00155,0.99845
28.01000,0.48000,0.00173,0.99827
28.03000,0.48000,0.00182,0.99818
28.05000,0.48000,0.00112,0.99888
28.07000,0.48000,0.00346,0.99654
28.09000,0.48000,0.00052,0.99948
28.11000,0.48000,0.00229,0.99771
28.13000,0.48000,0.00194,0.99806
28.15000,0.48000,0.00116,0.99884
28.17000,0.48000,0.00157,0.99843
28.19000,0.48000,0.00309,0.99691
28.21000,0.48000,0.00491,0.99509
28.23000,0.48000,0.00470,0.99530
28.25000,0.48000,0.00236,0.99764
28.27000,0.48000,0.00667,0.99333
28.29000,0.48000,0.00369,0.99631
28.31000,0.48000,0.00612,0.99388
28.33000,0.48000,0.00426,0.99574
28.35000,0.48000,0.00573,0.99427
28.37000,0.48000,0.00245,0.99755
28.39000,0.48000,0.00710,0.99290
28.41000,0.48000,0.00315,0.99685
28.43000,0.48000,0.00753,0.99247
28.45000,0.48000,0.00262,0.99738
28.47000,0.48000,0.00396,0.99604
28.49000,0.48000,0.00126,0.99874
28.51000,0.48000,0.00346,0.99654
28.53000,0.48000,0.00405,0.99595
28.55000,0.48000,0.00405,0.99595
28.57000,0.48000,0.00951,0.99049
28.59000,0.48000,0.02740,0.97260
28.61000,0.48000,0.03546,0.96454
28.63000,0.48000,0.02956,0.97044
28.65000,0.48000,0.09942,0.90058
28.67000,0.48000,0.10100,0.89900
28.69000,0.48000,0.37955,0.62045
28.71000,0.48000,0.10763,0.89237
28.73000,0.48000,0.24142,0.75858
28.75000,0.48000,0.24190,0.75810
28.77000,0.48000,0.25339,0.74661
28.79000,0.48000,0.20038,0.79962
28.81000,0.48000,0.30882,0.69118
28.83000,0.48000,0.37005,0.62995
28.85000,0.48000,0.61153,0.38847
28.87000,0.48000,0.44589,0.55411
28.89000,0.48000,0.77355,0.22645
28.91000,0.48000,0.86626,0.13374
28.93000,0.48000,0.90727,0.09273
28.95000,0.48000,0.94991,0.05009
28.97000,0.48000,0.98223,0.01777
28.99000,0.48000,0.98152,0.01848
29.01000,0.48000,0.97932,0.02068
29.03000,0.48000,0.99081,0.00919
29.05000,0.48000,0.99262,0.00738
29.07000,0.48000,0.99114,0.00886
29.09000,0.48000,0.99351,0.00649
29.11000,0.48000,0.99568,0.00432
29.13000,0.48000,0.99516,0.00484
29.15000,0.48000,0.99264,0.00736
29.17000,0.48000,0.99391,0.00609
29.19000,0.48000,0.99470,0.00530
29.21000,0.48000,0.99444,0.00556
29.23000,0.48000,0.98685,0.01315
29.25000,0.48000,0.98995,0.01005
29.27000,0.48000,0.99387,0.00613
29.29000,0.48000,0.99324,0.00676
29.31000,0.48000,0.99376,0.00624
29.33000,0.48000,0.98941,0.01059
29.35000,0.48000,0.97550,0.02450
29.37000,0.48000,0.99078,0.00922
29.39000,0.48000,0.97395,0.02605
29.41000,0.48000,0.97973,0.02027
29.43000,0.48000,0.96704,0.03296
29.45000,0.48000,0.97205,0.02795
29.47000,0.48000,0.96532,0.03468
29.49000,0.48000,0.96647,0.03353
29.51000,0.48000,0.96765,0.03235
29.53000,0.48000,0.97784,0.02216
29.55000,0.48000,0.97863,0.02137
29.57000,0.48000,0.97945,0.02055
29.59000,0.48000,0.95367,0.04633
29.61000,0.48000,0.97256,0.02744
29.63000,0.48000,0.95644,0.04356
29.65000,0.48000,0.96834,0.03166
29.67000,0.48000,0.95854,0.04146
29.69000,0.48000,0.94758,0.05242
29.71000,0.48000,0.97739,0.02260
29.73000,0.48000,0.97535,0.02465
29.75000,0.48000,0.97593,0.02407
29.77000,0.48000,0.95589,0.04411
29.79000,0.48000,0.97918,0.02082
29.81000,0.48000,0.94669,0.05331
29.83000,0.48000,0.98092,0.01908
29.85000,0.48000,0.93391,0.06609
29.87000,0.48000,0.99114,0.00886
29.89000,0.48000,0.97972,0.02028
29.91000,0.48000,0.98352,0.01648
29.93000,0.48000,0.97277,0.02723
29.95000,0.48000,0.96480,0.03520
29.97000,0.48000,0.98717,0.01283
29.99000,0.48000,0.95818,0.04182
30.01000,0.48000,0.94631,0.05369
30.03000,0.48000,0.97021,0.02979
30.05000,0.48000,0.95309,0.04691
30.07000,0.48000,0.88915,0.11085
30.09000,0.48000,0.95730,0.04270
30.11000,0.48000,0.95705,0.04295
30.13000,0.48000,0.87837,0.12163
30.15000,0.48000,0.92134,0.07866
30.17000,0.48000,0.94189,0.05811
30.19000,0.48000,0.89233,0.10767
30.21000,0.48000,0.88926,0.11074
30.23000,0.48000,0.87856,0.12144
30.25000,0.48000,0.89356,0.10644
30.27000,0.48000,0.90353,0.09647
30.29000,0.48000,0.80636,0.19364
30.31000,0.48000,0.87992,0.12008
30.33000,0.48000,0.93496,0.06504
30.35000,0.48000,0.87806,0.12194
30.37000,0.48000,0.95427,0.04573
30.39000,0.48000,0.92477,0.07523
30.41000,0.48000,0.92980,0.07020
30.43000,0.48000,0.96316,0.03684
30.45000,0.48000,0.97151,0.02849
30.47000,0.48000,0.94516,0.05484
30.49000,0.48000,0.96749,0.03251
30.51000,0.48000,0.96175,0.03825
30.53000,0.48000,0.92600,0.07400
30.55000,0.48000,0.96694,0.03306
30.57000,0.48000,0.97100,0.02900
30.59000,0.48000,0.93248,0.06752
30.61000,0.48000,0.98415,0.01585
30.63000,0.48000,0.98151,0.01849
30.65000,0.48000,0.97409,0.02591
30.67000,0.48000,0.98511,0.01489
30.69000,0.48000,0.98863,0.01137
30.71000,0.48000,0.98188,0.01812
30.73000,0.48000,0.99126,0.00874
30.75000,0.48000,0.98799,0.01201
30.77000,0.48000,0.98585,0.01415
30.79000,0.48000,0.98977,0.01023
30.81000,0.48000,0.99236,0.00764
30.83000,0.48000,0.99154,0.00846
30.85000,0.48000,0.99132,0.00868
30.87000,0.48000,0.99049,0.00951
30.89000,0.48000,0.99434,0.00566
30.91000,0.48000,0.99229,0.00771
30.93000,0.48000,0.98533,0.01467
30.95000,0.48000,0.98959,0.01041
30.97000,0.48000,0.98751,0.01249
30.99000,0.48000,0.97344,0.02656
31.01000,0.48000,0.99469,0.00531
31.03000,0.48000,0.98917,0.01083
31.05000,0.48000,0.98883,0.01117
31.07000,0.48000,0.99466,0.00534
31.09000,0.48000,0.97197,0.02803
31.11000,0.48000,0.89943,0.10057
31.13000,0.48000,0.88773,0.11227
31.15000,0.48000,0.70281,0.29719
31.17000,0.48000,0.95747,0.04253
31.19000,0.48000,0.86661,0.13339
31.21000,0.48000,0.94163,0.05837
31.23000,0.48000,0.91863,0.08137
31.25000,0.48000,0.98216,0.01784
31.27000,0.48000,0.87263,0.12737
31.29000,0.48000,0.97490,0.02510
31.31000,0.48000,0.83189,0.16811
31.33000,0.48000,0.96260,0.03740
31.35000,0.48000,0.58222,0.41778
31.37000,0.48000,0.81295,0.18705
31.39000,0.48000,0.46445,0.53555
31.41000,0.48000,0.87906,0.12094
31.43000,0.48000,0.52745,0.47255
31.45000,0.48000,0.60083,0.39917
31.47000,0.48000,0.41377,0.58623
31.49000,0.48000,0.56898,0.43102
31.51000,0.48000,0.04298,0.95702
31.53000,0.48000,0.07897,0.92103
31.55000,0.48000,0.03214,0.96786
31.57000,0.48000,0.05609,0.94391
31.59000,0.48000,0.11157,0.88843
31.61000,0.48000,0.06720,0.93280
31.63000,0.48000,0.06781,0.93219
31.65000,0.48000,0.04695,0.95305
31.67000,0.48000,0.05057,0.94943
31.69000,0.48000,0.00394,0.99606
31.71000,0.48000,0.02521,0.97479
31.73000,0.48000,0.00542,0.99458
31.75000,0.48000,0.01179,0.98821
31.77000,0.48000,0.02054,0.97946
31.79000,0.48000,0.02349,0.97651
31.81000,0.48000,0.02482,0.97518
31.83000,0.48000,0.06355,0.93645
31.85000,0.48000,0.02183,0.97817
31.87000,0.48000,0.11037,0.88963
31.89000,0.48000,0.07587,0.92413
31.91000,0.48000,0.04372,0.95628
31.93000,0.48000,0.04489,0.95511
31.95000,0.48000,0.06689,0.93311
31.97000,0.48000,0.07210,0.92790
31.99000,0.48000,0.07083,0.92917
32.01000,0.48000,0.05852,0.94148
32.03000,0.48000,0.06179,0.93821
32.05000,0.48000,0.02229,0.97771
32.07000,0.48000,0.01612,0.98388
32.09000,0.48000,0.02238,0.97762
32.11000,0.48000,0.01423,0.98577
32.13000,0.48000,0.00931,0.99069
32.15000,0.48000,0.00782,0.99218
32.17000,0.48000,0.00545,0.99455
32.19000,0.48000,0.00501,0.99499
32.21000,0.48000,0.00375,0.99625
32.23000,0.48000,0.00294,0.99706
32.25000,0.48000,0.00428,0.99572
32.27000,0.48000,0.00296,0.99704
32.29000,0.48000,0.00342,0.99658
32.31000,0.48000,0.00238,0.99762
32.33000,0.48000,0.00181,0.99819
32.35000,0.48000,0.00254,0.99746
32.37000,0.48000,0.00134,0.99866
32.39000,0.48000,0.00261,0.99739
32.41000,0.48000,0.00199,0.99801
32.43000,0.48000,0.00106,0.99894
32.45000,0.48000,0.00101,0.99899
32.47000,0.48000,0.00055,0.99945
32.49000,0.48000,0.00181,0.99819
32.51000,0.48000,0.00083,0.99917
32.53000,0.48000,0.00166,0.99834
32.55000,0.48000,0.00046,0.99954
32.57000,0.48000,0.00239,0.99761
32.59000,0.48000,0.00088,0.99912
32.61000,0.48000,0.00188,0.99812
32.63000,0.48000,0.00039,0.99961
32.65000,0.48000,0.00180,0.99820
32.67000,0.48000,0.00050,0.99950
32.69000,0.48000,0.00142,0.99858
32.71000,0.48000,0.00034,0.99966
32.73000,0.48000,0.00458,0.99542
32.75000,0.48000,0.00072,0.99928
32.77000,0.48000,0.00241,0.99759
32.79000,0.48000,0.00119,0.99881
32.81000,0.48000,0.00434,0.99566
32.83000,0.48000,0.00181,0.99819
32.85000,0.48000,0.00288,0.99712
32.87000,0.48000,0.00211,0.99789
32.89000,0.48000,0.00450,0.99550
32.91000,0.48000,0.00119,0.99881
32.93000,0.48000,0.00228,0.99772
32.95000,0.48000,0.00180,0.99820
32.97000,0.48000,0.00224,0.99776
32.99000,0.48000,0.00118,0.99882
33.01000,0.48000,0.00834,0.99166
33.03000,0.48000,0.00193,0.99807
33.05000,0.48000,0.00136,0.99864
33.07000,0.48000,0.00153,0.99847
33.09000,0.48000,0.00199,0.99801
33.11000,0.48000,0.00336,0.99664
33.13000,0.48000,0.00067,0.99933
33.15000,0.48000,0.00260,0.99740
33.17000,0.48000,0.00257,0.99743
33.19000,0.48000,0.00074,0.99926
33.21000,0.48000,0.00025,0.99975
33.23000,0.48000,0.00010,0.99990
33.25000,0.48000,0.00069,0.99931
33.27000,0.48000,0.00112,0.99888
33.29000,0.48000,0.00054,0.99946
33.31000,0.48000,0.00080,0.99920
33.33000,0.48000,0.00065,0.99935
33.35000,0.48000,0.00060,0.99940
33.37000,0.48000,0.00074,0.99926
33.39000,0.48000,0.00129,0.99871
33.41000,0.48000,0.00167,0.99833
33.43000,0.48000,0.00288,0.99712
33.45000,0.48000,0.00129,0.99871
33.47000,0.48000,0.01401,0.98599
33.49000,0.48000,0.01176,0.98824
33.51000,0.48000,0.01353,0.98647
33.53000,0.48000,0.00297,0.99703
33.55000,0.48000,0.01373,0.98627
33.57000,0.48000,0.00754,0.99246
33.59000,0.48000,0.01042,0.98958
33.61000,0.48000,0.01435,0.98565
33.63000,0.48000,0.01517,0.98483
33.65000,0.48000,0.02141,0.97859
33.67000,0.48000,0.01605,0.98395
33.69000,0.48000,0.02443,0.97557
33.71000,0.48000,0.01426,0.98574
33.73000,0.48000,0.01086,0.98914
33.75000,0.48000,0.00932,0.99068
33.77000,0.48000,0.00877,0.99123
33.79000,0.48000,0.00706,0.99294
33.81000,0.48000,0.00915,0.99085
33.83000,0.48000,0.00432,0.99568
33.85000,0.48000,0.00497,0.99503
33.87000,0.48000,0.00784,0.99216
33.89000,0.48000,0.00682,0.99318
33.91000,0.48000,0.00689,0.99311
33.93000,0.48000,0.00455,0.99545
33.95000,0.48000,0.01042,0.98958
33.97000,0.48000,0.00310,0.99690
33.99000,0.48000,0.00542,0.99458
34.01000,0.48000,0.00580,0.99420
34.03000,0.48000,0.00718,0.99282
34.05000,0.48000,0.00980,0.99020
34.07000,0.48000,0.00880,0.99120
34.09000,0.48000,0.00651,0.99349
34.11000,0.48000,0.00366,0.99634
34.13000,0.48000,0.00265,0.99735
34.15000,0.48000,0.00366,0.99634
34.17000,0.48000,0.00422,0.99578
34.19000,0.48000,0.00224,0.99776
34.21000,0.48000,0.00327,0.99673
34.23000,0.48000,0.00161,0.99839
34.25000,0.48000,0.00349,0.99651
34.27000,0.48000,0.00268,0.99732
34.29000,0.48000,0.00509,0.99491
34.31000,0.48000,0.00302,0.99698
34.33000,0.48000,0.00620,0.99380
34.35000,0.48000,0.00313,0.99687
34.37000,0.48000,0.00428,0.99572
34.39000,0.48000,0.00326,0.99674
34.41000,0.48000,0.00449,0.99551
34.43000,0.48000,0.00275,0.99725
34.45000,0.48000,0.00404,0.99596
34.47000,0.48000,0.00303,0.99697
34.49000,0.48000,0.00537,0.99463
34.51000,0.48000,0.00299,0.99701
34.53000,0.48000,0.00917,0.99083
34.55000,0.48000,0.00599,0.99401
34.57000,0.48000,0.01058,0.98942
34.59000,0.48000,0.00902,0.99098
34.61000,0.48000,0.01279,0.98721
34.63000,0.48000,0.00865,0.99135
34.65000,0.48000,0.00994,0.99006
34.67000,0.48000,0.00612,0.99388
34.69000,0.48000,0.00442,0.99558
34.71000,0.48000,0.00307,0.99693
34.73000,0.48000,0.00656,0.99344
34.75000,0.48000,0.00214,0.99786
34.77000,0.48000,0.00549,0.99451
34.79000,0.48000,0.00234,0.99766
34.81000,0.48000,0.00944,0.99056
34.83000,0.48000,0.00853,0.99147
34.85000,0.48000,0.01934,0.98066
34.87000,0.48000,0.01624,0.98376
34.89000,0.48000,0.01798,0.98202
34.91000,0.48000,0.02514,0.97486
34.93000,0.48000,0.06647,0.93353
34.95000,0.48000,0.04865,0.95135
34.97000,0.48000,0.24321,0.75679
34.99000,0.48000,0.25809,0.74191
35.01000,0.48000,0.19971,0.80029
35.03000,0.48000,0.38601,0.61399
35.05000,0.48000,0.28814,0.71186
35.07000,0.48000,0.41921,0.58079
35.09000,0.48000,0.55599,0.44401
35.11000,0.48000,0.54474,0.45526
35.13000,0.48000,0.69182,0.30818
35.15000,0.48000,0.85137,0.14863
35.17000,0.48000,0.83394,0.16606
35.19000,0.48000,0.97436,0.02564
35.21000,0.48000,0.95942,0.04058
35.23000,0.48000,0.89054,0.10946
35.25000,0.48000,0.98343,0.01657
35.27000,0.48000,0.98632,0.01368
35.29000,0.48000,0.98049,0.01951
35.31000,0.48000,0.98201,0.01799
35.33000,0.48000,0.96693,0.03307
35.35000,0.48000,0.85750,0.14250
35.37000,0.48000,0.95604,0.04396
35.39000,0.48000,0.91030,0.08970
35.41000,0.48000,0.82189,0.17811
35.43000,0.48000,0.94033,0.05967
35.45000,0.48000,0.83659,0.16341
35.47000,0.48000,0.88265,0.11735
35.49000,0.48000,0.90984,0.09016
35.51000,0.48000,0.83290,0.16710
35.53000,0.48000,0.89369,0.10631
35.55000,0.48000,0.84071,0.15929
35.57000,0.48000,0.91331,0.08669
35.59000,0.48000,0.88339,0.11661
35.61000,0.48000,0.92428,0.07572
35.63000,0.48000,0.92136,0.07864
35.65000,0.48000,0.84042,0.15958
35.67000,0.48000,0.86443,0.13557
35.69000,0.48000,0.89802,0.10198
35.71000,0.48000,0.95508,0.04492
35.73000,0.48000,0.94746,0.05254
35.75000,0.48000,0.88770,0.11230
35.77000,0.48000,0.96553,0.03447
35.79000,0.48000,0.98117,0.01883
35.81000,0.48000,0.96713,0.03287
35.83000,0.48000,0.98311,0.01689
35.85000,0.48000,0.98860,0.01140
35.87000,0.48000,0.98752,0.01248
35.89000,0.48000,0.98276,0.01724
35.91000,0.48000,0.98073,0.01927
35.93000,0.48000,0.98904,0.01096
35.95000,0.48000,0.99164,0.00836
35.97000,0.48000,0.99488,0.00512
35.99000,0.48000,0.99320,0.00680
36.01000,0.48000,0.99423,0.00577
36.03000,0.48000,0.99351,0.00649
36.05000,0.48000,0.99127,0.00873
36.07000,0.48000,0.99381,0.00619
36.09000,0.48000,0.98664,0.01336
36.11000,0.48000,0.98855,0.01145
36.13000,0.48000,0.99246,0.00754
36.15000,0.48000,0.99311,0.00689
36.17000,0.48000,0.97649,0.02351
36.19000,0.48000,0.99233,0.00767
36.21000,0.48000,0.98042,0.01958
36.23000,0.48000,0.98184,0.01816
36.25000,0.48000,0.98784,0.01216
36.27000,0.48000,0.97770,0.02230
36.29000,0.48000,0.98457,0.01543
36.31000,0.48000,0.99203,0.00797
36.33000,0.48000,0.97467,0.02533
36.35000,0.48000,0.97856,0.02144
36.37000,0.48000,0.97699,0.02301
36.39000,0.48000,0.97452,0.02548
36.41000,0.48000,0.97929,0.02071
36.43000,0.48000,0.98550,0.01450
36.45000,0.48000,0.97582,0.02418
36.47000,0.48000,0.98230,0.01770
36.49000,0.48000,0.97828,0.02172
36.51000,0.48000,0.91804,0.08196
36.53000,0.48000,0.97334,0.02666
36.55000,0.48000,0.95220,0.04780
36.57000,0.48000,0.94438,0.05562
36.59000,0.48000,0.96980,0.03020
36.61000,0.48000,0.96822,0.03178
36.63000,0.48000,0.95825,0.04175
36.65000,0.48000,0.98863,0.01137
36.67000,0.48000,0.97998,0.02002
36.69000,0.48000,0.98159,0.01841
36.71000,0.48000,0.98598,0.01402
36.73000,0.48000,0.98888,0.01112
36.75000,0.48000,0.98186,0.01814
36.77000,0.48000,0.98852,0.01148
36.79000,0.48000,0.98401,0.01599
36.81000,0.48000,0.97154,0.02846
36.83000,0.48000,0.97605,0.02395
36.85000,0.48000,0.97375,0.02625
36.87000,0.48000,0.98215,0.01785
36.89000,0.48000,0.95885,0.04115
36.91000,0.48000,0.97997,0.02003
36.93000,0.48000,0.98506,0.01494
