# Time (seconds),f0,f1,f2
0.0099999,-0.4990234375,0.70947265625,0.150390625
0.029999900000000003,-0.63720703125,0.588623046875,0.053955078125
0.0499999,-0.624755859375,0.87451171875,0.186279296875
0.0699999,-0.820556640625,0.774658203125,0.111083984375
0.08999990000000001,-0.723388671875,0.88671875,0.16357421875
0.10999990000000001,-0.651123046875,0.873046875,0.21533203125
0.1299999,-0.62109375,0.7041015625,0.063232421875
0.14999990000000002,-0.461669921875,0.6591796875,0.145751953125
0.1699999,-0.45556640625,0.712646484375,0.158935546875
0.1899999,-0.603759765625,0.639892578125,0.068359375
0.20999990000000002,-0.538330078125,0.9033203125,0.18994140625
0.2299999,-0.7568359375,0.715576171875,0.17041015625
0.2499999,-0.78857421875,0.869140625,0.130615234375
0.2699999,-0.758544921875,0.874755859375,0.192626953125
0.28999990000000003,-0.640380859375,0.756591796875,0.09375
0.3099999,-0.514892578125,0.765625,0.16796875
0.3299999,-0.487060546875,0.72705078125,0.090087890625
0.34999990000000003,-0.51318359375,0.6083984375,0.05810546875
0.3699999,-0.532958984375,0.884765625,0.125732421875
0.3899999,-0.681640625,0.73828125,0.201416015625
0.40999990000000003,-0.79150390625,0.947509765625,0.0810546875
0.4299999,-0.76806640625,0.828369140625,0.217041015625
0.4499999,-0.691650390625,0.827392578125,0.044921875
0.4699999,-0.638671875,0.857177734375,0.1943359375
0.4899999,-0.4755859375,0.781494140625,0.126708984375
0.5099999,-0.481689453125,0.68017578125,0.0966796875
0.5299999,-0.4501953125,0.807861328125,0.060302734375
0.5499999,-0.64404296875,0.69189453125,0.114501953125
0.5699999,-0.731201171875,0.856689453125,0.0576171875
0.5899998999999999,-0.7177734375,0.844482421875,0.183349609375
0.6099998999999999,-0.7177734375,0.844482421875,0.183349609375
0.6299999,-0.781982421875,0.84619140625,0.14111328125
0.6499999,-0.781982421875,0.84619140625,0.14111328125
0.6699999,-0.61767578125,0.74755859375,0.033935546875
0.6899999,-0.61767578125,0.74755859375,0.033935546875
0.7099999,-0.37744140625,0.794921875,0.08154296875
0.7299998999999999,-0.5849609375,0.663330078125,0.063232421875
0.7499998999999999,-0.546875,0.71826171875,0.107666015625
0.7699999,-0.7373046875,0.775390625,0.129150390625
0.7899999,-0.7607421875,0.782470703125,0.12548828125
0.8099999,-0.78955078125,0.854248046875,0.109375
0.8299999,-0.59912109375,0.832275390625,0.205322265625
0.8499998999999999,-0.70361328125,0.70166015625,0.0634765625
0.8699998999999999,-0.357421875,0.619873046875,0.140625
0.8899999,-0.553466796875,0.7373046875,0.114501953125
0.9099999,-0.55517578125,0.721923828125,0.035400390625
0.9299999,-0.70166015625,0.844970703125,0.18017578125
0.9499999,-0.685302734375,0.752685546875,0.13037109375
0.9699998999999999,-0.83154296875,0.823486328125,0.15966796875
0.9899998999999999,-0.6767578125,0.86279296875,0.1396484375
1.0099999,-0.604736328125,0.74072265625,0.097412109375
1.0299999,-0.488525390625,0.656494140625,0.19384765625
1.0499999,-0.53466796875,0.74169921875,0.156982421875
1.0699999,-0.509765625,0.608154296875,0.019775390625
1.0899999,-0.575927734375,0.940673828125,0.16650390625
1.1099999,-0.7392578125,0.7568359375,0.125732421875
1.1299999,-0.756103515625,0.873779296875,0.1572265625
1.1499999,-0.621337890625,0.870849609375,0.1689453125
1.1699998999999999,-0.66259765625,0.781982421875,0.065185546875
1.1899998999999999,-0.612548828125,0.744873046875,0.17529296875
1.2099999,-0.4609375,0.730224609375,0.17529296875
1.2299999,-0.627685546875,0.648193359375,0.0771484375
1.2499999,-0.529296875,0.94970703125,0.187255859375
1.2699999,-0.77880859375,0.713623046875,0.0859375
1.2899999,-0.6630859375,0.949951171875,0.1689453125
1.3099999,-0.715576171875,0.875732421875,0.207275390625
1.3299999,-0.65625,0.74072265625,0.0908203125
1.3499999,-0.559814453125,0.737548828125,0.144775390625
1.3699999,-0.4541015625,0.71142578125,0.15380859375
1.3899999,-0.663330078125,0.689208984375,0.04931640625
1.4099999,-0.447021484375,0.88525390625,0.16650390625
1.4299998999999999,-0.731689453125,0.72314453125,0.140380859375
1.4499999,-0.751220703125,0.92431640625,0.114013671875
1.4699999,-0.7880859375,0.817626953125,0.153076171875
1.4899999,-0.622802734375,0.7900390625,0.08740234375
1.5099999,-0.61328125,0.833251953125,0.15673828125
1.5299999,-0.498779296875,0.740478515625,0.073974609375
1.5499999,-0.53271484375,0.626953125,0.0791015625
1.5699999,-0.489990234375,0.775390625,0.0771484375
1.5899999,-0.676513671875,0.736572265625,0.190185546875
1.6099999,-0.747314453125,0.93017578125,0.0478515625
1.6299999,-0.751220703125,0.8154296875,0.231689453125
1.6499999,-0.7119140625,0.8232421875,0.037841796875
1.6699999,-0.67919921875,0.8330078125,0.19091796875
1.6899998999999999,-0.48388671875,0.781982421875,0.0927734375
1.7099999,-0.498046875,0.6943359375,0.110107421875
1.7299999,-0.43994140625,0.7373046875,0.063232421875
1.7499999,-0.62158203125,0.673583984375,0.103515625
1.7699999,-0.71826171875,0.78955078125,0.040283203125
1.7899999,-0.718994140625,0.823974609375,0.18212890625
1.8099999,-0.822509765625,0.822021484375,0.06298828125
1.8299999,-0.782470703125,0.839599609375,0.13330078125
1.8499999,-0.515869140625,0.779541015625,0.13427734375
1.8699999,-0.610595703125,0.739501953125,0.026611328125
1.8899999,-0.375,0.780517578125,0.095947265625
1.9099999,-0.5849609375,0.67626953125,0.068115234375
1.9299998999999999,-0.55908203125,0.71533203125,0.109130859375
1.9499999,-0.737060546875,0.783447265625,0.123046875
1.9699999,-0.753173828125,0.777587890625,0.131591796875
1.9899999,-0.7890625,0.847900390625,0.107421875
2.0099999,-0.587158203125,0.814208984375,0.208984375
2.0299999,-0.689697265625,0.69189453125,0.063720703125
2.0499999,-0.352783203125,0.621826171875,0.12353515625
2.0699999,-0.572021484375,0.747802734375,0.128173828125
2.0899999,-0.56689453125,0.7646484375,0.047119140625
2.1099999,-0.717529296875,0.821533203125,0.164794921875
2.1299999,-0.668701171875,0.75537109375,0.104248046875
2.1499999,-0.80908203125,0.812255859375,0.158935546875
2.1699999,-0.652587890625,0.847412109375,0.124267578125
2.1899999,-0.600341796875,0.726318359375,0.10400390625
2.2099999,-0.467529296875,0.618896484375,0.1650390625
2.2299999,-0.557373046875,0.740234375,0.15478515625
2.2499999,-0.54638671875,0.6513671875,0.006591796875
2.2699999,-0.613037109375,0.9169921875,0.1923828125
2.2899999,-0.750732421875,0.772705078125,0.102783203125
2.3099999,-0.748779296875,0.830322265625,0.175537109375
2.3299999,-0.599365234375,0.854248046875,0.13427734375
2.3499999,-0.620849609375,0.76611328125,0.09619140625
2.3699999,-0.55224609375,0.689208984375,0.1513671875
2.3899999,-0.480224609375,0.7265625,0.1728515625
2.4099999,-0.637939453125,0.5986328125,0.063232421875
2.4299999,-0.59814453125,0.898193359375,0.185302734375
2.4499999,-0.81591796875,0.7548828125,0.1103515625
2.4699999,-0.716796875,0.906494140625,0.164306640625
2.4899999,-0.671630859375,0.865478515625,0.21630859375
2.5099999,-0.625,0.700927734375,0.060302734375
2.5299999,-0.470458984375,0.655029296875,0.1474609375
2.5499999,-0.473876953125,0.706298828125,0.166259765625
2.5699999,-0.60693359375,0.636474609375,0.064208984375
2.5899999,-0.535888671875,0.90625,0.181884765625
2.6099999,-0.7705078125,0.71044921875,0.15771484375
2.6299999,-0.784423828125,0.8701171875,0.12451171875
2.6499999,-0.752685546875,0.87255859375,0.20556640625
2.6699999,-0.64697265625,0.75146484375,0.0810546875
2.6899999,-0.50537109375,0.740478515625,0.1650390625
2.7099999,-0.48046875,0.72021484375,0.0859375
2.7299999,-0.51123046875,0.609130859375,0.056396484375
2.7499999,-0.544677734375,0.903076171875,0.13916015625
2.7699999,-0.68212890625,0.731201171875,0.19580078125
2.7899999,-0.807861328125,0.942138671875,0.103759765625
2.8099999,-0.762451171875,0.842041015625,0.200927734375
2.8299999,-0.67626953125,0.832763671875,0.0576171875
2.8499999,-0.59814453125,0.843505859375,0.21142578125
2.8699999,-0.47119140625,0.775146484375,0.13916015625
2.8899999,-0.475830078125,0.6279296875,0.087158203125
2.9099999,-0.478271484375,0.889404296875,0.07080078125
2.9299999,-0.6826171875,0.709228515625,0.1318359375
2.9499999,-0.751953125,0.940185546875,0.094970703125
2.9699999,-0.697265625,0.873046875,0.210693359375
2.9899999,-0.78466796875,0.821044921875,0.06103515625
3.0099999,-0.74755859375,0.848876953125,0.1494140625
3.0299999,-0.45068359375,0.740966796875,0.153564453125
3.0499999,-0.61767578125,0.746826171875,0.0634765625
3.0699999,-0.41748046875,0.9130859375,0.126220703125
3.0899999,-0.67724609375,0.6669921875,0.044189453125
3.1099999,-0.59326171875,0.8759765625,0.139404296875
3.1299999,-0.75927734375,0.79443359375,0.123046875
3.1499999,-0.70751953125,0.79541015625,0.111328125
3.1699999,-0.718994140625,0.848876953125,0.10400390625
3.1899999,-0.718994140625,0.848876953125,0.10400390625
3.2099999,-0.702392578125,0.722900390625,0.037841796875
3.2299999,-0.702392578125,0.722900390625,0.037841796875
3.2499999,-0.651611328125,0.736572265625,0.11572265625
3.2699999,-0.651611328125,0.736572265625,0.11572265625
3.2899999,-0.787353515625,0.760009765625,0.13134765625
3.3099999,-0.787353515625,0.760009765625,0.13134765625
3.3299999000000002,-0.6591796875,0.788818359375,0.0732421875
3.3499999,-0.755126953125,0.83642578125,0.145263671875
3.3699999,-0.571533203125,0.801513671875,0.0751953125
3.3899999,-0.574951171875,0.673583984375,0.09423828125
3.4099999,-0.451171875,0.603759765625,0.104248046875
3.4299999,-0.613037109375,0.721923828125,0.1591796875
3.4499999,-0.6171875,0.76513671875,-0.001708984375
3.4699999,-0.687255859375,0.84521484375,0.219970703125
3.4899999,-0.748779296875,0.79052734375,0.05712890625
3.5099999,-0.727783203125,0.7802734375,0.178466796875
3.5299999,-0.54248046875,0.818115234375,0.080078125
3.5499999,-0.552490234375,0.731201171875,0.1005859375
3.5699999,-0.487548828125,0.640380859375,0.127197265625
3.5899999,-0.52685546875,0.690185546875,0.126220703125
3.6099999,-0.650634765625,0.60400390625,0.05224609375
3.6299999,-0.6669921875,0.848388671875,0.174560546875
3.6499999,-0.8330078125,0.794189453125,0.111572265625
3.6699999,-0.737548828125,0.859375,0.1591796875
3.6899999,-0.62109375,0.85107421875,0.203369140625
3.7099999,-0.61376953125,0.696533203125,0.048828125
3.7299999,-0.412353515625,0.6435546875,0.132080078125
3.7499999,-0.478515625,0.708251953125,0.145751953125
3.7699999,-0.573486328125,0.6181640625,0.069091796875
3.7899999,-0.597412109375,0.87841796875,0.183349609375
3.8099999,-0.77294921875,0.728759765625,0.15771484375
3.8299999000000002,-0.798095703125,0.8388671875,0.141845703125
3.8499999,-0.71728515625,0.893798828125,0.236572265625
3.8699999,-0.65087890625,0.718505859375,0.077392578125
3.8899999,-0.443115234375,0.67333984375,0.166259765625
3.9099999,-0.48193359375,0.721923828125,0.09765625
3.9299999,-0.5078125,0.619140625,0.0380859375
3.9499999,-0.5888671875,0.922607421875,0.170166015625
3.9699999,-0.6953125,0.73193359375,0.189208984375
3.9899999,-0.824462890625,0.91259765625,0.13671875
4.0099999,-0.74755859375,0.860107421875,0.186279296875
4.029999900000001,-0.650634765625,0.814697265625,0.07470703125
4.0499999,-0.561279296875,0.806640625,0.22900390625
4.069999900000001,-0.479736328125,0.753662109375,0.15576171875
4.0899999000000005,-0.476318359375,0.61572265625,0.0625
4.1099999,-0.493896484375,0.942138671875,0.083740234375
4.1299999000000005,-0.711181640625,0.731689453125,0.142822265625
4.1499999,-0.769287109375,0.960693359375,0.130859375
4.1699999000000005,-0.6875,0.8916015625,0.2255859375
4.1899999,-0.73291015625,0.81689453125,0.070068359375
4.209999900000001,-0.7060546875,0.821533203125,0.1640625
4.2299999,-0.44140625,0.75,0.15869140625
4.249999900000001,-0.62255859375,0.715087890625,0.074951171875
4.2699999,-0.44873046875,0.9482421875,0.14990234375
4.289999900000001,-0.719482421875,0.67626953125,0.055908203125
4.3099999,-0.627685546875,0.9345703125,0.138916015625
4.329999900000001,-0.755615234375,0.814208984375,0.157958984375
4.3499999,-0.6845703125,0.779541015625,0.094970703125
4.369999900000001,-0.654052734375,0.818603515625,0.123046875
4.3899999,-0.48486328125,0.7177734375,0.161865234375
4.409999900000001,-0.69970703125,0.712646484375,0.04296875
4.4299999,-0.3935546875,0.824462890625,0.130615234375
4.449999900000001,-0.69482421875,0.719482421875,0.121826171875
4.4699999,-0.705810546875,0.930419921875,0.084716796875
4.489999900000001,-0.802001953125,0.77392578125,0.124755859375
4.5099999,-0.6376953125,0.798583984375,0.097900390625
4.529999900000001,-0.672607421875,0.84326171875,0.140869140625
4.5499999,-0.518310546875,0.761474609375,0.066162109375
4.569999900000001,-0.54052734375,0.636962890625,0.076416015625
4.5899999000000005,-0.474853515625,0.72119140625,0.08349609375
4.609999900000001,-0.654541015625,0.731689453125,0.180908203125
4.6299999000000005,-0.723876953125,0.90673828125,0.028076171875
4.6499999,-0.759765625,0.820068359375,0.21875
4.6699999000000005,-0.72802734375,0.83251953125,0.03857421875
4.6899999,-0.679931640625,0.81494140625,0.192626953125
4.709999900000001,-0.48095703125,0.78271484375,0.084716796875
4.7299999,-0.49853515625,0.69091796875,0.108642578125
4.749999900000001,-0.439208984375,0.733642578125,0.072265625
4.7699999,-0.600341796875,0.675048828125,0.09033203125
4.789999900000001,-0.718017578125,0.795166015625,0.05029296875
4.8099999,-0.719970703125,0.834716796875,0.180908203125
4.829999900000001,-0.833740234375,0.83203125,0.067138671875
4.8499999,-0.778564453125,0.84130859375,0.139404296875
4.869999900000001,-0.5107421875,0.770263671875,0.138916015625
4.8899999,-0.615478515625,0.75,0.045654296875
4.909999900000001,-0.383056640625,0.8125,0.095947265625
4.9299999,-0.6181640625,0.677490234375,0.05419921875
4.949999900000001,-0.561767578125,0.78271484375,0.120849609375
4.9699999,-0.751953125,0.76708984375,0.118408203125
4.989999900000001,-0.740478515625,0.796875,0.110595703125
5.0099999,-0.755859375,0.8564453125,0.094482421875
5.029999900000001,-0.544921875,0.783203125,0.179931640625
5.0499999,-0.706787109375,0.710205078125,0.044677734375
5.069999900000001,-0.345947265625,0.683349609375,0.103271484375
5.0899999000000005,-0.62158203125,0.74560546875,0.11328125
5.109999900000001,-0.62841796875,0.865478515625,0.06298828125
5.1299999000000005,-0.774658203125,0.77197265625,0.141845703125
5.1499999,-0.65966796875,0.787353515625,0.095458984375
5.1699999000000005,-0.76708984375,0.839599609375,0.156005859375
5.1899999,-0.573974609375,0.80322265625,0.07958984375
5.209999900000001,-0.567626953125,0.666015625,0.107421875
5.2299999,-0.44921875,0.608154296875,0.111572265625
5.249999900000001,-0.62646484375,0.720703125,0.15576171875
5.2699999,-0.642333984375,0.789794921875,0.001708984375
5.289999900000001,-0.71923828125,0.826416015625,0.221923828125
5.3099999,-0.75341796875,0.80810546875,0.048583984375
5.329999900000001,-0.719482421875,0.7802734375,0.17822265625
5.3499999,-0.5263671875,0.80322265625,0.08447265625
5.369999900000001,-0.524658203125,0.71728515625,0.10693359375
5.3899999,-0.448486328125,0.659912109375,0.097900390625
5.409999900000001,-0.5712890625,0.677734375,0.115234375
5.4299999,-0.69140625,0.68310546875,0.02587890625
5.449999900000001,-0.705810546875,0.817138671875,0.165283203125
5.4699999,-0.841796875,0.817138671875,0.08056640625
5.489999900000001,-0.766357421875,0.830322265625,0.13232421875
5.5099999,-0.5498046875,0.80029296875,0.155029296875
5.529999900000001,-0.607177734375,0.717529296875,0.03466796875
5.5499999,-0.37255859375,0.730712890625,0.08349609375
5.569999900000001,-0.29150390625,0.888916015625,0.305908203125
5.5899999000000005,-0.297119140625,1.386962890625,0.64697265625
5.609999900000001,-0.01513671875,0.669189453125,0.781982421875
5.6299999000000005,-0.8935546875,0.267578125,0.066162109375
5.6499999,0.176513671875,1.285888671875,1.666015625
5.6699999000000005,0.361572265625,1.321533203125,0.3701171875
5.6899999,-0.32080078125,1.2509765625,0.38916015625
5.709999900000001,-0.32080078125,1.2509765625,0.38916015625
5.7299999,-0.669921875,0.9345703125,0.11669921875
5.749999900000001,-0.669921875,0.9345703125,0.11669921875
5.7699999,-1.544677734375,0.3076171875,-1.980712890625
5.789999900000001,-1.544677734375,0.3076171875,-1.980712890625
5.8099999,0.3193359375,1.16845703125,0.418212890625
5.829999900000001,-0.86279296875,0.324462890625,1.0712890625
5.8499999,-2.1962890625,0.483642578125,-0.931396484375
5.869999900000001,-1.171142578125,0.93701171875,-0.535400390625
5.8899999,-1.04052734375,0.6708984375,0.76123046875
5.909999900000001,-1.062255859375,0.682861328125,1.22119140625
5.9299999,-1.06298828125,0.16064453125,1.139404296875
5.949999900000001,-1.436767578125,0.839599609375,0.48779296875
5.9699999,-0.65234375,0.71826171875,-0.385986328125
5.989999900000001,1.552978515625,1.44873046875,0.271240234375
6.0099999,-0.173583984375,0.61572265625,1.856201171875
6.029999900000001,-0.206298828125,0.844970703125,0.189697265625
6.0499999,-0.713134765625,1.08642578125,0.247314453125
6.069999900000001,-0.544921875,1.212158203125,-0.09765625
6.0899999000000005,-0.378662109375,1.1474609375,-0.554443359375
6.109999900000001,-0.417236328125,1.82421875,-1.90478515625
6.1299999000000005,-0.59716796875,1.2294921875,-0.81201171875
6.149999900000001,-0.688720703125,0.7744140625,0.2421875
6.1699999000000005,-0.720703125,0.798828125,0.136474609375
6.1899999,-0.62939453125,0.72802734375,0.085693359375
6.209999900000001,-0.69189453125,0.723876953125,0.1005859375
6.2299999,-0.623046875,0.93359375,0.145751953125
6.249999900000001,-0.4931640625,0.743408203125,0.26806640625
6.2699999,-0.4638671875,0.810546875,0.207763671875
6.289999900000001,-0.53466796875,0.82421875,0.186767578125
6.3099999,-0.49951171875,0.787841796875,0.167236328125
6.329999900000001,-0.580810546875,0.81201171875,0.190185546875
6.3499999,-0.514404296875,0.746826171875,0.168701171875
6.369999900000001,-0.545654296875,0.724609375,0.187255859375
6.3899999,-0.556396484375,0.912841796875,0.162353515625
6.409999900000001,-0.612548828125,0.833984375,0.2548828125
6.4299999,-0.61669921875,0.77587890625,0.1064453125
6.449999900000001,-0.518310546875,0.759765625,0.14111328125
6.4699999,-0.619384765625,0.883544921875,0.32275390625
6.489999900000001,-0.700927734375,0.625244140625,0.115234375
6.5099999,-0.878173828125,0.888427734375,-0.010009765625
6.529999900000001,-0.972412109375,1.001953125,-0.252197265625
6.5499999,-0.23193359375,1.5556640625,1.352783203125
6.569999900000001,-0.636962890625,0.595947265625,0.65478515625
6.5899999000000005,0.061279296875,1.122314453125,2.3095703125
6.609999900000001,0.072998046875,0.943359375,0.172607421875
6.6299999000000005,-0.464111328125,0.81982421875,1.36279296875
6.649999900000001,-0.74560546875,0.537353515625,-0.69482421875
6.6699999000000005,-0.3876953125,1.38720703125,-1.374755859375
6.6899999,-0.52978515625,0.918212890625,0.251220703125
6.709999900000001,-0.6787109375,0.5546875,0.55078125
6.7299999,-0.659423828125,0.8994140625,0.205810546875
6.749999900000001,-0.652587890625,0.774169921875,0.15625
6.7699999,-0.7265625,0.734619140625,0.05078125
6.789999900000001,-0.677978515625,0.709716796875,0.12841796875
6.8099999,-0.684814453125,0.724365234375,0.0166015625
6.829999900000001,-0.660400390625,0.751953125,0.16015625
6.8499999,-0.717529296875,0.843017578125,0.08349609375
6.869999900000001,-0.723388671875,0.793701171875,0.205078125
6.8899999,-0.73974609375,0.775390625,0.111328125
6.909999900000001,-0.697265625,0.735107421875,0.17822265625
6.9299999,-0.948486328125,0.474853515625,-0.06201171875
6.949999900000001,-0.076171875,0.868408203125,1.725830078125
6.9699999,0.69873046875,1.05078125,1.2783203125
6.989999900000001,-0.410400390625,0.8271484375,0.120361328125
7.0099999,-0.73681640625,0.53564453125,0.451416015625
7.029999900000001,-0.423583984375,1.415283203125,-0.688720703125
7.0499999,-0.632080078125,0.924560546875,-0.01513671875
7.069999900000001,-1.168701171875,0.3857421875,0.9990234375
7.0899999000000005,-0.970947265625,0.6259765625,-0.32275390625
7.109999900000001,-1.00927734375,0.082763671875,0.61083984375
7.1299999000000005,-0.568359375,1.419677734375,1.185302734375
7.149999900000001,-0.708251953125,1.09130859375,0.028564453125
7.1699999000000005,-1.2216796875,1.12109375,0.76953125
7.1899999,-0.847900390625,0.283203125,0.166015625
7.209999900000001,0.541748046875,0.837646484375,0.88623046875
7.2299999,-0.50732421875,2.00390625,-1.2177734375
7.249999900000001,-0.524169921875,0.55859375,0.26123046875
7.2699999,-0.329833984375,0.956787109375,0.32080078125
7.289999900000001,-1.291015625,0.565185546875,0.4150390625
7.3099999,-0.353759765625,1.03955078125,0.3349609375
7.329999900000001,-1.022216796875,0.721435546875,-0.19873046875
7.3499999,-1.191650390625,-0.029052734375,0.900634765625
7.369999900000001,-0.547607421875,0.786376953125,0.39990234375
7.3899999,-0.469970703125,0.760498046875,-0.416015625
7.409999900000001,-0.117919921875,1.009033203125,0.0087890625
7.4299999,-1.242919921875,0.48779296875,-0.29052734375
7.449999900000001,-0.372314453125,1.3212890625,0.47314453125
7.4699999,-1.111083984375,0.528076171875,-0.188232421875
7.489999900000001,0.43994140625,0.873046875,-0.673583984375
7.5099999,-0.70947265625,1.578125,-1.114990234375
7.529999900000001,-0.247802734375,0.28076171875,0.549560546875
7.5499999,-1.030517578125,0.877685546875,-0.21923828125
7.569999900000001,-0.505126953125,-0.1708984375,-0.36865234375
7.5899999000000005,-0.434814453125,1.324462890625,0.713134765625
7.609999900000001,-0.4794921875,0.72802734375,-0.52197265625
7.6299999000000005,-0.797119140625,1.07275390625,0.52978515625
7.649999900000001,-1.199462890625,0.537353515625,-0.693115234375
7.6699999000000005,-0.864990234375,0.868896484375,-0.036376953125
7.6899999,-0.536865234375,0.7275390625,-0.455322265625
7.709999900000001,-0.761962890625,0.67626953125,0.162353515625
7.7299999,-1.13623046875,0.471923828125,0.683837890625
7.749999900000001,-0.486083984375,1.017822265625,0.616943359375
7.7699999,-0.67333984375,0.734375,-0.282470703125
7.789999900000001,0.42919921875,0.86962890625,-0.070068359375
7.8099999,-0.71923828125,1.547119140625,-0.8466796875
7.829999900000001,-0.46142578125,0.123779296875,0.714599609375
7.8499999,-0.82568359375,1.1259765625,0.470703125
7.869999900000001,-1.07763671875,0.654541015625,-0.730224609375
7.8899999,-0.726806640625,0.852294921875,0.10302734375
7.909999900000001,-0.49169921875,0.759033203125,-0.10888671875
7.9299999,-0.1142578125,1.036376953125,0.39892578125
7.949999900000001,-1.145263671875,0.5859375,-0.143798828125
7.9699999,-0.3232421875,1.362060546875,0.291259765625
7.989999900000001,-1.106689453125,0.51318359375,0.064697265625
8.0099999,0.115966796875,0.302978515625,0.17529296875
8.0299999,-0.5390625,1.843505859375,-0.861572265625
8.049999900000001,-0.275146484375,0.194580078125,0.433349609375
8.069999900000001,-0.97998046875,0.96435546875,-0.250732421875
8.0899999,-0.61767578125,-0.1787109375,-0.1328125
8.1099999,-0.41845703125,1.22802734375,0.798095703125
8.129999900000001,-0.508544921875,0.73583984375,-0.612548828125
8.149999900000001,-0.787109375,1.107666015625,0.6875
8.1699999,-0.787109375,1.107666015625,0.6875
8.1899999,-0.9345703125,0.884521484375,0.297119140625
8.2099999,-0.9345703125,0.884521484375,0.297119140625
8.229999900000001,-0.90185546875,0.794677734375,0.11572265625
8.2499999,-0.90185546875,0.794677734375,0.11572265625
8.2699999,-0.807373046875,0.89306640625,0.92431640625
8.2899999,-0.807373046875,0.89306640625,0.92431640625
8.309999900000001,-0.361083984375,0.671630859375,-0.803955078125
8.3299999,-1.032958984375,1.1171875,0.612060546875
8.3499999,-0.495849609375,-0.528076171875,0.015380859375
8.3699999,-0.617431640625,2.095947265625,0.030517578125
8.389999900000001,-0.083740234375,0.162109375,0.41162109375
8.4099999,-1.191650390625,0.87548828125,-0.590576171875
8.4299999,1.1845703125,0.77880859375,1.1357421875
8.4499999,-1.76806640625,1.46630859375,-0.744384765625
8.469999900000001,-0.199462890625,1.1494140625,0.639404296875
8.4899999,-0.332763671875,0.829345703125,-0.31103515625
8.5099999,-0.81982421875,1.24853515625,0.13427734375
8.5299999,-0.473388671875,0.97314453125,0.123046875
8.549999900000001,-0.4716796875,0.8623046875,0.223388671875
8.569999900000001,-0.458251953125,0.79736328125,0.16162109375
8.5899999,-0.62841796875,0.804443359375,0.173828125
8.6099999,-0.528076171875,0.776123046875,0.179443359375
8.629999900000001,-0.5732421875,0.625732421875,0.091064453125
8.649999900000001,-0.644287109375,0.745361328125,0.156494140625
8.6699999,-0.59033203125,0.652587890625,0.21484375
8.6899999,-0.556884765625,0.751220703125,0.197021484375
8.709999900000001,-0.556884765625,0.75830078125,0.186767578125
8.729999900000001,-0.607421875,0.813720703125,0.168701171875
8.7499999,-0.713623046875,0.711669921875,0.17822265625
8.7699999,-0.70556640625,0.804931640625,0.18701171875
8.7899999,-0.643310546875,0.707275390625,0.138671875
8.809999900000001,-0.64111328125,0.71728515625,0.121337890625
8.8299999,-0.5595703125,0.81884765625,0.17578125
8.8499999,-0.57275390625,0.909423828125,0.104736328125
8.8699999,-0.45849609375,0.752685546875,0.25146484375
8.889999900000001,-0.48193359375,0.819091796875,0.21240234375
8.9099999,-0.4765625,0.740478515625,0.238525390625
8.9299999,-0.516845703125,0.882568359375,0.1982421875
8.9499999,-0.533935546875,0.791259765625,0.247314453125
8.969999900000001,-0.67822265625,0.880615234375,0.16943359375
8.9899999,-0.654541015625,0.706298828125,0.177978515625
9.0099999,-0.451416015625,0.7705078125,0.139404296875
9.0299999,-0.55126953125,0.858154296875,0.14599609375
9.049999900000001,-0.740234375,0.7529296875,0.1455078125
9.069999900000001,-0.586669921875,0.633056640625,0.098388671875
9.0899999,-0.667724609375,0.82373046875,0.239990234375
9.1099999,-0.6865234375,0.739990234375,0.094482421875
9.129999900000001,-0.521728515625,0.845947265625,0.22314453125
9.149999900000001,-0.673828125,0.786376953125,0.171875
9.1699999,-0.54150390625,0.9580078125,0.14453125
9.1899999,-0.554931640625,0.74755859375,0.156005859375
9.209999900000001,-0.732666015625,0.794677734375,0.2431640625
9.229999900000001,-0.524169921875,0.758544921875,0.01806640625
9.2499999,-0.759765625,0.80029296875,0.1552734375
9.2699999,-0.681640625,0.93310546875,0.2734375
9.2899999,-0.494140625,0.79736328125,0.08056640625
9.309999900000001,-0.501220703125,0.756103515625,0.171630859375
9.3299999,-0.712158203125,0.64501953125,0.175537109375
9.3499999,-0.693359375,0.754638671875,0.233642578125
9.3699999,-0.665771484375,0.93212890625,0.194091796875
9.389999900000001,-0.531005859375,0.85595703125,0.067138671875
9.4099999,-0.50048828125,0.7861328125,0.13330078125
9.4299999,-0.60009765625,0.66259765625,0.115966796875
9.4499999,-0.60205078125,0.61767578125,0.1572265625
9.469999900000001,-0.6806640625,0.7841796875,0.207275390625
9.4899999,-0.59765625,0.836669921875,0.204833984375
9.5099999,-0.701416015625,0.65234375,0.188232421875
9.5299999,-0.70458984375,0.73046875,0.173828125
9.549999900000001,-0.644775390625,0.8583984375,0.2373046875
9.569999900000001,-0.654052734375,0.782470703125,0.152587890625
9.5899999,-0.674072265625,0.684326171875,0.192138671875
9.6099999,-0.678955078125,0.666015625,0.163818359375
9.629999900000001,-0.472900390625,0.702392578125,0.224853515625
9.649999900000001,-0.6103515625,0.81787109375,0.173095703125
9.6699999,-0.569580078125,0.7958984375,0.121826171875
9.6899999,-0.673583984375,0.855224609375,0.19189453125
9.709999900000001,-0.594970703125,0.9111328125,0.13916015625
9.729999900000001,-0.553466796875,0.670654296875,0.1181640625
9.7499999,-0.696044921875,0.79052734375,0.16650390625
9.7699999,-0.5537109375,0.793701171875,0.180908203125
9.7899999,-0.649658203125,0.8466796875,0.20166015625
9.809999900000001,-0.574462890625,0.79736328125,0.12841796875
9.8299999,-0.72998046875,0.876220703125,0.228271484375
9.8499999,-0.68798828125,0.8818359375,0.240234375
9.8699999,-0.64208984375,0.6767578125,0.158203125
9.889999900000001,-0.634765625,0.5927734375,0.1611328125
9.9099999,-0.491943359375,0.875732421875,0.187255859375
9.9299999,-0.54541015625,0.696044921875,0.066162109375
9.9499999,-0.67822265625,0.747314453125,0.1669921875
9.969999900000001,-0.47705078125,0.709716796875,0.203857421875
9.9899999,-0.55908203125,0.784423828125,0.069091796875
10.0099999,-0.568603515625,0.752197265625,0.171875
10.0299999,-0.6474609375,0.855712890625,0.265625
10.049999900000001,-0.54150390625,0.822998046875,0.090087890625
10.069999900000001,-0.6513671875,0.8203125,0.114990234375
10.0899999,-0.712890625,0.8701171875,0.179931640625
10.1099999,-0.594482421875,0.8388671875,0.20751953125
10.129999900000001,-0.640869140625,0.7392578125,0.1259765625
10.149999900000001,-0.7021484375,0.860595703125,0.13232421875
10.1699999,-0.69140625,0.846435546875,0.2099609375
10.1899999,-0.6181640625,0.79541015625,0.137451171875
10.209999900000001,-0.710205078125,0.822021484375,0.214111328125
10.229999900000001,-0.659423828125,0.826416015625,0.1484375
10.2499999,-0.64404296875,0.8349609375,0.140625
10.2699999,-0.69287109375,0.843505859375,0.2509765625
10.2899999,-0.591064453125,0.825927734375,0.11669921875
10.309999900000001,-0.661865234375,0.810791015625,0.125244140625
10.3299999,-0.689453125,0.864013671875,0.18212890625
10.3499999,-0.553466796875,0.813232421875,0.14208984375
10.3699999,-0.627685546875,0.744873046875,0.10888671875
10.389999900000001,-0.5126953125,0.759033203125,0.193603515625
10.4099999,-0.565185546875,0.787353515625,0.13916015625
10.4299999,-0.66748046875,0.7529296875,0.133544921875
10.4499999,-0.463134765625,0.697265625,0.203125
10.469999900000001,-0.563720703125,0.71728515625,0.1357421875
10.4899999,-0.493896484375,0.662353515625,0.12255859375
10.5099999,-0.521240234375,0.789306640625,0.141357421875
10.5299999,-0.619140625,0.71435546875,0.194580078125
10.549999900000001,-0.546630859375,0.697021484375,0.11474609375
10.569999900000001,-0.614990234375,0.8974609375,0.196533203125
10.5899999,-0.6455078125,0.69970703125,0.171630859375
10.6099999,-0.707275390625,0.857666015625,0.19677734375
10.629999900000001,-0.65625,0.821533203125,0.221923828125
10.649999900000001,-0.65625,0.821533203125,0.221923828125
10.6699999,-0.733642578125,0.85302734375,0.16015625
10.6899999,-0.733642578125,0.85302734375,0.16015625
10.709999900000001,-0.631103515625,0.727783203125,0.127685546875
10.729999900000001,-0.631103515625,0.727783203125,0.127685546875
10.7499999,-0.555908203125,0.751953125,0.128662109375
10.7699999,-0.555908203125,0.751953125,0.128662109375
10.7899999,-0.659423828125,0.743408203125,0.136474609375
10.809999900000001,-0.460693359375,0.776611328125,0.17236328125
10.8299999,-0.627197265625,0.738525390625,0.1298828125
10.8499999,-0.531494140625,0.737548828125,0.139404296875
10.8699999,-0.66748046875,0.802734375,0.201171875
10.889999900000001,-0.65771484375,0.703857421875,0.19873046875
10.9099999,-0.735595703125,0.831298828125,0.2236328125
10.9299999,-0.6953125,0.83935546875,0.201171875
10.9499999,-0.666259765625,0.82373046875,0.097900390625
10.969999900000001,-0.663330078125,0.83984375,0.241943359375
10.9899999,-0.55712890625,0.798828125,0.094482421875
11.0099999,-0.553955078125,0.751708984375,0.168701171875
11.0299999,-0.49853515625,0.721923828125,0.14208984375
11.049999900000001,-0.55810546875,0.696533203125,0.1064453125
11.069999900000001,-0.61328125,0.608154296875,0.14794921875
11.0899999,-0.603759765625,0.82177734375,0.21240234375
11.1099999,-0.72705078125,0.727783203125,0.139404296875
11.129999900000001,-0.697021484375,0.890625,0.212646484375
11.149999900000001,-0.656005859375,0.850341796875,0.23193359375
11.1699999,-0.651123046875,0.731689453125,0.135009765625
11.1899999,-0.578369140625,0.80517578125,0.1669921875
11.209999900000001,-0.57080078125,0.760009765625,0.1376953125
11.229999900000001,-0.64453125,0.744873046875,0.119384765625
11.2499999,-0.4560546875,0.8212890625,0.16943359375
11.2699999,-0.651123046875,0.74267578125,0.126708984375
11.2899999,-0.599609375,0.854248046875,0.166015625
11.309999900000001,-0.715576171875,0.762451171875,0.1796875
11.3299999,-0.629638671875,0.726318359375,0.116943359375
11.3499999,-2.13330078125,-1.88818359375,-1.743408203125
11.3699999,-1.777587890625,-2.6298828125,0.025146484375
11.389999900000001,1.279541015625,1.056396484375,0.357421875
11.4099999,-0.71142578125,0.16064453125,1.01318359375
11.4299999,-1.755126953125,-0.6875,-0.4638671875
11.4499999,-1.5126953125,1.834716796875,-0.4765625
11.469999900000001,-1.108154296875,-0.470458984375,0.22607421875
11.4899999,-1.182373046875,1.400390625,0.5107421875
11.5099999,-0.94921875,-0.552001953125,0.654541015625
11.5299999,-1.483154296875,2.05712890625,0.150390625
11.549999900000001,-0.435302734375,0.443359375,-0.136474609375
11.569999900000001,-0.663818359375,0.0283203125,-0.605712890625
11.5899999,-0.794921875,0.87353515625,0.337890625
11.6099999,-0.440185546875,0.947998046875,0.559814453125
11.629999900000001,-0.691162109375,0.7978515625,0.25244140625
11.649999900000001,-0.576416015625,0.715576171875,0.140869140625
11.6699999,-0.62255859375,0.757080078125,0.079345703125
11.6899999,-0.614013671875,0.655517578125,0.178466796875
11.709999900000001,-0.60546875,0.736083984375,0.0126953125
11.729999900000001,-0.490234375,0.739501953125,0.228759765625
11.7499999,-0.65087890625,0.551513671875,0.4794921875
11.7699999,-0.021484375,0.748046875,0.582763671875
11.7899999,-0.857666015625,0.99658203125,0.431884765625
11.809999900000001,-0.700439453125,0.37548828125,0.208251953125
11.8299999,-0.441162109375,1.115966796875,0.686767578125
11.8499999,-1.209716796875,-0.198486328125,-0.820556640625
11.8699999,-0.507568359375,1.196044921875,0.65576171875
11.889999900000001,-0.801025390625,0.26904296875,-0.92578125
11.9099999,-0.57568359375,1.24853515625,-0.03125
11.9299999,-0.8076171875,0.681640625,-0.21337890625
11.9499999,-0.395751953125,1.13525390625,0.19189453125
11.969999900000001,-0.67724609375,0.85595703125,-0.0078125
11.9899999,-0.49169921875,0.839599609375,0.216796875
12.0099999,-0.599609375,0.77685546875,0.175537109375
12.0299999,-0.490234375,0.73583984375,-0.116455078125
12.049999900000001,-0.6123046875,0.74658203125,0.33642578125
12.069999900000001,-0.6865234375,0.91796875,0.129150390625
12.0899999,-0.6162109375,0.8076171875,0.17724609375
12.1099999,-0.4638671875,0.76513671875,0.14794921875
12.129999900000001,-0.62451171875,0.841064453125,0.2783203125
12.149999900000001,-0.54541015625,0.763916015625,0.271728515625
12.1699999,-0.560546875,0.80419921875,0.3251953125
12.1899999,-0.68505859375,0.592041015625,0.062744140625
12.209999900000001,-0.72119140625,0.71435546875,0.204345703125
12.229999900000001,-0.5625,0.922607421875,0.342529296875
12.2499999,-0.50341796875,0.80224609375,0.093994140625
12.2699999,-0.7177734375,0.921630859375,0.2021484375
12.289999900000002,-0.87841796875,0.704345703125,-0.58935546875
12.309999900000001,-0.767578125,0.87255859375,0.19677734375
12.3299999,-0.46142578125,1.021728515625,0.1328125
12.3499999,-0.772705078125,0.624267578125,0.153564453125
12.3699999,-0.671875,0.883544921875,-0.167236328125
12.389999900000001,-0.716552734375,0.7177734375,0.175537109375
12.4099999,-0.766357421875,0.950439453125,0.166748046875
12.4299999,-0.48583984375,0.74853515625,0.04345703125
12.4499999,-0.731689453125,0.716796875,0.34228515625
12.469999900000001,-0.690673828125,0.75244140625,-0.012451171875
12.4899999,-0.536376953125,0.978759765625,0.559814453125
12.5099999,-0.55712890625,0.739013671875,0.09765625
12.5299999,-0.68115234375,0.862548828125,0.168212890625
12.549999900000001,-0.720947265625,1.137451171875,0.7998046875
12.569999900000001,-0.599853515625,0.8544921875,-0.24755859375
12.5899999,-0.387939453125,0.622314453125,-0.311767578125
12.6099999,-0.829345703125,0.759521484375,-0.6416015625
12.629999900000001,-0.642578125,0.45654296875,-0.063720703125
12.649999900000001,-0.41259765625,1.67578125,0.138427734375
12.6699999,-0.363037109375,0.61572265625,0.41796875
12.6899999,-0.716064453125,0.669677734375,0.48583984375
12.709999900000001,-0.838623046875,1.133544921875,1.0517578125
12.729999900000001,-1.09716796875,0.53173828125,0.205322265625
12.7499999,-0.361328125,1.466064453125,-0.20166015625
12.7699999,-0.11181640625,0.830078125,0.371826171875
12.789999900000002,-0.99169921875,0.37939453125,0.443603515625
12.809999900000001,-1.279541015625,0.138916015625,0.339599609375
12.8299999,-0.770263671875,0.515625,-0.580078125
12.8499999,-1.10888671875,0.06884765625,-0.587890625
12.8699999,-0.737548828125,1.184326171875,-0.921875
12.889999900000001,-0.3017578125,1.655517578125,0.20849609375
12.9099999,-0.678955078125,0.424072265625,-0.476318359375
12.9299999,-0.333251953125,0.619140625,-0.113037109375
12.9499999,-0.220947265625,0.802978515625,0.570068359375
12.969999900000001,-0.918701171875,0.56640625,0.53466796875
12.9899999,-0.81396484375,0.5908203125,0.1630859375
13.0099999,-0.473876953125,1.2353515625,0.985595703125
13.0299999,-1.29296875,0.99560546875,-0.625
13.049999900000001,-0.666748046875,0.313232421875,-0.16015625
13.069999900000001,-1.01904296875,1.6591796875,0.465576171875
13.0899999,-0.857177734375,0.183837890625,0.7646484375
13.1099999,-1.198974609375,0.154296875,-0.810546875
13.129999900000001,-0.967041015625,0.892333984375,-0.22265625
13.149999900000001,-0.83349609375,-0.135498046875,0.79052734375
13.1699999,-0.7607421875,1.47607421875,-1.279052734375
13.1899999,-0.57080078125,0.53173828125,0.76123046875
13.209999900000001,-0.553955078125,1.59423828125,-1.261962890625
13.229999900000001,-0.537841796875,1.026611328125,0.770263671875
13.2499999,-0.394287109375,1.3017578125,0.2294921875
13.2699999,-0.394287109375,1.3017578125,0.2294921875
13.289999900000002,-0.39306640625,0.813232421875,0.949951171875
13.309999900000001,-0.39306640625,0.813232421875,0.949951171875
13.3299999,-0.449462890625,0.49853515625,0.9765625
13.3499999,-0.449462890625,0.49853515625,0.9765625
13.3699999,-0.537353515625,0.392333984375,0.252685546875
13.389999900000001,-0.537353515625,0.392333984375,0.252685546875
13.4099999,-0.173095703125,1.68798828125,-0.19482421875
13.4299999,-0.5546875,0.392333984375,0.164794921875
13.4499999,-0.153076171875,1.83251953125,0.258544921875
13.469999900000001,-0.43798828125,0.794677734375,1.105712890625
13.4899999,-0.41455078125,1.076904296875,0.970458984375
13.5099999,-0.527587890625,1.59326171875,-0.873291015625
13.5299999,-0.9970703125,-0.600341796875,0.242431640625
13.549999900000001,-0.955322265625,0.9873046875,-0.662353515625
13.569999900000001,-1.247314453125,1.783203125,-0.682373046875
13.5899999,-0.578369140625,-0.2138671875,0.004150390625
13.6099999,-1.9296875,0.25390625,-1.015380859375
13.629999900000001,-0.55810546875,1.719970703125,2.015869140625
13.649999900000001,1.4228515625,2.2626953125,2.05712890625
13.6699999,0.662841796875,2.3955078125,-1.6572265625
13.6899999,-0.4267578125,1.030517578125,0.400634765625
13.709999900000001,-1.985107421875,0.17919921875,0.318115234375
13.729999900000001,-1.162109375,0.212158203125,0.560546875
13.7499999,-0.933837890625,0.24658203125,-0.112060546875
13.7699999,-1.52587890625,-1.05810546875,0.20458984375
13.789999900000002,-0.434814453125,0.494384765625,0.98291015625
13.809999900000001,-0.476806640625,1.407958984375,-0.951904296875
13.8299999,-0.196533203125,0.9365234375,-0.0224609375
13.8499999,-2.203857421875,-0.469482421875,-0.478515625
13.8699999,-0.666015625,1.534423828125,-0.2353515625
13.889999900000001,-0.503173828125,0.630126953125,-0.265380859375
13.9099999,-0.67724609375,0.70703125,0.455078125
13.9299999,-1.632080078125,0.220947265625,-0.870849609375
13.9499999,-0.456787109375,2.005859375,-0.658935546875
13.969999900000001,0.12646484375,0.35693359375,-0.634033203125
13.9899999,-1.2841796875,0.2216796875,0.20556640625
14.0099999,-1.025634765625,1.2265625,0.762451171875
14.0299999,2.0068359375,1.048828125,0.859619140625
14.049999900000001,-1.951171875,-1.16552734375,-1.24658203125
14.069999900000001,-2.807373046875,0.351318359375,-1.369140625
14.0899999,-0.37255859375,0.90234375,-0.34521484375
14.1099999,0.68603515625,1.799072265625,2.223876953125
14.129999900000001,-0.525634765625,0.0673828125,0.6025390625
14.149999900000001,-0.96875,0.4287109375,0.586181640625
14.1699999,-1.12255859375,1.177978515625,0.968505859375
14.1899999,-0.6708984375,0.45166015625,0.4462890625
14.209999900000001,-0.805908203125,0.70751953125,0.180419921875
14.229999900000001,-0.764404296875,0.73583984375,0.18798828125
14.2499999,-0.7158203125,0.782958984375,0.257080078125
14.2699999,-0.68994140625,0.765380859375,0.188232421875
14.289999900000002,-0.6953125,0.900634765625,0.116943359375
14.309999900000001,-0.513671875,0.68701171875,0.113525390625
14.3299999,-0.60986328125,0.782958984375,0.196044921875
14.3499999,-0.611083984375,0.745849609375,0.065185546875
14.3699999,-0.69580078125,0.800048828125,0.205322265625
14.389999900000001,-0.63623046875,0.828125,0.222900390625
14.4099999,-0.51220703125,0.8037109375,0.088134765625
14.4299999,-0.5390625,0.8173828125,0.162353515625
14.4499999,-0.7001953125,0.826171875,0.17236328125
14.469999900000001,-0.665771484375,0.72021484375,0.212646484375
14.4899999,-0.630126953125,0.807373046875,0.14892578125
14.5099999,-0.599365234375,0.849609375,0.11083984375
14.5299999,-0.59765625,0.912841796875,0.198974609375
14.549999900000001,-0.5693359375,0.78076171875,0.2021484375
14.569999900000001,-0.5458984375,0.772705078125,0.21826171875
14.5899999,-0.610107421875,0.760009765625,0.17333984375
14.6099999,-0.719970703125,0.73779296875,0.21240234375
14.629999900000001,-0.70751953125,0.718505859375,0.13671875
14.649999900000001,-0.7587890625,0.747802734375,0.20263671875
14.6699999,-0.689453125,0.716064453125,0.100341796875
14.6899999,-0.6826171875,0.740478515625,0.189208984375
14.709999900000001,-0.59326171875,0.759033203125,0.08056640625
14.729999900000001,-0.5537109375,0.6796875,0.26806640625
14.7499999,-0.650390625,0.81640625,0.262451171875
14.7699999,-0.71630859375,0.858154296875,0.201904296875
14.789999900000002,-0.540771484375,0.822265625,0.140869140625
14.809999900000001,-0.5126953125,0.78662109375,0.25927734375
14.8299999,-0.68017578125,0.733154296875,0.162109375
14.8499999,-0.432861328125,0.809326171875,0.103759765625
14.8699999,-0.751953125,0.746826171875,0.082275390625
14.889999900000001,-0.498046875,0.7548828125,0.074462890625
14.9099999,-0.795166015625,0.792236328125,0.166259765625
14.9299999,-0.490234375,0.84619140625,0.168212890625
14.9499999,-0.73388671875,0.803955078125,0.171142578125
14.969999900000001,-0.6240234375,0.90283203125,0.2744140625
14.9899999,-0.5400390625,0.787841796875,0.0234375
15.0099999,-0.69921875,0.744140625,0.14501953125
15.0299999,-0.666015625,0.83349609375,0.25341796875
15.049999900000001,-0.542724609375,0.879638671875,0.12646484375
15.069999900000001,-0.484130859375,0.685791015625,0.21923828125
15.0899999,-0.632568359375,0.760498046875,0.161865234375
15.1099999,-0.6494140625,0.661376953125,0.212646484375
15.129999900000001,-0.6982421875,0.785888671875,0.171142578125
15.149999900000001,-0.662353515625,0.933349609375,0.153564453125
15.1699999,-0.50927734375,0.809326171875,0.12255859375
15.1899999,-0.502197265625,0.74169921875,0.1357421875
15.209999900000001,-0.677490234375,0.7490234375,0.043212890625
15.229999900000001,-0.572265625,0.689453125,0.156982421875
15.2499999,-0.49560546875,0.696533203125,0.221923828125
15.2699999,-0.56103515625,0.796630859375,0.104248046875
15.289999900000002,-0.6796875,0.740234375,0.09375
15.309999900000001,-0.5908203125,0.640869140625,0.1357421875
15.3299999,-0.482421875,0.759521484375,0.208740234375
15.3499999,-0.555419921875,0.801025390625,0.110107421875
15.3699999,-0.560546875,0.78662109375,0.15087890625
15.389999900000001,-0.682373046875,0.8759765625,0.212646484375
15.4099999,-0.621826171875,0.90673828125,0.176513671875
15.4299999,-0.549560546875,0.67626953125,0.126953125
15.4499999,-0.702880859375,0.795654296875,0.178466796875
15.469999900000001,-0.567138671875,0.832275390625,0.19140625
15.4899999,-0.688232421875,0.83349609375,0.1787109375
15.5099999,-0.594970703125,0.76953125,0.11376953125
15.5299999,-0.70849609375,0.84765625,0.2138671875
15.549999900000001,-0.639404296875,0.889892578125,0.20751953125
15.569999900000001,-0.594970703125,0.668701171875,0.139892578125
15.5899999,-0.683349609375,0.68505859375,0.19775390625
15.6099999,-0.450439453125,0.77197265625,0.19677734375
15.629999900000001,-0.544677734375,0.752685546875,0.096435546875
15.649999900000001,-0.641357421875,0.727294921875,0.147705078125
15.6699999,-0.59423828125,0.847900390625,0.1865234375
15.6899999,-0.625732421875,0.833984375,0.115478515625
15.709999900000001,-0.62841796875,0.8330078125,0.145751953125
15.729999900000001,-0.707275390625,0.8369140625,0.25439453125
15.7499999,-0.638427734375,0.8642578125,0.19921875
15.7699999,-0.750244140625,0.748779296875,0.122802734375
15.789999900000002,-0.750244140625,0.748779296875,0.122802734375
15.809999900000001,-0.69140625,0.806640625,0.159423828125
15.8299999,-0.69140625,0.806640625,0.159423828125
15.8499999,-0.711669921875,0.879150390625,0.229736328125
15.869999900000002,-0.711669921875,0.879150390625,0.229736328125
15.889999900000001,-0.72509765625,0.787841796875,0.159912109375
15.9099999,-0.654296875,0.698486328125,0.140625
15.9299999,-0.73046875,0.844970703125,0.242431640625
15.9499999,-0.692138671875,0.832275390625,0.2470703125
15.969999900000001,-0.684326171875,0.6884765625,0.136474609375
15.9899999,-0.709228515625,0.845703125,0.196533203125
16.0099999,-0.6650390625,0.832763671875,0.196044921875
16.0299999,-0.746337890625,0.71630859375,0.166015625
16.0499999,-0.669921875,0.91015625,0.197509765625
16.0699999,-0.689453125,0.827392578125,0.15185546875
16.089999900000002,-0.699462890625,0.7099609375,0.148193359375
16.109999900000002,-0.734619140625,0.825927734375,0.18212890625
16.1299999,-0.722412109375,0.840087890625,0.203857421875
16.1499999,-0.62548828125,0.7841796875,0.123046875
16.1699999,-0.710693359375,0.822998046875,0.218994140625
16.1899999,-0.649658203125,0.840576171875,0.118896484375
16.2099999,-0.60498046875,0.791748046875,0.180419921875
16.2299999,-0.61865234375,0.858642578125,0.239013671875
16.249999900000002,-0.545166015625,0.7861328125,0.1025390625
16.269999900000002,-0.55810546875,0.755859375,0.1650390625
16.2899999,-0.538330078125,0.752197265625,0.164306640625
16.3099999,-0.5166015625,0.71533203125,0.15234375
16.3299999,-0.608154296875,0.705322265625,0.187744140625
16.3499999,-0.493896484375,0.889404296875,0.18017578125
16.3699999,-0.597412109375,0.679931640625,0.0390625
16.3899999,-0.53271484375,0.671630859375,0.193115234375
16.4099999,-0.629150390625,0.77001953125,0.1884765625
16.429999900000002,-0.699462890625,0.6787109375,0.22314453125
16.4499999,-0.7158203125,0.846435546875,0.218505859375
16.4699999,-0.723388671875,0.816162109375,0.170166015625
16.4899999,-0.644775390625,0.78076171875,0.11669921875
16.5099999,-0.705322265625,0.826904296875,0.205322265625
16.5299999,-0.637451171875,0.831298828125,0.099853515625
16.5499999,-0.5712890625,0.759033203125,0.18359375
16.5699999,-0.555908203125,0.7763671875,0.213134765625
16.589999900000002,-0.540771484375,0.7314453125,0.17333984375
16.609999900000002,-0.5009765625,0.677490234375,0.155517578125
16.6299999,-0.535400390625,0.872314453125,0.122802734375
16.6499999,-0.5986328125,0.700927734375,0.157470703125
16.6699999,-0.666015625,0.749267578125,0.1591796875
16.6899999,-0.653564453125,0.803466796875,0.20361328125
16.7099999,-0.75146484375,0.737060546875,0.149169921875
16.7299999,-0.715087890625,0.843994140625,0.181396484375
16.749999900000002,-0.6337890625,0.852294921875,0.201904296875
16.769999900000002,-0.638671875,0.74560546875,0.120849609375
16.7899999,-0.533935546875,0.776611328125,0.213623046875
16.8099999,-0.543701171875,0.732421875,0.11474609375
16.8299999,-0.61572265625,0.72314453125,0.136474609375
16.8499999,-0.481689453125,0.82080078125,0.190185546875
16.8699999,-0.657470703125,0.7080078125,0.13916015625
16.8899999,-0.626220703125,0.83740234375,0.192138671875
16.9099999,-0.7333984375,0.7548828125,0.155029296875
16.929999900000002,-0.653076171875,0.74853515625,0.12060546875
16.9499999,-0.733154296875,0.804931640625,0.2333984375
16.9699999,-0.65673828125,0.838134765625,0.119384765625
16.9899999,-0.5859375,0.763916015625,0.16796875
17.0099999,-0.537841796875,0.751953125,0.20751953125
17.0299999,-0.544677734375,0.73486328125,0.17333984375
17.0499999,-0.490234375,0.654296875,0.14013671875
17.0699999,-0.571044921875,0.901611328125,0.1650390625
17.089999900000002,-0.643798828125,0.71826171875,0.186767578125
17.109999900000002,-0.723876953125,0.8662109375,0.210693359375
17.1299999,-0.65185546875,0.85791015625,0.22021484375
17.1499999,-0.72900390625,0.797607421875,0.10888671875
17.1699999,-0.689453125,0.863525390625,0.176513671875
17.1899999,-0.5400390625,0.765869140625,0.12939453125
17.2099999,-0.617431640625,0.77001953125,0.12939453125
17.2299999,-0.45751953125,0.843017578125,0.16357421875
17.249999900000002,-0.600830078125,0.67822265625,0.033203125
17.269999900000002,-0.5517578125,0.707763671875,0.21435546875
17.2899999,-0.68505859375,0.760009765625,0.162841796875
17.3099999,-0.709716796875,0.705078125,0.185791015625
17.3299999,-0.720947265625,0.83203125,0.157958984375
17.3499999,-0.67236328125,0.85400390625,0.2080078125
17.3699999,-0.662841796875,0.730224609375,0.134521484375
17.3899999,-0.471435546875,0.723876953125,0.220458984375
17.409999900000003,-0.572265625,0.71630859375,0.1357421875
17.429999900000002,-0.486572265625,0.68212890625,0.167236328125
17.4499999,-0.63623046875,0.822265625,0.20068359375
17.4699999,-0.6494140625,0.700439453125,0.203857421875
17.4899999,-0.755859375,0.806396484375,0.260986328125
17.5099999,-0.6943359375,0.861083984375,0.176513671875
17.5299999,-0.6435546875,0.8154296875,0.148681640625
17.5499999,-0.599853515625,0.838134765625,0.227783203125
17.5699999,-0.534423828125,0.75,0.171142578125
17.589999900000002,-0.492431640625,0.681396484375,0.15966796875
17.609999900000002,-0.53173828125,0.879638671875,0.12646484375
17.6299999,-0.61767578125,0.705322265625,0.167724609375
17.6499999,-0.7041015625,0.8330078125,0.18115234375
17.6699999,-0.65087890625,0.850341796875,0.21337890625
17.6899999,-0.748291015625,0.785400390625,0.122802734375
17.7099999,-0.6953125,0.857666015625,0.16357421875
17.7299999,-0.538818359375,0.7666015625,0.113037109375
17.749999900000002,-0.610107421875,0.7705078125,0.1259765625
17.769999900000002,-0.465087890625,0.87158203125,0.173095703125
17.7899999,-0.611328125,0.682373046875,0.0419921875
17.8099999,-0.560546875,0.750732421875,0.21435546875
17.8299999,-0.683837890625,0.7705078125,0.146728515625
17.8499999,-0.697509765625,0.722412109375,0.1591796875
17.8699999,-0.702880859375,0.864990234375,0.14306640625
17.8899999,-0.632568359375,0.818359375,0.171142578125
17.909999900000003,-0.65869140625,0.729248046875,0.11962890625
17.929999900000002,-0.44677734375,0.726318359375,0.19580078125
17.9499999,-0.60693359375,0.720947265625,0.130126953125
17.9699999,-0.54638671875,0.779052734375,0.177001953125
17.9899999,-0.69970703125,0.77099609375,0.1953125
18.0099999,-0.648193359375,0.719970703125,0.142578125
18.0299999,-0.742919921875,0.778076171875,0.2431640625
18.0499999,-0.666259765625,0.849365234375,0.122314453125
18.0699999,-0.58544921875,0.75732421875,0.171875
18.089999900000002,-0.517822265625,0.73193359375,0.20703125
18.109999900000002,-0.568115234375,0.7294921875,0.16455078125
18.1299999,-0.5126953125,0.6767578125,0.138671875
18.1499999,-0.623046875,0.870849609375,0.226806640625
18.1699999,-0.66796875,0.720703125,0.170166015625
18.1899999,-0.734375,0.81103515625,0.24609375
18.2099999,-0.627197265625,0.8623046875,0.162353515625
18.2299999,-0.638916015625,0.796875,0.15283203125
18.249999900000002,-0.638916015625,0.796875,0.15283203125
18.269999900000002,-0.51416015625,0.716796875,0.158935546875
18.2899999,-0.51416015625,0.716796875,0.158935546875
18.3099999,-0.572998046875,0.86865234375,0.22900390625
18.3299999,-0.572998046875,0.86865234375,0.22900390625
18.3499999,-0.689453125,0.891357421875,0.2236328125
18.3699999,-0.689453125,0.891357421875,0.2236328125
18.3899999,-0.65673828125,0.86083984375,0.221923828125
18.409999900000003,-0.653564453125,0.74560546875,0.1279296875
18.429999900000002,-0.5419921875,0.781982421875,0.20068359375
18.4499999,-0.536376953125,0.7197265625,0.109619140625
18.4699999,-0.593505859375,0.6884765625,0.140625
18.4899999,-0.535400390625,0.8369140625,0.211181640625
18.5099999,-0.69189453125,0.698486328125,0.194091796875
18.5299999,-0.70654296875,0.843017578125,0.211181640625
18.5499999,-0.721923828125,0.8271484375,0.1796875
18.5699999,-0.64111328125,0.780517578125,0.139404296875
18.589999900000002,-0.598388671875,0.82861328125,0.198486328125
18.609999900000002,-0.57177734375,0.743408203125,0.0849609375
18.6299999,-0.48779296875,0.6708984375,0.143310546875
18.6499999,-0.53955078125,0.81005859375,0.13134765625
18.6699999,-0.63330078125,0.714599609375,0.21630859375
18.6899999,-0.703369140625,0.8408203125,0.20458984375
18.7099999,-0.69970703125,0.829345703125,0.218505859375
18.7299999,-0.673828125,0.805419921875,0.10498046875
18.749999900000002,-0.653076171875,0.8427734375,0.233642578125
18.769999900000002,-0.549560546875,0.765380859375,0.135009765625
18.7899999,-0.5126953125,0.718994140625,0.175048828125
18.8099999,-0.51025390625,0.83935546875,0.095947265625
18.8299999,-0.61669921875,0.6962890625,0.15283203125
18.8499999,-0.688720703125,0.83154296875,0.149169921875
18.8699999,-0.64599609375,0.85693359375,0.218017578125
18.8899999,-0.77587890625,0.767333984375,0.126220703125
18.909999900000003,-0.697265625,0.8515625,0.173095703125
18.929999900000002,-0.57275390625,0.772216796875,0.107666015625
18.9499999,-0.5986328125,0.75390625,0.1279296875
18.9699999,-0.444091796875,0.85009765625,0.150634765625
18.9899999,-0.606689453125,0.677001953125,0.0302734375
19.0099999,-0.563232421875,0.755615234375,0.22021484375
19.0299999,-0.690673828125,0.770263671875,0.1494140625
19.0499999,-0.697998046875,0.725830078125,0.151123046875
19.0699999,-0.68994140625,0.876708984375,0.1396484375
19.089999900000002,-0.621826171875,0.799072265625,0.1591796875
19.109999900000002,-0.667724609375,0.73583984375,0.117919921875
19.1299999,-0.434326171875,0.757080078125,0.174560546875
19.1499999,-0.632568359375,0.733642578125,0.117919921875
19.1699999,-0.59130859375,0.829833984375,0.200927734375
19.1899999,-0.738037109375,0.75244140625,0.16162109375
19.2099999,-0.640625,0.749755859375,0.133056640625
19.2299999,-0.70263671875,0.812255859375,0.200927734375
19.249999900000002,-0.61328125,0.812744140625,0.08203125
19.269999900000002,-0.55322265625,0.712890625,0.17236328125
19.2899999,-0.50830078125,0.717041015625,0.135498046875
19.3099999,-0.615478515625,0.72802734375,0.20263671875
19.3299999,-0.597900390625,0.78955078125,0.1552734375
19.3499999,-0.684326171875,0.818603515625,0.254150390625
19.3699999,-0.691650390625,0.766357421875,0.093505859375
19.3899999,-0.69921875,0.7841796875,0.24169921875
19.409999900000003,-0.578125,0.796630859375,0.0634765625
19.429999900000002,-0.896484375,0.760498046875,-0.4267578125
19.4499999,-0.323974609375,1.18359375,0.291015625
19.4699999,0.198486328125,2.10791015625,-0.0869140625
19.4899999,-0.559814453125,0.910888671875,0.284912109375
19.5099999,-1.49267578125,0.392578125,-0.023193359375
19.5299999,-1.333984375,0.198486328125,0.251220703125
19.5499999,-0.75,0.428955078125,0.3203125
19.5699999,-0.542236328125,0.78271484375,0.153076171875
19.589999900000002,-0.419921875,1.056884765625,0.090087890625
19.609999900000002,-0.497802734375,0.5419921875,0.605712890625
19.6299999,-0.6337890625,0.556396484375,0.07177734375
19.6499999,-0.7236328125,0.49609375,0.225830078125
19.6699999,-0.82666015625,0.8369140625,0.4541015625
19.6899999,-1.0712890625,0.509033203125,-0.579345703125
19.7099999,-0.8662109375,0.82373046875,-0.0322265625
19.7299999,-0.36376953125,0.680908203125,-0.047119140625
19.749999900000002,-0.458740234375,0.607177734375,0.407470703125
19.769999900000002,-0.091552734375,0.875,0.50048828125
19.7899999,-0.707763671875,0.864990234375,0.345703125
19.8099999,-0.508544921875,0.4609375,0.150634765625
19.8299999,-0.551025390625,0.812744140625,0.2060546875
19.8499999,-0.8486328125,0.792724609375,0.54443359375
19.8699999,-0.5966796875,0.6162109375,0.1123046875
19.8899999,-0.565185546875,0.638427734375,0.18896484375
19.909999900000003,-0.67822265625,0.85986328125,0.2001953125
19.929999900000002,-0.650146484375,0.794921875,0.347412109375
19.9499999,-0.5732421875,0.77197265625,0.16796875
19.9699999,-0.37158203125,0.89892578125,0.321044921875
19.9899999,-0.67333984375,0.606689453125,0.1904296875
20.0099999,-0.58203125,0.96728515625,-0.046875
20.0299999,-0.714111328125,1.013671875,-0.097900390625
20.0499999,-0.975341796875,0.52587890625,-0.082275390625
20.0699999,-0.640380859375,0.857421875,0.1533203125
20.089999900000002,-0.640380859375,0.853515625,0.163818359375
20.109999900000002,-0.4541015625,0.98095703125,0.04150390625
20.1299999,-0.524169921875,0.650390625,0.368896484375
20.1499999,-0.488525390625,0.765380859375,0.299072265625
20.1699999,-0.622802734375,0.697998046875,0.369873046875
20.1899999,-0.644775390625,0.941162109375,0.0283203125
20.2099999,-0.82763671875,0.777099609375,0.26220703125
20.2299999,-0.69921875,0.59375,0.30322265625
20.249999900000002,-0.588134765625,0.984375,0.51025390625
20.269999900000002,-0.695068359375,0.72802734375,0.126220703125
20.2899999,-0.5732421875,1.025146484375,-0.0029296875
20.3099999,-0.48291015625,0.77587890625,0.20166015625
20.3299999,-0.429931640625,0.87646484375,0.27978515625
20.3499999,-0.3115234375,0.6796875,0.106689453125
20.3699999,-0.616943359375,0.766357421875,0.281005859375
20.3899999,-0.610107421875,0.565673828125,0.2548828125
20.409999900000003,-0.532958984375,0.744873046875,0.227294921875
20.429999900000002,-0.999267578125,0.905029296875,-0.182373046875
20.4499999,-1.01708984375,0.54833984375,-0.074462890625
20.4699999,-0.69677734375,1.01953125,0.012939453125
20.4899999,-0.795654296875,0.697509765625,-0.267822265625
20.5099999,-0.792236328125,0.732421875,0.275146484375
20.5299999,-0.788818359375,0.87109375,-0.5439453125
20.5499999,-0.64990234375,0.6982421875,0.5205078125
20.5699999,-0.96044921875,0.439453125,-0.338134765625
20.589999900000002,-0.71630859375,1.00341796875,0.409912109375
20.609999900000002,-0.954345703125,0.367431640625,0.10009765625
20.6299999,-1.154296875,0.972412109375,-0.4208984375
20.6499999,-0.4580078125,0.613037109375,0.287353515625
20.6699999,-0.732666015625,0.281005859375,0.68505859375
20.6899999,-0.613525390625,1.1162109375,0.0537109375
20.7099999,0.124267578125,1.1611328125,0.8720703125
20.7299999,-0.331298828125,0.69873046875,0.562744140625
20.749999900000002,-0.606201171875,0.542236328125,0.2236328125
20.769999900000002,-0.606201171875,0.542236328125,0.2236328125
20.7899999,-0.73828125,1.017578125,-0.311767578125
20.8099999,-0.73828125,1.017578125,-0.311767578125
20.8299999,-0.3291015625,0.947509765625,0.35693359375
20.8499999,-0.3291015625,0.947509765625,0.35693359375
20.8699999,-0.1640625,0.6630859375,0.399658203125
20.8899999,-0.6962890625,0.68798828125,0.7587890625
20.909999900000003,-0.644775390625,0.845458984375,0.0576171875
20.929999900000002,-0.248046875,1.42529296875,0.65869140625
20.9499999,-0.548828125,0.7685546875,0.001708984375
20.9699999,-0.807373046875,0.496826171875,0.225341796875
20.9899999,-0.784912109375,0.416015625,-0.002685546875
21.0099999,-0.82861328125,-0.30712890625,0.42822265625
21.0299999,-0.768310546875,0.755126953125,0.478271484375
21.0499999,-0.6015625,0.78173828125,0.08984375
21.0699999,-0.72705078125,1.120849609375,0.4833984375
21.089999900000002,-0.84423828125,0.529052734375,0.1455078125
21.109999900000002,-0.850341796875,0.67041015625,-0.592041015625
21.1299999,-0.3994140625,0.98583984375,0.703857421875
21.1499999,-0.296875,1.1787109375,0.887939453125
21.1699999,-0.863525390625,1.086669921875,-0.436767578125
21.1899999,-0.77783203125,0.5703125,-0.042236328125
21.2099999,0.336669921875,0.80517578125,1.227294921875
21.2299999,-0.413330078125,1.124755859375,0.3408203125
21.249999900000002,-0.613037109375,0.816162109375,-0.531494140625
21.269999900000002,0.0537109375,0.38232421875,1.286865234375
21.2899999,-0.36767578125,1.023681640625,1.10400390625
21.3099999,-0.7451171875,0.93798828125,-0.638671875
21.3299999,-0.691650390625,0.22705078125,-0.794189453125
21.3499999,-0.5654296875,0.666015625,0.5732421875
21.3699999,-0.470947265625,0.526123046875,0.041015625
21.3899999,-1.065673828125,0.12548828125,-0.0634765625
21.409999900000003,-0.683349609375,0.99951171875,0.07421875
21.429999900000002,-0.75830078125,0.51318359375,0.10986328125
21.4499999,-1.0283203125,0.765625,0.559814453125
21.4699999,-0.644287109375,1.223388671875,0.21142578125
21.4899999,-0.899169921875,0.458740234375,0.07958984375
21.5099999,-0.908447265625,0.47265625,0.19677734375
21.5299999,-0.6259765625,1.00439453125,0.270263671875
21.5499999,-0.809814453125,0.63623046875,-0.01513671875
21.5699999,-1.07470703125,0.221923828125,-0.658447265625
21.589999900000002,-0.786865234375,0.969970703125,0.1611328125
21.609999900000002,-0.6396484375,0.548828125,0.1064453125
21.6299999,-0.8359375,0.007080078125,0.029296875
21.6499999,-0.6318359375,1.01708984375,0.723388671875
21.6699999,-0.59619140625,0.790283203125,-0.4345703125
21.6899999,0.032470703125,0.6044921875,0.999755859375
21.7099999,-0.5087890625,1.417724609375,0.21728515625
21.7299999,-0.6728515625,0.61572265625,-0.35986328125
21.749999900000002,-0.591552734375,0.88671875,0.728271484375
21.769999900000002,-0.99658203125,1.085205078125,0.0791015625
21.7899999,-0.40625,0.7548828125,0.232421875
21.8099999,-0.89697265625,0.902587890625,-0.384033203125
21.8299999,-0.961669921875,0.605224609375,-0.923828125
21.8499999,-0.70068359375,0.97509765625,0.800048828125
21.8699999,-0.65966796875,0.542724609375,-0.084716796875
21.8899999,-0.952880859375,-0.244384765625,-0.009765625
21.909999900000003,-0.658203125,1.0712890625,0.79296875
21.929999900000002,-0.49755859375,0.551513671875,-0.004150390625
21.9499999,0.24462890625,0.70263671875,0.717529296875
21.9699999,-0.568603515625,1.0126953125,0.22216796875
21.9899999,-0.5751953125,0.560546875,-0.470458984375
22.0099999,-0.31103515625,1.011474609375,0.810302734375
22.0299999,-1.37939453125,0.1689453125,-0.048095703125
22.0499999,-0.291259765625,1.03125,1.30859375
22.0699999,-0.533447265625,0.800048828125,-0.02294921875
22.089999900000002,-0.63818359375,0.939208984375,0.346435546875
22.109999900000002,-0.5009765625,0.801025390625,-0.042236328125
22.1299999,-0.585205078125,0.781982421875,0.0771484375
22.1499999,-0.597412109375,0.752197265625,0.125244140625
22.1699999,-0.533935546875,0.608642578125,0.198974609375
22.1899999,-0.625,0.766357421875,0.13427734375
22.2099999,-0.50634765625,0.846923828125,0.2802734375
22.2299999,-0.565673828125,0.799560546875,0.13623046875
22.249999900000002,-0.6181640625,0.751953125,0.231689453125
22.269999900000002,-0.6552734375,0.700439453125,0.103759765625
22.2899999,-0.7626953125,0.715087890625,0.13330078125
22.3099999,-0.717529296875,0.811279296875,0.16796875
22.3299999,-0.654541015625,0.723388671875,0.10107421875
22.3499999,-0.506103515625,0.781494140625,0.157470703125
22.3699999,-0.5361328125,0.7783203125,0.119140625
22.3899999,-0.45947265625,0.787353515625,0.17822265625
22.409999900000003,-0.589111328125,0.787109375,0.11669921875
22.429999900000002,-0.55078125,0.81005859375,0.272705078125
22.4499999,-0.764892578125,0.8173828125,0.073486328125
22.4699999,-0.686279296875,0.715087890625,0.1181640625
22.4899999,-0.524169921875,0.65673828125,0.141845703125
22.5099999,-0.617431640625,0.83837890625,0.19873046875
22.5299999,-0.791015625,0.792724609375,0.134033203125
22.5499999,-0.5263671875,0.676513671875,0.1083984375
22.5699999,-0.732666015625,0.845703125,0.330322265625
22.589999900000002,-0.565185546875,0.751953125,0.08837890625
22.609999900000002,-0.52392578125,0.789794921875,0.24609375
22.6299999,-0.513427734375,0.78369140625,0.069091796875
22.6499999,-0.593017578125,0.79296875,0.25390625
22.6699999,-0.519287109375,0.697265625,0.0302734375
22.6899999,-0.765380859375,0.7900390625,0.275634765625
22.7099999,-0.47705078125,0.86181640625,0.208251953125
22.7299999,-0.53076171875,0.73974609375,0.131591796875
22.749999900000002,-0.737060546875,0.794921875,0.207275390625
22.769999900000002,-0.47802734375,0.73583984375,0.20361328125
22.7899999,-0.53271484375,0.658447265625,0.0751953125
22.8099999,-0.6279296875,0.70263671875,0.161865234375
22.8299999,-0.763427734375,0.809814453125,0.2353515625
22.8499999,-0.686767578125,0.8740234375,0.229736328125
22.8699999,-0.55078125,0.720947265625,0.127197265625
22.8899999,-0.552978515625,0.736572265625,0.14501953125
22.909999900000003,-0.614501953125,0.839111328125,0.177734375
22.929999900000002,-0.510986328125,0.76220703125,0.14697265625
22.9499999,-0.47998046875,0.779296875,0.08740234375
22.9699999,-0.566162109375,0.699462890625,0.06982421875
22.9899999,-0.61474609375,0.736083984375,0.198974609375
23.0099999,-0.524658203125,0.72216796875,0.154541015625
23.0299999,-0.48486328125,0.773681640625,0.082763671875
23.0499999,-0.697265625,0.76416015625,0.053466796875
23.0699999,-0.544189453125,0.76953125,0.204833984375
23.089999900000002,-0.496337890625,0.775390625,0.193603515625
23.109999900000002,-0.56640625,0.7197265625,0.12158203125
23.1299999,-0.53759765625,0.7607421875,0.15966796875
23.1499999,-0.703369140625,0.864501953125,0.259521484375
23.1699999,-0.68115234375,0.8603515625,0.185302734375
23.1899999,-0.69580078125,0.683837890625,0.177001953125
23.2099999,-0.621826171875,0.653564453125,0.157470703125
23.2299999,-0.464111328125,0.699951171875,0.211181640625
23.249999900000002,-0.54345703125,0.74951171875,0.067138671875
23.269999900000002,-0.5537109375,0.756103515625,0.16259765625
23.2899999,-0.693359375,0.832763671875,0.28662109375
23.3099999,-0.61328125,0.864013671875,0.161376953125
23.3299999,-0.76416015625,0.716064453125,0.1640625
23.3499999,-0.572509765625,0.85546875,0.226806640625
23.3699999,-0.572509765625,0.85546875,0.226806640625
23.3899999,-0.712158203125,0.716796875,0.171142578125
23.409999900000003,-0.712158203125,0.716796875,0.171142578125
23.429999900000002,-0.521240234375,0.76220703125,0.1533203125
23.4499999,-0.521240234375,0.76220703125,0.1533203125
23.4699999,-0.58642578125,0.70263671875,0.198486328125
23.4899999,-0.517578125,0.723388671875,0.199462890625
23.5099999,-0.5185546875,0.74609375,0.144287109375
23.5299999,-0.49951171875,0.7236328125,0.13818359375
23.5499999,-0.6318359375,0.79443359375,0.158447265625
23.5699999,-0.45361328125,0.7314453125,0.195556640625
23.589999900000002,-0.54345703125,0.772216796875,0.0927734375
23.609999900000002,-0.65869140625,0.745849609375,0.13916015625
23.6299999,-0.483154296875,0.776123046875,0.210205078125
23.6499999,-0.55810546875,0.7705078125,0.069091796875
23.6699999,-0.540771484375,0.732666015625,0.15966796875
23.6899999,-0.564208984375,0.79638671875,0.201416015625
23.7099999,-0.50634765625,0.7548828125,0.14599609375
23.7299999,-0.5263671875,0.737060546875,0.177734375
23.749999900000002,-0.535400390625,0.770751953125,0.14892578125
23.769999900000002,-0.49658203125,0.7265625,0.150146484375
23.7899999,-0.63525390625,0.77880859375,0.18212890625
23.8099999,-0.429443359375,0.786865234375,0.16748046875
23.8299999,-0.53466796875,0.69384765625,0.07373046875
23.8499999,-0.6015625,0.696533203125,0.177734375
23.8699999,-0.490234375,0.81884765625,0.200439453125
23.8899999,-0.6630859375,0.7392578125,0.14599609375
23.909999900000003,-0.5595703125,0.72802734375,0.200439453125
23.929999900000002,-0.662109375,0.8154296875,0.200439453125
23.9499999,-0.66455078125,0.732177734375,0.207763671875
23.9699999,-0.71240234375,0.861572265625,0.25927734375
23.9899999,-0.706298828125,0.80908203125,0.25830078125
24.0099999,-0.670166015625,0.748046875,0.109619140625
24.0299999,-0.72216796875,0.79052734375,0.233154296875
24.0499999,-0.62646484375,0.862060546875,0.17822265625
24.069999900000003,-0.678466796875,0.828125,0.1103515625
24.089999900000002,-0.68115234375,0.87353515625,0.163818359375
24.109999900000002,-0.535888671875,0.77001953125,0.10400390625
24.1299999,-0.611328125,0.77734375,0.134521484375
24.1499999,-0.43701171875,0.759765625,0.18603515625
24.1699999,-0.557373046875,0.681396484375,0.098388671875
24.1899999,-0.5654296875,0.65234375,0.195068359375
24.2099999,-0.59423828125,0.833984375,0.227294921875
24.2299999,-0.70361328125,0.717041015625,0.171630859375
24.249999900000002,-0.69970703125,0.878173828125,0.234130859375
24.269999900000002,-0.745361328125,0.7626953125,0.132080078125
24.2899999,-0.6220703125,0.765625,0.109375
24.3099999,-0.69970703125,0.802490234375,0.187255859375
24.3299999,-0.633544921875,0.836181640625,0.08447265625
24.3499999,-0.55712890625,0.741455078125,0.16796875
24.3699999,-0.53564453125,0.745849609375,0.198974609375
24.3899999,-0.558349609375,0.735595703125,0.19921875
24.409999900000003,-0.49169921875,0.6689453125,0.175048828125
24.429999900000002,-0.573486328125,0.90576171875,0.18212890625
24.4499999,-0.64404296875,0.718994140625,0.204833984375
24.4699999,-1.287353515625,-1.11328125,-0.795654296875
24.4899999,0.77001953125,-0.82275390625,2.477294921875
24.5099999,-1.095947265625,-0.094970703125,0.2529296875
24.5299999,-0.9951171875,2.007568359375,0.596435546875
24.5499999,-1.480224609375,0.02783203125,-0.166015625
24.569999900000003,-3.021728515625,0.36376953125,-0.414794921875
24.589999900000002,-0.7880859375,-0.625244140625,0.222900390625
24.609999900000002,-0.30029296875,1.677734375,0.519775390625
24.6299999,-3.629150390625,-0.70556640625,0.380859375
24.6499999,-0.5986328125,2.337158203125,-0.364013671875
24.6699999,0.214599609375,-0.807373046875,-0.210205078125
24.6899999,-3.15087890625,1.443603515625,-0.212646484375
24.7099999,-0.7470703125,2.28076171875,0.84228515625
24.7299999,2.381103515625,0.73046875,-0.25244140625
24.749999900000002,3.1884765625,1.68212890625,1.0859375
24.769999900000002,2.66552734375,1.4599609375,1.01611328125
24.7899999,1.51171875,0.634033203125,0.639404296875
24.8099999,1.80859375,0.468017578125,0.64501953125
24.8299999,2.6865234375,0.366943359375,0.247314453125
24.8499999,3.123779296875,2.5419921875,0.542724609375
24.8699999,0.489990234375,3.822509765625,-0.102294921875
24.8899999,-3.423828125,0.782958984375,-0.06103515625
24.909999900000003,-1.034912109375,0.848876953125,0.6748046875
24.929999900000002,-1.926513671875,1.515869140625,-0.00146484375
24.9499999,-2.306640625,0.601806640625,-0.000244140625
24.9699999,1.786376953125,1.03369140625,-0.23779296875
24.9899999,-0.085693359375,-0.2421875,0.007568359375
25.0099999,-3.7705078125,0.99951171875,0.18310546875
25.0299999,-2.380126953125,0.995849609375,0.179443359375
25.0499999,0.010986328125,1.947021484375,0.21923828125
25.069999900000003,0.730712890625,1.24658203125,0.51123046875
25.089999900000002,1.610595703125,1.12060546875,0.380615234375
25.109999900000002,-0.251708984375,0.45068359375,0.260009765625
25.1299999,-1.755859375,0.4375,-0.587890625
25.1499999,-1.7587890625,1.822265625,0.438232421875
25.1699999,-1.05908203125,0.800537109375,0.133544921875
25.1899999,0.56689453125,0.182373046875,0.148193359375
25.2099999,-0.41552734375,0.404052734375,-0.449462890625
25.2299999,-1.61669921875,2.2666015625,0.885498046875
25.249999900000002,-0.427490234375,1.087890625,0.454833984375
25.269999900000002,0.447021484375,0.076171875,0.010009765625
25.2899999,-2.220458984375,0.95068359375,0.05615234375
25.3099999,-0.03466796875,1.1640625,1.015625
25.3299999,1.45361328125,1.025634765625,0.791015625
25.3499999,-0.64404296875,0.168212890625,0.0126953125
25.3699999,-2.24169921875,1.203369140625,0.10400390625
25.3899999,-0.0654296875,1.15625,0.870849609375
25.409999900000003,0.742919921875,1.14306640625,0.761474609375
25.429999900000002,-0.06787109375,0.463134765625,0.282958984375
25.4499999,-1.742431640625,0.86962890625,0.024169921875
25.4699999,-0.666015625,0.8779296875,-0.247314453125
25.4899999,0.680419921875,0.94873046875,0.480712890625
25.5099999,-0.80712890625,0.76806640625,0.114990234375
25.5299999,-0.433837890625,0.76171875,0.37451171875
25.5499999,-0.5927734375,0.369873046875,0.208740234375
25.569999900000003,-0.465087890625,1.06591796875,0.387939453125
25.589999900000002,-0.389404296875,1.591796875,-0.029541015625
25.609999900000002,-1.354248046875,1.1396484375,-0.03076171875
25.6299999,-1.119140625,0.384033203125,-0.5576171875
25.6499999,-0.01953125,0.82373046875,0.4228515625
25.6699999,-0.076416015625,1.002197265625,0.283203125
25.6899999,0.050048828125,1.13232421875,0.028076171875
25.7099999,0.4384765625,1.287841796875,0.4912109375
25.7299999,-0.413330078125,0.39453125,-0.00537109375
25.749999900000002,-1.148193359375,0.860107421875,0.085693359375
25.769999900000002,-0.849853515625,0.670654296875,0.293212890625
25.7899999,-0.40283203125,0.752197265625,-0.025390625
25.8099999,-0.46533203125,1.098388671875,0.16552734375
25.8299999,-0.792236328125,0.992919921875,-0.134033203125
25.8499999,-0.792236328125,0.992919921875,-0.134033203125
25.8699999,-0.6533203125,0.61865234375,0.100830078125
25.8899999,-0.6533203125,0.61865234375,0.100830078125
25.909999900000003,-0.65478515625,1.70947265625,-0.046875
25.929999900000002,-0.65478515625,1.70947265625,-0.046875
25.9499999,-0.800048828125,0.681640625,0.314453125
25.9699999,-0.800048828125,0.681640625,0.314453125
25.9899999,-0.518310546875,0.728271484375,0.118408203125
26.0099999,-0.835693359375,1.071533203125,0.089599609375
26.0299999,-0.81884765625,0.4384765625,-0.060302734375
26.0499999,-0.496826171875,0.970947265625,0.07421875
26.069999900000003,-0.50341796875,0.766357421875,0.157470703125
26.089999900000002,-0.605712890625,0.747802734375,0.344970703125
26.109999900000002,-0.666259765625,0.91015625,0.18505859375
26.1299999,-0.547607421875,0.74560546875,0.284423828125
26.1499999,-0.624267578125,0.75537109375,0.323486328125
26.1699999,-0.701416015625,0.831787109375,0.17919921875
26.1899999,-0.751708984375,0.58203125,0.3916015625
26.2099999,-0.73291015625,0.791748046875,-0.072021484375
26.2299999,-0.1962890625,0.863525390625,0.2431640625
26.249999900000002,-0.15087890625,1.50537109375,1.1064453125
26.269999900000002,-0.287353515625,2.052490234375,0.484130859375
26.2899999,-0.736083984375,1.132568359375,-0.220947265625
26.3099999,-1.205810546875,-0.260498046875,-0.48388671875
26.3299999,-0.857177734375,0.53515625,0.00830078125
26.3499999,-0.556884765625,0.558349609375,0.57861328125
26.3699999,-0.48095703125,0.77490234375,0.10400390625
26.3899999,-0.5439453125,0.630615234375,0.25634765625
26.409999900000003,-0.5576171875,0.5546875,0.041259765625
26.429999900000002,-0.731689453125,0.61083984375,0.212890625
26.4499999,-0.78515625,0.682861328125,0.03515625
26.4699999,-0.64208984375,0.855712890625,0.375244140625
26.4899999,-0.438720703125,0.818359375,0.240966796875
26.5099999,-0.610595703125,0.80419921875,0.48291015625
26.5299999,-0.810302734375,0.686767578125,-0.193115234375
26.5499999,-1.090576171875,0.941162109375,-0.035888671875
26.569999900000003,-0.333984375,0.729248046875,0.205078125
26.589999900000002,-0.633056640625,0.5146484375,-0.3701171875
26.609999900000002,-0.668701171875,1.000244140625,-0.003173828125
26.6299999,-0.046875,1.060546875,0.92041015625
26.6499999,-0.68701171875,0.52587890625,0.30224609375
26.6699999,-0.812255859375,0.5419921875,-0.24609375
26.6899999,-0.36279296875,1.04541015625,-0.056396484375
26.7099999,-0.84814453125,0.5556640625,0.128173828125
26.7299999,-0.576171875,1.268310546875,-0.29931640625
26.749999900000002,-0.560791015625,1.06298828125,0.375732421875
26.769999900000002,-0.702392578125,0.115478515625,0.447998046875
26.7899999,-0.95556640625,0.223388671875,0.1416015625
26.8099999,-0.62353515625,0.565673828125,0.325439453125
26.8299999,-0.56396484375,0.82763671875,0.140625
26.8499999,-0.4111328125,0.7705078125,0.2275390625
26.8699999,-0.52392578125,0.8505859375,0.186279296875
26.8899999,-0.445556640625,0.72998046875,0.235107421875
26.909999900000003,-0.541748046875,0.858642578125,0.198486328125
26.929999900000002,-0.449951171875,0.689453125,0.30908203125
26.9499999,-0.621826171875,0.814208984375,0.2470703125
26.9699999,-0.653076171875,0.839599609375,0.17626953125
26.9899999,-0.61962890625,0.735107421875,0.121826171875
27.0099999,-0.443115234375,0.77392578125,0.142578125
27.0299999,-0.652099609375,0.800537109375,0.231689453125
27.0499999,-0.69482421875,0.728515625,0.0625
27.069999900000003,-0.50634765625,0.660400390625,0.24072265625
27.089999900000002,-0.756103515625,0.750732421875,0.19287109375
27.109999900000002,-0.519775390625,0.694580078125,0.14111328125
27.1299999,-0.774658203125,0.880126953125,0.1806640625
27.1499999,-0.434814453125,0.7763671875,0.1953125
27.1699999,-0.719482421875,0.871826171875,0.052001953125
27.1899999,-0.478515625,0.812744140625,0.260498046875
27.2099999,-0.592041015625,0.74658203125,0.075927734375
27.2299999,-0.769287109375,0.81298828125,0.211669921875
27.249999900000002,-0.52978515625,0.9189453125,0.274658203125
27.269999900000002,-0.45068359375,0.697509765625,0.189697265625
27.2899999,-0.635498046875,0.795654296875,0.09814453125
27.3099999,-0.675537109375,0.674560546875,0.187255859375
27.3299999,-0.663818359375,0.781005859375,0.226318359375
27.3499999,-0.644287109375,0.910400390625,0.177001953125
27.3699999,-0.47314453125,0.73876953125,0.196044921875
27.3899999,-0.47509765625,0.75390625,0.108642578125
27.409999900000003,-0.716064453125,0.706787109375,0.11083984375
27.429999900000002,-0.6796875,0.714599609375,0.146240234375
27.4499999,-0.611083984375,0.840087890625,0.14013671875
27.4699999,-0.640625,0.811767578125,0.08740234375
27.4899999,-0.703857421875,0.6923828125,0.2099609375
27.5099999,-0.72998046875,0.75732421875,0.159912109375
27.5299999,-0.534912109375,0.843505859375,0.173828125
27.5499999,-0.699951171875,0.82958984375,0.107666015625
27.569999900000003,-0.6201171875,0.712158203125,0.14501953125
27.589999900000002,-0.627197265625,0.658447265625,0.14697265625
27.609999900000002,-0.5078125,0.75,0.212646484375
27.6299999,-0.4951171875,0.75341796875,0.11474609375
27.6499999,-0.5546875,0.707763671875,0.17724609375
27.6699999,-0.715576171875,0.84521484375,0.147216796875
27.6899999,-0.70556640625,0.7744140625,0.176025390625
27.7099999,-0.66455078125,0.715087890625,0.216064453125
27.7299999,-0.586669921875,0.663818359375,0.166748046875
27.749999900000002,-0.5,0.746337890625,0.18798828125
27.769999900000002,-0.5,0.725341796875,0.142578125
27.7899999,-0.606689453125,0.75390625,0.16650390625
27.8099999,-0.628662109375,0.89208984375,0.119140625
27.8299999,-0.674072265625,0.869384765625,0.13671875
27.8499999,-0.57470703125,0.771728515625,0.146484375
27.8699999,-0.747802734375,0.8271484375,0.2451171875
27.8899999,-0.708740234375,0.847412109375,0.1904296875
27.909999900000003,-0.68359375,0.69970703125,0.168212890625
27.929999900000002,-0.637451171875,0.75830078125,0.161865234375
27.9499999,-0.65576171875,0.826904296875,0.212646484375
27.9699999,-0.66162109375,0.7080078125,0.134521484375
27.9899999,-0.5498046875,0.652587890625,0.19287109375
28.0099999,-0.57861328125,0.813232421875,0.195556640625
28.0299999,-0.659912109375,0.749267578125,0.1572265625
28.0499999,-0.523681640625,0.675537109375,0.185302734375
28.069999900000003,-0.5537109375,0.814208984375,0.169677734375
28.089999900000002,-0.63427734375,0.736083984375,0.18701171875
28.109999900000002,-0.5341796875,0.6640625,0.180908203125
28.1299999,-0.543212890625,0.84423828125,0.17236328125
28.1499999,-0.599365234375,0.7109375,0.14208984375
28.1699999,-0.619384765625,0.630615234375,0.17919921875
28.1899999,-0.55859375,0.88427734375,0.233154296875
28.2099999,-0.6298828125,0.69921875,0.07470703125
28.2299999,-0.53515625,0.6552734375,0.214111328125
28.249999900000002,-0.622802734375,0.7939453125,0.208251953125
28.269999900000002,-0.691650390625,0.72265625,0.1669921875
28.2899999,-0.6484375,0.843017578125,0.22998046875
28.3099999,-0.702880859375,0.758056640625,0.16357421875
28.3299999,-0.645751953125,0.695556640625,0.17041015625
28.3499999,-0.758544921875,0.835205078125,0.230712890625
28.3699999,-0.758544921875,0.835205078125,0.230712890625
28.3899999,-0.667724609375,0.762939453125,0.098388671875
28.409999900000003,-0.667724609375,0.762939453125,0.098388671875
28.429999900000002,-0.605712890625,0.865234375,0.1162109375
28.4499999,-0.605712890625,0.865234375,0.1162109375
28.4699999,-0.64794921875,0.80908203125,0.14111328125
28.4899999,-0.6728515625,0.887451171875,0.167724609375
28.5099999,-0.533935546875,0.756591796875,0.113037109375
28.5299999,-0.626220703125,0.764404296875,0.1572265625
28.5499999,-0.457275390625,0.759765625,0.217041015625
28.569999900000003,-0.533935546875,0.6943359375,0.14208984375
28.589999900000002,-0.59326171875,0.69287109375,0.1806640625
28.609999900000002,-0.53857421875,0.8310546875,0.1982421875
28.6299999,-0.6845703125,0.737548828125,0.1474609375
28.6499999,-0.656982421875,0.850830078125,0.223876953125
28.6699999,-0.7294921875,0.740966796875,0.123291015625
28.6899999,-0.62890625,0.72412109375,0.11962890625
28.7099999,-0.73828125,0.769287109375,0.216552734375
28.7299999,-0.656494140625,0.863037109375,0.111328125
28.749999900000002,-0.58935546875,0.782470703125,0.17822265625
28.769999900000002,-0.582763671875,0.843994140625,0.216796875
28.7899999,-0.53857421875,0.739013671875,0.1708984375
28.8099999,-0.5107421875,0.70703125,0.205078125
28.8299999,-0.517578125,0.830078125,0.153076171875
28.8499999,-0.615478515625,0.724609375,0.16845703125
28.8699999,-0.649658203125,0.75146484375,0.153076171875
28.8899999,-0.656494140625,0.8115234375,0.172607421875
28.909999900000003,-0.73828125,0.725830078125,0.13671875
28.929999900000002,-0.70361328125,0.808349609375,0.166748046875
28.9499999,-0.5986328125,0.83251953125,0.161376953125
28.9699999,-0.61279296875,0.73095703125,0.158203125
28.9899999,-0.494384765625,0.7705078125,0.20947265625
29.0099999,-0.529296875,0.7001953125,0.152587890625
29.0299999,-0.5908203125,0.703369140625,0.1787109375
29.0499999,-0.551513671875,0.83984375,0.207763671875
29.069999900000003,-0.688232421875,0.722412109375,0.164306640625
29.089999900000002,-0.71484375,0.837890625,0.212158203125
29.109999900000002,-0.721435546875,0.796875,0.114990234375
29.1299999,-0.60595703125,0.764892578125,0.14453125
29.1499999,-0.63671875,0.8671875,0.140380859375
29.1699999,-0.587646484375,0.76171875,0.101806640625
29.1899999,-0.53857421875,0.707275390625,0.176025390625
29.2099999,-0.521240234375,0.732421875,0.154541015625
29.2299999,-0.61962890625,0.750244140625,0.19775390625
29.249999900000002,-0.602783203125,0.774169921875,0.18505859375
29.269999900000002,-0.6767578125,0.820068359375,0.2216796875
29.2899999,-0.677978515625,0.73583984375,0.105224609375
29.3099999,-0.6767578125,0.75048828125,0.23291015625
29.3299999,-0.590576171875,0.81884765625,0.056640625
29.3499999,-0.558349609375,0.7802734375,0.190673828125
29.3699999,-0.53564453125,0.7626953125,0.171142578125
29.3899999,-0.541015625,0.716796875,0.178955078125
29.409999900000003,-0.61865234375,0.64208984375,0.177978515625
29.429999900000002,-0.62890625,0.834716796875,0.231201171875
29.4499999,-0.739990234375,0.707275390625,0.175537109375
29.4699999,-0.683837890625,0.837158203125,0.19580078125
29.4899999,-0.63134765625,0.857666015625,0.167724609375
29.5099999,-0.60791015625,0.713623046875,0.171875
29.5299999,-0.492431640625,0.76953125,0.2080078125
29.5499999,-0.541259765625,0.703369140625,0.145263671875
29.569999900000003,-0.580322265625,0.695556640625,0.173095703125
29.589999900000002,-0.605712890625,0.814697265625,0.218017578125
29.609999900000002,-0.70654296875,0.686767578125,0.19091796875
29.6299999,-0.724609375,0.7900390625,0.204345703125
29.6499999,-0.6865234375,0.87060546875,0.15625
29.6699999,-0.6220703125,0.73681640625,0.16455078125
29.6899999,-0.50341796875,0.8115234375,0.18310546875
29.7099999,-0.56298828125,0.699462890625,0.15478515625
29.7299999,-0.501953125,0.6865234375,0.177490234375
29.749999900000002,-0.606201171875,0.84814453125,0.17626953125
29.769999900000002,-0.64306640625,0.706787109375,0.223388671875
29.7899999,-0.755126953125,0.8115234375,0.23681640625
29.8099999,-0.681396484375,0.869873046875,0.14404296875
29.8299999,-0.60791015625,0.796630859375,0.136474609375
29.8499999,-0.590576171875,0.861328125,0.228271484375
29.8699999,-0.544921875,0.7373046875,0.1767578125
29.8899999,-0.487060546875,0.678466796875,0.193359375
29.909999900000003,-0.568359375,0.885498046875,0.17822265625
29.929999900000002,-0.653564453125,0.708251953125,0.2119140625
29.9499999,-0.715087890625,0.857666015625,0.185791015625
29.9699999,-0.63720703125,0.8828125,0.1796875
29.9899999,-0.67529296875,0.791748046875,0.1181640625
30.0099999,-0.64697265625,0.889892578125,0.15185546875
30.0299999,-0.50634765625,0.71875,0.152587890625
30.0499999,-0.626708984375,0.722900390625,0.2080078125
30.069999900000003,-0.54345703125,0.900390625,0.239501953125
30.089999900000002,-0.687744140625,0.707275390625,0.135986328125
30.109999900000002,-0.6455078125,0.87646484375,0.21533203125
30.1299999,-0.66259765625,0.86376953125,0.1484375
30.1499999,-0.625244140625,0.721435546875,0.142333984375
30.1699999,-0.58203125,0.857177734375,0.139404296875
30.1899999,-0.548095703125,0.7099609375,0.13330078125
30.2099999,-0.63134765625,0.736083984375,0.15966796875
30.2299999,-0.531982421875,0.845947265625,0.210693359375
30.249999900000002,-0.698974609375,0.718994140625,0.15625
30.269999900000002,-0.706298828125,0.8349609375,0.229736328125
30.2899999,-0.712646484375,0.81201171875,0.112548828125
30.3099999,-0.6083984375,0.76025390625,0.12841796875
30.3299999,-0.5595703125,0.869384765625,0.147216796875
30.3499999,-0.563232421875,0.71240234375,0.13916015625
30.3699999,-0.51416015625,0.686279296875,0.15576171875
30.3899999,-0.581298828125,0.829833984375,0.17041015625
30.409999900000003,-0.648681640625,0.72216796875,0.2353515625
30.429999900000002,-0.741455078125,0.838134765625,0.244873046875
30.4499999,-0.67333984375,0.85498046875,0.15283203125
30.4699999,-0.621826171875,0.79736328125,0.108642578125
30.4899999,-0.608642578125,0.869140625,0.220703125
30.5099999,-0.54443359375,0.7392578125,0.13818359375
30.5299999,-0.493408203125,0.70068359375,0.2099609375
30.5499999,-0.5390625,0.885009765625,0.17041015625
30.569999900000003,-0.639892578125,0.722412109375,0.18896484375
30.589999900000002,-0.709228515625,0.854248046875,0.1796875
