Time (seconds), Duration (seconds),pred_unlabelled,pred_anomaly
0.01000,0.48000,0.99197,0.00803
0.03000,0.48000,0.99425,0.00575
0.05000,0.48000,0.99199,0.00801
0.07000,0.48000,0.99453,0.00547
0.09000,0.48000,0.98927,0.01073
0.11000,0.48000,0.99122,0.00878
0.13000,0.48000,0.98901,0.01099
0.15000,0.48000,0.98862,0.01138
0.17000,0.48000,0.99266,0.00734
0.19000,0.48000,0.99344,0.00656
0.21000,0.48000,0.98993,0.01007
0.23000,0.48000,0.99490,0.00510
0.25000,0.48000,0.98877,0.01123
0.27000,0.48000,0.99443,0.00557
0.29000,0.48000,0.98902,0.01098
0.31000,0.48000,0.99434,0.00566
0.33000,0.48000,0.99151,0.00849
0.35000,0.48000,0.99298,0.00702
0.37000,0.48000,0.99342,0.00658
0.39000,0.48000,0.99014,0.00986
0.41000,0.48000,0.99134,0.00866
0.43000,0.48000,0.98991,0.01009
0.45000,0.48000,0.99443,0.00557
0.47000,0.48000,0.99526,0.00474
0.49000,0.48000,0.99646,0.00354
0.51000,0.48000,0.99577,0.00423
0.53000,0.48000,0.99613,0.00387
0.55000,0.48000,0.99539,0.00461
0.57000,0.48000,0.99301,0.00699
0.59000,0.48000,0.99293,0.00707
0.61000,0.48000,0.99633,0.00367
0.63000,0.48000,0.99236,0.00764
0.65000,0.48000,0.99617,0.00383
0.67000,0.48000,0.99347,0.00653
0.69000,0.48000,0.99577,0.00423
0.71000,0.48000,0.99247,0.00753
0.73000,0.48000,0.98846,0.01154
0.75000,0.48000,0.99107,0.00893
0.77000,0.48000,0.99572,0.00428
0.79000,0.48000,0.99476,0.00524
0.81000,0.48000,0.99404,0.00596
0.83000,0.48000,0.99613,0.00387
0.85000,0.48000,0.99515,0.00485
0.87000,0.48000,0.99387,0.00613
0.89000,0.48000,0.99037,0.00963
0.91000,0.48000,0.99568,0.00432
0.93000,0.48000,0.99628,0.00372
0.95000,0.48000,0.99683,0.00317
0.97000,0.48000,0.99259,0.00741
0.99000,0.48000,0.99754,0.00246
1.01000,0.48000,0.99379,0.00621
1.03000,0.48000,0.99556,0.00444
1.05000,0.48000,0.99181,0.00819
1.07000,0.48000,0.99107,0.00893
1.09000,0.48000,0.99384,0.00616
1.11000,0.48000,0.99328,0.00672
1.13000,0.48000,0.98978,0.01022
1.15000,0.48000,0.98932,0.01068
1.17000,0.48000,0.99180,0.00820
1.19000,0.48000,0.99278,0.00722
1.21000,0.48000,0.98997,0.01003
1.23000,0.48000,0.99417,0.00583
1.25000,0.48000,0.99135,0.00865
1.27000,0.48000,0.99496,0.00504
1.29000,0.48000,0.99044,0.00956
1.31000,0.48000,0.99036,0.00964
1.33000,0.48000,0.99157,0.00843
1.35000,0.48000,0.99433,0.00567
1.37000,0.48000,0.99600,0.00400
1.39000,0.48000,0.99519,0.00481
1.41000,0.48000,0.99255,0.00745
1.43000,0.48000,0.99245,0.00755
1.45000,0.48000,0.99456,0.00544
1.47000,0.48000,0.99390,0.00610
1.49000,0.48000,0.99160,0.00840
1.51000,0.48000,0.99531,0.00469
1.53000,0.48000,0.99667,0.00333
1.55000,0.48000,0.99533,0.00467
1.57000,0.48000,0.99575,0.00425
1.59000,0.48000,0.99298,0.00702
1.61000,0.48000,0.99643,0.00357
1.63000,0.48000,0.99599,0.00401
1.65000,0.48000,0.99665,0.00335
1.67000,0.48000,0.99622,0.00378
1.69000,0.48000,0.99640,0.00360
1.71000,0.48000,0.99518,0.00482
1.73000,0.48000,0.99630,0.00370
1.75000,0.48000,0.99242,0.00758
1.77000,0.48000,0.99397,0.00603
1.79000,0.48000,0.99308,0.00692
1.81000,0.48000,0.99434,0.00566
1.83000,0.48000,0.98962,0.01038
1.85000,0.48000,0.99177,0.00823
1.87000,0.48000,0.98774,0.01226
1.89000,0.48000,0.98683,0.01317
1.91000,0.48000,0.99129,0.00871
1.93000,0.48000,0.99199,0.00801
1.95000,0.48000,0.98791,0.01209
1.97000,0.48000,0.99337,0.00663
1.99000,0.48000,0.98715,0.01285
2.01000,0.48000,0.99355,0.00645
2.03000,0.48000,0.98755,0.01245
2.05000,0.48000,0.99273,0.00727
2.07000,0.48000,0.98856,0.01144
2.09000,0.48000,0.99088,0.00912
2.11000,0.48000,0.99166,0.00834
2.13000,0.48000,0.98705,0.01295
2.15000,0.48000,0.98718,0.01282
2.17000,0.48000,0.98607,0.01393
2.19000,0.48000,0.98877,0.01123
2.21000,0.48000,0.98934,0.01066
2.23000,0.48000,0.98687,0.01313
2.25000,0.48000,0.99114,0.00886
2.27000,0.48000,0.99411,0.00589
2.29000,0.48000,0.98746,0.01254
2.31000,0.48000,0.99350,0.00650
2.33000,0.48000,0.98871,0.01129
2.35000,0.48000,0.99578,0.00422
2.37000,0.48000,0.99121,0.00879
2.39000,0.48000,0.99450,0.00550
2.41000,0.48000,0.99347,0.00653
2.43000,0.48000,0.99086,0.00914
2.45000,0.48000,0.99051,0.00949
2.47000,0.48000,0.98618,0.01382
2.49000,0.48000,0.99126,0.00874
2.51000,0.48000,0.99007,0.00993
2.53000,0.48000,0.98798,0.01202
2.55000,0.48000,0.99488,0.00512
2.57000,0.48000,0.98652,0.01348
2.59000,0.48000,0.98716,0.01284
2.61000,0.48000,0.98616,0.01384
2.63000,0.48000,0.98862,0.01138
2.65000,0.48000,0.97711,0.02289
2.67000,0.48000,0.93379,0.06621
2.69000,0.48000,0.93070,0.06930
2.71000,0.48000,0.93389,0.06611
2.73000,0.48000,0.92679,0.07321
2.75000,0.48000,0.96503,0.03497
2.77000,0.48000,0.86781,0.13219
2.79000,0.48000,0.92019,0.07981
2.81000,0.48000,0.78804,0.21196
2.83000,0.48000,0.89176,0.10824
2.85000,0.48000,0.53252,0.46748
2.87000,0.48000,0.70492,0.29508
2.89000,0.48000,0.70411,0.29589
2.91000,0.48000,0.80201,0.19799
2.93000,0.48000,0.56057,0.43943
2.95000,0.48000,0.80906,0.19094
2.97000,0.48000,0.43428,0.56572
2.99000,0.48000,0.74857,0.25144
3.01000,0.48000,0.08977,0.91023
3.03000,0.48000,0.18748,0.81252
3.05000,0.48000,0.01027,0.98973
3.07000,0.48000,0.02749,0.97251
3.09000,0.48000,0.00629,0.99371
3.11000,0.48000,0.01540,0.98460
3.13000,0.48000,0.00843,0.99157
3.15000,0.48000,0.01054,0.98946
3.17000,0.48000,0.00481,0.99519
3.19000,0.48000,0.00517,0.99483
3.21000,0.48000,0.00419,0.99581
3.23000,0.48000,0.00945,0.99055
3.25000,0.48000,0.00554,0.99446
3.27000,0.48000,0.03725,0.96275
3.29000,0.48000,0.01368,0.98632
3.31000,0.48000,0.20729,0.79271
3.33000,0.48000,0.06044,0.93956
3.35000,0.48000,0.10339,0.89661
3.37000,0.48000,0.06291,0.93709
3.39000,0.48000,0.06764,0.93236
3.41000,0.48000,0.02190,0.97810
3.43000,0.48000,0.01445,0.98555
3.45000,0.48000,0.01774,0.98226
3.47000,0.48000,0.02275,0.97725
3.49000,0.48000,0.01132,0.98868
3.51000,0.48000,0.00575,0.99425
3.53000,0.48000,0.01284,0.98716
3.55000,0.48000,0.00593,0.99407
3.57000,0.48000,0.00365,0.99635
3.59000,0.48000,0.00559,0.99441
3.61000,0.48000,0.00709,0.99291
3.63000,0.48000,0.00573,0.99427
3.65000,0.48000,0.02288,0.97712
3.67000,0.48000,0.02155,0.97845
3.69000,0.48000,0.03572,0.96428
3.71000,0.48000,0.01432,0.98568
3.73000,0.48000,0.03664,0.96336
3.75000,0.48000,0.01721,0.98279
3.77000,0.48000,0.02203,0.97797
3.79000,0.48000,0.03352,0.96648
3.81000,0.48000,0.02380,0.97620
3.83000,0.48000,0.03217,0.96783
3.85000,0.48000,0.00463,0.99537
3.87000,0.48000,0.01359,0.98641
3.89000,0.48000,0.00320,0.99680
3.91000,0.48000,0.00538,0.99462
3.93000,0.48000,0.00106,0.99894
3.95000,0.48000,0.00317,0.99683
3.97000,0.48000,0.00148,0.99852
3.99000,0.48000,0.00280,0.99720
4.01000,0.48000,0.00176,0.99824
4.03000,0.48000,0.00291,0.99709
4.05000,0.48000,0.00396,0.99604
4.07000,0.48000,0.00287,0.99713
4.09000,0.48000,0.00463,0.99537
4.11000,0.48000,0.00949,0.99051
4.13000,0.48000,0.00488,0.99512
4.15000,0.48000,0.02800,0.97200
4.17000,0.48000,0.00898,0.99102
4.19000,0.48000,0.01050,0.98950
4.21000,0.48000,0.00305,0.99695
4.23000,0.48000,0.00639,0.99361
4.25000,0.48000,0.00210,0.99790
4.27000,0.48000,0.00390,0.99610
4.29000,0.48000,0.00137,0.99863
4.31000,0.48000,0.00404,0.99596
4.33000,0.48000,0.00209,0.99791
4.35000,0.48000,0.00913,0.99087
4.37000,0.48000,0.00458,0.99542
4.39000,0.48000,0.02334,0.97666
4.41000,0.48000,0.01577,0.98423
4.43000,0.48000,0.01770,0.98230
4.45000,0.48000,0.00587,0.99413
4.47000,0.48000,0.00516,0.99484
4.49000,0.48000,0.00462,0.99538
4.51000,0.48000,0.00485,0.99515
4.53000,0.48000,0.00557,0.99443
4.55000,0.48000,0.00492,0.99508
4.57000,0.48000,0.00636,0.99364
4.59000,0.48000,0.00808,0.99192
4.61000,0.48000,0.00490,0.99510
4.63000,0.48000,0.01412,0.98588
4.65000,0.48000,0.01023,0.98977
4.67000,0.48000,0.08304,0.91696
4.69000,0.48000,0.17490,0.82510
4.71000,0.48000,0.17778,0.82222
4.73000,0.48000,0.18700,0.81300
4.75000,0.48000,0.08051,0.91949
4.77000,0.48000,0.11616,0.88384
4.79000,0.48000,0.04157,0.95843
4.81000,0.48000,0.01174,0.98826
4.83000,0.48000,0.00446,0.99554
4.85000,0.48000,0.01254,0.98746
4.87000,0.48000,0.01071,0.98929
4.89000,0.48000,0.00849,0.99151
4.91000,0.48000,0.00591,0.99409
4.93000,0.48000,0.00556,0.99444
4.95000,0.48000,0.00400,0.99600
4.97000,0.48000,0.00423,0.99577
4.99000,0.48000,0.00258,0.99742
5.01000,0.48000,0.00640,0.99360
5.03000,0.48000,0.00266,0.99734
5.05000,0.48000,0.00417,0.99583
5.07000,0.48000,0.00161,0.99839
5.09000,0.48000,0.00158,0.99842
5.11000,0.48000,0.00435,0.99565
5.13000,0.48000,0.00184,0.99816
5.15000,0.48000,0.00753,0.99247
5.17000,0.48000,0.00950,0.99050
5.19000,0.48000,0.00851,0.99149
5.21000,0.48000,0.03433,0.96567
5.23000,0.48000,0.04107,0.95893
5.25000,0.48000,0.02637,0.97363
5.27000,0.48000,0.03418,0.96582
5.29000,0.48000,0.03303,0.96697
5.31000,0.48000,0.01737,0.98263
5.33000,0.48000,0.02503,0.97497
5.35000,0.48000,0.01302,0.98698
5.37000,0.48000,0.01168,0.98832
5.39000,0.48000,0.00915,0.99085
5.41000,0.48000,0.00858,0.99142
5.43000,0.48000,0.00912,0.99088
5.45000,0.48000,0.00737,0.99263
5.47000,0.48000,0.00750,0.99250
5.49000,0.48000,0.01097,0.98903
5.51000,0.48000,0.00579,0.99421
5.53000,0.48000,0.00763,0.99237
5.55000,0.48000,0.00436,0.99564
5.57000,0.48000,0.00589,0.99411
5.59000,0.48000,0.00190,0.99810
5.61000,0.48000,0.00546,0.99454
5.63000,0.48000,0.00266,0.99734
5.65000,0.48000,0.02065,0.97935
5.67000,0.48000,0.00258,0.99742
5.69000,0.48000,0.01842,0.98158
5.71000,0.48000,0.00199,0.99801
5.73000,0.48000,0.00858,0.99142
5.75000,0.48000,0.00079,0.99921
5.77000,0.48000,0.00495,0.99505
5.79000,0.48000,0.00183,0.99817
5.81000,0.48000,0.00170,0.99830
5.83000,0.48000,0.00226,0.99774
5.85000,0.48000,0.00266,0.99734
5.87000,0.48000,0.00199,0.99801
5.89000,0.48000,0.00273,0.99727
5.91000,0.48000,0.00304,0.99696
5.93000,0.48000,0.00407,0.99593
5.95000,0.48000,0.00252,0.99748
5.97000,0.48000,0.00758,0.99242
5.99000,0.48000,0.00261,0.99739
6.01000,0.48000,0.00706,0.99294
6.03000,0.48000,0.00634,0.99366
6.05000,0.48000,0.00686,0.99314
6.07000,0.48000,0.00392,0.99608
6.09000,0.48000,0.00595,0.99405
6.11000,0.48000,0.00873,0.99127
6.13000,0.48000,0.00846,0.99154
6.15000,0.48000,0.00780,0.99220
6.17000,0.48000,0.01004,0.98996
6.19000,0.48000,0.01999,0.98001
6.21000,0.48000,0.04488,0.95512
6.23000,0.48000,0.01201,0.98799
6.25000,0.48000,0.04629,0.95371
6.27000,0.48000,0.02845,0.97155
6.29000,0.48000,0.01083,0.98917
6.31000,0.48000,0.01316,0.98684
6.33000,0.48000,0.00822,0.99178
6.35000,0.48000,0.01926,0.98074
6.37000,0.48000,0.00541,0.99459
6.39000,0.48000,0.00557,0.99443
6.41000,0.48000,0.00414,0.99586
6.43000,0.48000,0.00845,0.99155
6.45000,0.48000,0.00325,0.99675
6.47000,0.48000,0.01726,0.98274
6.49000,0.48000,0.05120,0.94880
6.51000,0.48000,0.10608,0.89392
6.53000,0.48000,0.02922,0.97078
6.55000,0.48000,0.01712,0.98288
6.57000,0.48000,0.05268,0.94732
6.59000,0.48000,0.03964,0.96036
6.61000,0.48000,0.01744,0.98256
6.63000,0.48000,0.00924,0.99076
6.65000,0.48000,0.00426,0.99574
6.67000,0.48000,0.00260,0.99740
6.69000,0.48000,0.00294,0.99706
6.71000,0.48000,0.00268,0.99732
6.73000,0.48000,0.00507,0.99493
6.75000,0.48000,0.00374,0.99626
6.77000,0.48000,0.00416,0.99584
6.79000,0.48000,0.00176,0.99824
6.81000,0.48000,0.00305,0.99695
6.83000,0.48000,0.00291,0.99709
6.85000,0.48000,0.00548,0.99452
6.87000,0.48000,0.00424,0.99576
6.89000,0.48000,0.00499,0.99501
6.91000,0.48000,0.00161,0.99839
6.93000,0.48000,0.00925,0.99075
6.95000,0.48000,0.00331,0.99669
6.97000,0.48000,0.00243,0.99757
6.99000,0.48000,0.00207,0.99793
7.01000,0.48000,0.00358,0.99642
7.03000,0.48000,0.00322,0.99678
7.05000,0.48000,0.00181,0.99819
7.07000,0.48000,0.00707,0.99293
7.09000,0.48000,0.00643,0.99357
7.11000,0.48000,0.00360,0.99640
7.13000,0.48000,0.01539,0.98461
7.15000,0.48000,0.00432,0.99568
7.17000,0.48000,0.00503,0.99497
7.19000,0.48000,0.00162,0.99838
7.21000,0.48000,0.00404,0.99596
7.23000,0.48000,0.00204,0.99796
7.25000,0.48000,0.00394,0.99606
7.27000,0.48000,0.00200,0.99800
7.29000,0.48000,0.00503,0.99497
7.31000,0.48000,0.00118,0.99882
7.33000,0.48000,0.00374,0.99626
7.35000,0.48000,0.00080,0.99920
7.37000,0.48000,0.00300,0.99700
7.39000,0.48000,0.00233,0.99767
7.41000,0.48000,0.00286,0.99714
7.43000,0.48000,0.00167,0.99833
7.45000,0.48000,0.00340,0.99660
7.47000,0.48000,0.00200,0.99800
7.49000,0.48000,0.00210,0.99790
7.51000,0.48000,0.00123,0.99877
7.53000,0.48000,0.00437,0.99563
7.55000,0.48000,0.00142,0.99858
7.57000,0.48000,0.00279,0.99721
7.59000,0.48000,0.00145,0.99855
7.61000,0.48000,0.00297,0.99703
7.63000,0.48000,0.00661,0.99339
7.65000,0.48000,0.00297,0.99703
7.67000,0.48000,0.00539,0.99461
7.69000,0.48000,0.00107,0.99893
7.71000,0.48000,0.00193,0.99807
7.73000,0.48000,0.00043,0.99957
7.75000,0.48000,0.00068,0.99932
7.77000,0.48000,0.00027,0.99973
7.79000,0.48000,0.00094,0.99906
7.81000,0.48000,0.00023,0.99977
7.83000,0.48000,0.00079,0.99921
7.85000,0.48000,0.00051,0.99949
7.87000,0.48000,0.00502,0.99498
7.89000,0.48000,0.00165,0.99835
7.91000,0.48000,0.01017,0.98983
7.93000,0.48000,0.00454,0.99546
7.95000,0.48000,0.02186,0.97814
7.97000,0.48000,0.00722,0.99278
7.99000,0.48000,0.15630,0.84370
8.01000,0.48000,0.02212,0.97788
8.03000,0.48000,0.19042,0.80958
8.05000,0.48000,0.03877,0.96123
8.07000,0.48000,0.29186,0.70814
8.09000,0.48000,0.11810,0.88190
8.11000,0.48000,0.39006,0.60994
8.13000,0.48000,0.12733,0.87267
8.15000,0.48000,0.54040,0.45960
8.17000,0.48000,0.26953,0.73047
8.19000,0.48000,0.39918,0.60082
8.21000,0.48000,0.96093,0.03907
8.23000,0.48000,0.98561,0.01439
8.25000,0.48000,0.99188,0.00812
8.27000,0.48000,0.99124,0.00876
8.29000,0.48000,0.98627,0.01373
8.31000,0.48000,0.99054,0.00946
8.33000,0.48000,0.99348,0.00652
8.35000,0.48000,0.99124,0.00876
8.37000,0.48000,0.98184,0.01816
8.39000,0.48000,0.98560,0.01440
8.41000,0.48000,0.99088,0.00912
8.43000,0.48000,0.98064,0.01936
8.45000,0.48000,0.97975,0.02025
8.47000,0.48000,0.99017,0.00983
8.49000,0.48000,0.99106,0.00894
8.51000,0.48000,0.99456,0.00544
8.53000,0.48000,0.99259,0.00741
8.55000,0.48000,0.99300,0.00700
8.57000,0.48000,0.99252,0.00748
8.59000,0.48000,0.99296,0.00704
8.61000,0.48000,0.99615,0.00385
8.63000,0.48000,0.99733,0.00267
8.65000,0.48000,0.99704,0.00296
8.67000,0.48000,0.99760,0.00240
8.69000,0.48000,0.99438,0.00562
8.71000,0.48000,0.99626,0.00374
8.73000,0.48000,0.99535,0.00465
8.75000,0.48000,0.99865,0.00135
8.77000,0.48000,0.99622,0.00378
8.79000,0.48000,0.99477,0.00523
8.81000,0.48000,0.99737,0.00263
8.83000,0.48000,0.99740,0.00260
8.85000,0.48000,0.99863,0.00137
8.87000,0.48000,0.99652,0.00348
8.89000,0.48000,0.99800,0.00200
8.91000,0.48000,0.99868,0.00132
8.93000,0.48000,0.99737,0.00263
8.95000,0.48000,0.99765,0.00235
8.97000,0.48000,0.99613,0.00387
8.99000,0.48000,0.99793,0.00207
9.01000,0.48000,0.99472,0.00528
9.03000,0.48000,0.99472,0.00528
9.05000,0.48000,0.99761,0.00239
9.07000,0.48000,0.98783,0.01217
9.09000,0.48000,0.99485,0.00515
9.11000,0.48000,0.98927,0.01073
9.13000,0.48000,0.99358,0.00642
9.15000,0.48000,0.99251,0.00749
9.17000,0.48000,0.99124,0.00876
9.19000,0.48000,0.99421,0.00579
9.21000,0.48000,0.97079,0.02921
9.23000,0.48000,0.98821,0.01179
9.25000,0.48000,0.97441,0.02559
9.27000,0.48000,0.98738,0.01262
9.29000,0.48000,0.97619,0.02381
9.31000,0.48000,0.97769,0.02231
9.33000,0.48000,0.98958,0.01042
9.35000,0.48000,0.98112,0.01888
9.37000,0.48000,0.96358,0.03642
9.39000,0.48000,0.98656,0.01344
9.41000,0.48000,0.98557,0.01443
9.43000,0.48000,0.99185,0.00815
9.45000,0.48000,0.98123,0.01877
9.47000,0.48000,0.99170,0.00830
9.49000,0.48000,0.98725,0.01275
9.51000,0.48000,0.99226,0.00774
9.53000,0.48000,0.98809,0.01191
9.55000,0.48000,0.98848,0.01152
9.57000,0.48000,0.99638,0.00362
9.59000,0.48000,0.99010,0.00990
9.61000,0.48000,0.99033,0.00967
9.63000,0.48000,0.99283,0.00717
9.65000,0.48000,0.99293,0.00707
9.67000,0.48000,0.99293,0.00707
9.69000,0.48000,0.98887,0.01113
9.71000,0.48000,0.99399,0.00601
9.73000,0.48000,0.99409,0.00591
9.75000,0.48000,0.99737,0.00263
9.77000,0.48000,0.99355,0.00645
9.79000,0.48000,0.99294,0.00706
9.81000,0.48000,0.99791,0.00209
9.83000,0.48000,0.99741,0.00259
9.85000,0.48000,0.99736,0.00264
9.87000,0.48000,0.99773,0.00227
9.89000,0.48000,0.99509,0.00491
9.91000,0.48000,0.99501,0.00499
9.93000,0.48000,0.99263,0.00737
9.95000,0.48000,0.98497,0.01503
9.97000,0.48000,0.99242,0.00758
9.99000,0.48000,0.97725,0.02275
10.01000,0.48000,0.99115,0.00885
10.03000,0.48000,0.98837,0.01163
10.05000,0.48000,0.99053,0.00947
10.07000,0.48000,0.98107,0.01893
10.09000,0.48000,0.98705,0.01295
10.11000,0.48000,0.98101,0.01899
10.13000,0.48000,0.98607,0.01393
10.15000,0.48000,0.98129,0.01871
10.17000,0.48000,0.98517,0.01483
10.19000,0.48000,0.96224,0.03776
10.21000,0.48000,0.97277,0.02723
10.23000,0.48000,0.97081,0.02919
10.25000,0.48000,0.98680,0.01320
10.27000,0.48000,0.98180,0.01820
10.29000,0.48000,0.98436,0.01564
10.31000,0.48000,0.98296,0.01704
10.33000,0.48000,0.95361,0.04639
10.35000,0.48000,0.94025,0.05975
10.37000,0.48000,0.96116,0.03884
10.39000,0.48000,0.97613,0.02387
10.41000,0.48000,0.98147,0.01853
10.43000,0.48000,0.98118,0.01882
10.45000,0.48000,0.99353,0.00647
10.47000,0.48000,0.99226,0.00774
10.49000,0.48000,0.99144,0.00856
10.51000,0.48000,0.99316,0.00684
10.53000,0.48000,0.99150,0.00850
10.55000,0.48000,0.99497,0.00503
10.57000,0.48000,0.99334,0.00666
10.59000,0.48000,0.99250,0.00750
10.61000,0.48000,0.99195,0.00805
10.63000,0.48000,0.99389,0.00611
10.65000,0.48000,0.99319,0.00681
10.67000,0.48000,0.98970,0.01030
10.69000,0.48000,0.99725,0.00275
10.71000,0.48000,0.99467,0.00533
10.73000,0.48000,0.99384,0.00616
10.75000,0.48000,0.99201,0.00799
10.77000,0.48000,0.99053,0.00947
10.79000,0.48000,0.98860,0.01140
10.81000,0.48000,0.98671,0.01329
10.83000,0.48000,0.99660,0.00340
10.85000,0.48000,0.99456,0.00544
10.87000,0.48000,0.99671,0.00329
10.89000,0.48000,0.98823,0.01177
10.91000,0.48000,0.97747,0.02253
10.93000,0.48000,0.92641,0.07359
10.95000,0.48000,0.81277,0.18723
10.97000,0.48000,0.89587,0.10413
10.99000,0.48000,0.84314,0.15686
11.01000,0.48000,0.87322,0.12678
11.03000,0.48000,0.87671,0.12329
11.05000,0.48000,0.85130,0.14870
11.07000,0.48000,0.57996,0.42004
11.09000,0.48000,0.82743,0.17257
11.11000,0.48000,0.46771,0.53229
11.13000,0.48000,0.64686,0.35314
11.15000,0.48000,0.35148,0.64852
11.17000,0.48000,0.50476,0.49524
11.19000,0.48000,0.21697,0.78303
11.21000,0.48000,0.42221,0.57779
11.23000,0.48000,0.18124,0.81876
11.25000,0.48000,0.55767,0.44233
11.27000,0.48000,0.07750,0.92250
11.29000,0.48000,0.07608,0.92392
11.31000,0.48000,0.02721,0.97279
11.33000,0.48000,0.03225,0.96775
11.35000,0.48000,0.00676,0.99324
11.37000,0.48000,0.00470,0.99530
11.39000,0.48000,0.01296,0.98704
11.41000,0.48000,0.00574,0.99426
11.43000,0.48000,0.00438,0.99562
11.45000,0.48000,0.00378,0.99622
11.47000,0.48000,0.00749,0.99251
11.49000,0.48000,0.00390,0.99610
11.51000,0.48000,0.01053,0.98947
11.53000,0.48000,0.00684,0.99316
11.55000,0.48000,0.01373,0.98627
11.57000,0.48000,0.00435,0.99565
11.59000,0.48000,0.00523,0.99477
11.61000,0.48000,0.00565,0.99435
11.63000,0.48000,0.01287,0.98713
11.65000,0.48000,0.00521,0.99479
11.67000,0.48000,0.01302,0.98698
11.69000,0.48000,0.00642,0.99358
11.71000,0.48000,0.00823,0.99177
11.73000,0.48000,0.00287,0.99713
11.75000,0.48000,0.00784,0.99216
11.77000,0.48000,0.00295,0.99705
11.79000,0.48000,0.00794,0.99206
11.81000,0.48000,0.00471,0.99529
11.83000,0.48000,0.00978,0.99022
11.85000,0.48000,0.00412,0.99588
11.87000,0.48000,0.01148,0.98852
11.89000,0.48000,0.00473,0.99527
11.91000,0.48000,0.00892,0.99108
11.93000,0.48000,0.00513,0.99487
11.95000,0.48000,0.01142,0.98858
11.97000,0.48000,0.00418,0.99583
11.99000,0.48000,0.00801,0.99199
12.01000,0.48000,0.00586,0.99414
12.03000,0.48000,0.01097,0.98903
12.05000,0.48000,0.00594,0.99406
12.07000,0.48000,0.00879,0.99121
12.09000,0.48000,0.00528,0.99472
12.11000,0.48000,0.00527,0.99473
12.13000,0.48000,0.00520,0.99480
12.15000,0.48000,0.00391,0.99609
12.17000,0.48000,0.00302,0.99698
12.19000,0.48000,0.00227,0.99773
12.21000,0.48000,0.00252,0.99748
12.23000,0.48000,0.00218,0.99782
12.25000,0.48000,0.00212,0.99788
12.27000,0.48000,0.00319,0.99681
12.29000,0.48000,0.00107,0.99893
12.31000,0.48000,0.00165,0.99835
12.33000,0.48000,0.00100,0.99900
12.35000,0.48000,0.00274,0.99726
12.37000,0.48000,0.00094,0.99906
12.39000,0.48000,0.00449,0.99551
12.41000,0.48000,0.00165,0.99835
12.43000,0.48000,0.00482,0.99518
12.45000,0.48000,0.00129,0.99871
12.47000,0.48000,0.00561,0.99439
12.49000,0.48000,0.00153,0.99847
12.51000,0.48000,0.00472,0.99528
12.53000,0.48000,0.00217,0.99783
12.55000,0.48000,0.00390,0.99610
12.57000,0.48000,0.00251,0.99749
12.59000,0.48000,0.00435,0.99565
12.61000,0.48000,0.00179,0.99821
12.63000,0.48000,0.00644,0.99356
12.65000,0.48000,0.00264,0.99736
12.67000,0.48000,0.00392,0.99608
12.69000,0.48000,0.00469,0.99531
12.71000,0.48000,0.00346,0.99654
12.73000,0.48000,0.00436,0.99564
12.75000,0.48000,0.00240,0.99760
12.77000,0.48000,0.00444,0.99556
12.79000,0.48000,0.00279,0.99721
12.81000,0.48000,0.00655,0.99345
12.83000,0.48000,0.00336,0.99664
12.85000,0.48000,0.00418,0.99582
12.87000,0.48000,0.00843,0.99157
12.89000,0.48000,0.00349,0.99651
12.91000,0.48000,0.00548,0.99452
12.93000,0.48000,0.00267,0.99733
12.95000,0.48000,0.00316,0.99684
12.97000,0.48000,0.00459,0.99541
12.99000,0.48000,0.00239,0.99761
13.01000,0.48000,0.00560,0.99440
13.03000,0.48000,0.00775,0.99225
13.05000,0.48000,0.01056,0.98944
13.07000,0.48000,0.01496,0.98504
13.09000,0.48000,0.01064,0.98936
13.11000,0.48000,0.01490,0.98510
13.13000,0.48000,0.01166,0.98834
13.15000,0.48000,0.04279,0.95721
13.17000,0.48000,0.01156,0.98844
13.19000,0.48000,0.04953,0.95047
13.21000,0.48000,0.01803,0.98197
13.23000,0.48000,0.38793,0.61207
13.25000,0.48000,0.08880,0.91120
13.27000,0.48000,0.18594,0.81406
13.29000,0.48000,0.04028,0.95972
13.31000,0.48000,0.03941,0.96059
13.33000,0.48000,0.00951,0.99049
13.35000,0.48000,0.02700,0.97300
13.37000,0.48000,0.00766,0.99234
13.39000,0.48000,0.01531,0.98469
13.41000,0.48000,0.00951,0.99049
13.43000,0.48000,0.00958,0.99042
13.45000,0.48000,0.00851,0.99149
13.47000,0.48000,0.01642,0.98358
13.49000,0.48000,0.00690,0.99310
13.51000,0.48000,0.01546,0.98454
13.53000,0.48000,0.06176,0.93824
13.55000,0.48000,0.01044,0.98956
13.57000,0.48000,0.04527,0.95473
13.59000,0.48000,0.01230,0.98770
13.61000,0.48000,0.02277,0.97723
13.63000,0.48000,0.01051,0.98949
13.65000,0.48000,0.01279,0.98721
13.67000,0.48000,0.00504,0.99496
13.69000,0.48000,0.01137,0.98863
13.71000,0.48000,0.01602,0.98398
13.73000,0.48000,0.01605,0.98395
13.75000,0.48000,0.01360,0.98640
13.77000,0.48000,0.01221,0.98779
13.79000,0.48000,0.01167,0.98833
13.81000,0.48000,0.01064,0.98936
13.83000,0.48000,0.02607,0.97393
13.85000,0.48000,0.01324,0.98676
13.87000,0.48000,0.00513,0.99487
13.89000,0.48000,0.01004,0.98996
13.91000,0.48000,0.00287,0.99713
13.93000,0.48000,0.00425,0.99575
13.95000,0.48000,0.00196,0.99804
13.97000,0.48000,0.00379,0.99621
13.99000,0.48000,0.00440,0.99560
14.01000,0.48000,0.00629,0.99371
14.03000,0.48000,0.00354,0.99646
14.05000,0.48000,0.01853,0.98147
14.07000,0.48000,0.01115,0.98885
14.09000,0.48000,0.05085,0.94915
14.11000,0.48000,0.02991,0.97009
14.13000,0.48000,0.15355,0.84645
14.15000,0.48000,0.14219,0.85781
14.17000,0.48000,0.12556,0.87444
14.19000,0.48000,0.17434,0.82566
14.21000,0.48000,0.30210,0.69790
14.23000,0.48000,0.12912,0.87088
14.25000,0.48000,0.31581,0.68419
14.27000,0.48000,0.24547,0.75453
14.29000,0.48000,0.40762,0.59238
14.31000,0.48000,0.73011,0.26989
14.33000,0.48000,0.59864,0.40136
14.35000,0.48000,0.90112,0.09888
14.37000,0.48000,0.83174,0.16826
14.39000,0.48000,0.93081,0.06919
14.41000,0.48000,0.91035,0.08965
14.43000,0.48000,0.93465,0.06535
14.45000,0.48000,0.97580,0.02420
14.47000,0.48000,0.98443,0.01557
14.49000,0.48000,0.98652,0.01348
14.51000,0.48000,0.94283,0.05717
14.53000,0.48000,0.78911,0.21089
14.55000,0.48000,0.89628,0.10372
14.57000,0.48000,0.76440,0.23560
14.59000,0.48000,0.73619,0.26381
14.61000,0.48000,0.63453,0.36547
14.63000,0.48000,0.77351,0.22649
14.65000,0.48000,0.66126,0.33874
14.67000,0.48000,0.53129,0.46871
14.69000,0.48000,0.26527,0.73473
14.71000,0.48000,0.22112,0.77888
14.73000,0.48000,0.30984,0.69016
14.75000,0.48000,0.20270,0.79730
14.77000,0.48000,0.16456,0.83544
14.79000,0.48000,0.09915,0.90085
14.81000,0.48000,0.17043,0.82957
14.83000,0.48000,0.09665,0.90335
14.85000,0.48000,0.04359,0.95641
14.87000,0.48000,0.03430,0.96570
14.89000,0.48000,0.02577,0.97423
14.91000,0.48000,0.00435,0.99565
14.93000,0.48000,0.01037,0.98963
14.95000,0.48000,0.00226,0.99774
14.97000,0.48000,0.00604,0.99396
14.99000,0.48000,0.00374,0.99626
15.01000,0.48000,0.00380,0.99620
15.03000,0.48000,0.00335,0.99665
15.05000,0.48000,0.00301,0.99699
15.07000,0.48000,0.00271,0.99729
15.09000,0.48000,0.00346,0.99654
15.11000,0.48000,0.00525,0.99475
15.13000,0.48000,0.00567,0.99433
15.15000,0.48000,0.00662,0.99338
15.17000,0.48000,0.00397,0.99603
15.19000,0.48000,0.00693,0.99307
15.21000,0.48000,0.00410,0.99590
15.23000,0.48000,0.00453,0.99547
15.25000,0.48000,0.00531,0.99469
15.27000,0.48000,0.00775,0.99225
15.29000,0.48000,0.00594,0.99406
15.31000,0.48000,0.00808,0.99192
15.33000,0.48000,0.00563,0.99437
15.35000,0.48000,0.00764,0.99236
15.37000,0.48000,0.00657,0.99343
15.39000,0.48000,0.00573,0.99427
15.41000,0.48000,0.00408,0.99592
15.43000,0.48000,0.00511,0.99489
15.45000,0.48000,0.00357,0.99643
15.47000,0.48000,0.00339,0.99661
15.49000,0.48000,0.00298,0.99702
15.51000,0.48000,0.00482,0.99518
15.53000,0.48000,0.00299,0.99701
15.55000,0.48000,0.00419,0.99581
15.57000,0.48000,0.00422,0.99578
15.59000,0.48000,0.00488,0.99512
15.61000,0.48000,0.00226,0.99774
15.63000,0.48000,0.00391,0.99609
15.65000,0.48000,0.00256,0.99744
15.67000,0.48000,0.00273,0.99727
15.69000,0.48000,0.00380,0.99620
15.71000,0.48000,0.00704,0.99296
15.73000,0.48000,0.00656,0.99344
15.75000,0.48000,0.00697,0.99303
15.77000,0.48000,0.00490,0.99510
15.79000,0.48000,0.00926,0.99074
15.81000,0.48000,0.00551,0.99449
15.83000,0.48000,0.00613,0.99387
15.85000,0.48000,0.00505,0.99495
15.87000,0.48000,0.00509,0.99491
15.89000,0.48000,0.00418,0.99582
15.91000,0.48000,0.00997,0.99003
15.93000,0.48000,0.00432,0.99568
15.95000,0.48000,0.00772,0.99228
15.97000,0.48000,0.00321,0.99679
15.99000,0.48000,0.00390,0.99610
16.01000,0.48000,0.00465,0.99535
16.03000,0.48000,0.00468,0.99532
16.05000,0.48000,0.00320,0.99680
16.07000,0.48000,0.00368,0.99632
16.09000,0.48000,0.00605,0.99395
16.11000,0.48000,0.00388,0.99612
16.13000,0.48000,0.00386,0.99614
16.15000,0.48000,0.00449,0.99551
16.17000,0.48000,0.00198,0.99802
16.19000,0.48000,0.00557,0.99443
16.21000,0.48000,0.00229,0.99771
16.23000,0.48000,0.00256,0.99744
16.25000,0.48000,0.00099,0.99901
16.27000,0.48000,0.00311,0.99689
16.29000,0.48000,0.00041,0.99959
16.31000,0.48000,0.00077,0.99923
16.33000,0.48000,0.00028,0.99972
16.35000,0.48000,0.00111,0.99889
16.37000,0.48000,0.00052,0.99948
16.39000,0.48000,0.00101,0.99899
16.41000,0.48000,0.00074,0.99926
16.43000,0.48000,0.00154,0.99846
16.45000,0.48000,0.00065,0.99935
16.47000,0.48000,0.00154,0.99846
16.49000,0.48000,0.00137,0.99863
16.51000,0.48000,0.00099,0.99901
16.53000,0.48000,0.00054,0.99946
16.55000,0.48000,0.00059,0.99941
16.57000,0.48000,0.00243,0.99757
16.59000,0.48000,0.00077,0.99923
16.61000,0.48000,0.00108,0.99892
16.63000,0.48000,0.00096,0.99904
16.65000,0.48000,0.00196,0.99804
16.67000,0.48000,0.00052,0.99948
16.69000,0.48000,0.00063,0.99937
16.71000,0.48000,0.00086,0.99914
16.73000,0.48000,0.00067,0.99933
16.75000,0.48000,0.00076,0.99924
16.77000,0.48000,0.00044,0.99956
16.79000,0.48000,0.00081,0.99919
16.81000,0.48000,0.00028,0.99972
16.83000,0.48000,0.00089,0.99911
16.85000,0.48000,0.00076,0.99924
16.87000,0.48000,0.00158,0.99842
16.89000,0.48000,0.00086,0.99914
16.91000,0.48000,0.00165,0.99835
16.93000,0.48000,0.00125,0.99875
16.95000,0.48000,0.00256,0.99744
16.97000,0.48000,0.00189,0.99811
16.99000,0.48000,0.00270,0.99730
17.01000,0.48000,0.00169,0.99831
17.03000,0.48000,0.00281,0.99719
17.05000,0.48000,0.00269,0.99731
17.07000,0.48000,0.00444,0.99556
17.09000,0.48000,0.00578,0.99422
17.11000,0.48000,0.00713,0.99287
17.13000,0.48000,0.00180,0.99820
17.15000,0.48000,0.00375,0.99625
17.17000,0.48000,0.00116,0.99884
17.19000,0.48000,0.00459,0.99541
17.21000,0.48000,0.00046,0.99954
17.23000,0.48000,0.00368,0.99632
17.25000,0.48000,0.00033,0.99967
17.27000,0.48000,0.00279,0.99721
17.29000,0.48000,0.00015,0.99985
17.31000,0.48000,0.00165,0.99835
17.33000,0.48000,0.00033,0.99967
17.35000,0.48000,0.00288,0.99712
17.37000,0.48000,0.00050,0.99950
17.39000,0.48000,0.00228,0.99772
17.41000,0.48000,0.00042,0.99958
17.43000,0.48000,0.00318,0.99682
17.45000,0.48000,0.00070,0.99930
17.47000,0.48000,0.00244,0.99756
17.49000,0.48000,0.00083,0.99917
17.51000,0.48000,0.00149,0.99851
17.53000,0.48000,0.00140,0.99860
17.55000,0.48000,0.00050,0.99950
17.57000,0.48000,0.00221,0.99779
17.59000,0.48000,0.00105,0.99895
17.61000,0.48000,0.00258,0.99742
17.63000,0.48000,0.00113,0.99887
17.65000,0.48000,0.00244,0.99756
17.67000,0.48000,0.00157,0.99843
17.69000,0.48000,0.00349,0.99651
17.71000,0.48000,0.00067,0.99933
17.73000,0.48000,0.00285,0.99715
17.75000,0.48000,0.00063,0.99937
17.77000,0.48000,0.00445,0.99555
17.79000,0.48000,0.00028,0.99972
17.81000,0.48000,0.00387,0.99613
17.83000,0.48000,0.00023,0.99977
17.85000,0.48000,0.00212,0.99788
17.87000,0.48000,0.00041,0.99959
17.89000,0.48000,0.00206,0.99794
17.91000,0.48000,0.00106,0.99894
17.93000,0.48000,0.00087,0.99913
17.95000,0.48000,0.00103,0.99897
17.97000,0.48000,0.00051,0.99949
17.99000,0.48000,0.00173,0.99827
18.01000,0.48000,0.00114,0.99886
18.03000,0.48000,0.00101,0.99899
18.05000,0.48000,0.00045,0.99955
18.07000,0.48000,0.00084,0.99916
18.09000,0.48000,0.00127,0.99873
18.11000,0.48000,0.00050,0.99950
18.13000,0.48000,0.00077,0.99923
18.15000,0.48000,0.00168,0.99832
18.17000,0.48000,0.00122,0.99878
18.19000,0.48000,0.00385,0.99615
18.21000,0.48000,0.00136,0.99864
18.23000,0.48000,0.00673,0.99327
18.25000,0.48000,0.00142,0.99858
18.27000,0.48000,0.00437,0.99563
18.29000,0.48000,0.00145,0.99855
18.31000,0.48000,0.00823,0.99177
18.33000,0.48000,0.00216,0.99784
18.35000,0.48000,0.00481,0.99519
18.37000,0.48000,0.00451,0.99549
18.39000,0.48000,0.00559,0.99441
18.41000,0.48000,0.00642,0.99358
18.43000,0.48000,0.00571,0.99429
18.45000,0.48000,0.00714,0.99286
18.47000,0.48000,0.00653,0.99347
18.49000,0.48000,0.00536,0.99464
18.51000,0.48000,0.00820,0.99180
18.53000,0.48000,0.00360,0.99640
18.55000,0.48000,0.01420,0.98580
18.57000,0.48000,0.01304,0.98696
18.59000,0.48000,0.01879,0.98121
18.61000,0.48000,0.01781,0.98219
18.63000,0.48000,0.02062,0.97938
18.65000,0.48000,0.00640,0.99360
18.67000,0.48000,0.01077,0.98923
18.69000,0.48000,0.00864,0.99136
18.71000,0.48000,0.00404,0.99596
18.73000,0.48000,0.00738,0.99262
18.75000,0.48000,0.00527,0.99473
18.77000,0.48000,0.00457,0.99543
18.79000,0.48000,0.00374,0.99626
18.81000,0.48000,0.00233,0.99767
18.83000,0.48000,0.00881,0.99119
18.85000,0.48000,0.00327,0.99673
18.87000,0.48000,0.02985,0.97015
18.89000,0.48000,0.00521,0.99479
18.91000,0.48000,0.00722,0.99278
18.93000,0.48000,0.00382,0.99618
18.95000,0.48000,0.00630,0.99370
18.97000,0.48000,0.00411,0.99589
18.99000,0.48000,0.02064,0.97936
19.01000,0.48000,0.02910,0.97090
19.03000,0.48000,0.02307,0.97693
19.05000,0.48000,0.07094,0.92906
19.07000,0.48000,0.11899,0.88101
19.09000,0.48000,0.06472,0.93528
19.11000,0.48000,0.14646,0.85354
19.13000,0.48000,0.07675,0.92325
19.15000,0.48000,0.21381,0.78619
19.17000,0.48000,0.04964,0.95036
19.19000,0.48000,0.19733,0.80267
19.21000,0.48000,0.10617,0.89383
19.23000,0.48000,0.16511,0.83489
19.25000,0.48000,0.31694,0.68306
19.27000,0.48000,0.54166,0.45834
19.29000,0.48000,0.43019,0.56981
19.31000,0.48000,0.54610,0.45390
19.33000,0.48000,0.63324,0.36676
19.35000,0.48000,0.94559,0.05441
19.37000,0.48000,0.91348,0.08652
19.39000,0.48000,0.95410,0.04590
19.41000,0.48000,0.94052,0.05948
19.43000,0.48000,0.96964,0.03036
19.45000,0.48000,0.90692,0.09308
19.47000,0.48000,0.97440,0.02560
19.49000,0.48000,0.96267,0.03733
19.51000,0.48000,0.98316,0.01684
19.53000,0.48000,0.96996,0.03004
19.55000,0.48000,0.98427,0.01573
19.57000,0.48000,0.97109,0.02891
19.59000,0.48000,0.97414,0.02586
19.61000,0.48000,0.94717,0.05283
19.63000,0.48000,0.95170,0.04830
19.65000,0.48000,0.98763,0.01237
19.67000,0.48000,0.98847,0.01153
19.69000,0.48000,0.98443,0.01557
19.71000,0.48000,0.99015,0.00984
19.73000,0.48000,0.97661,0.02339
19.75000,0.48000,0.98645,0.01355
19.77000,0.48000,0.98467,0.01533
19.79000,0.48000,0.99254,0.00746
19.81000,0.48000,0.99152,0.00848
19.83000,0.48000,0.99416,0.00584
19.85000,0.48000,0.99459,0.00541
19.87000,0.48000,0.99052,0.00948
19.89000,0.48000,0.99589,0.00411
19.91000,0.48000,0.99458,0.00542
19.93000,0.48000,0.99604,0.00396
19.95000,0.48000,0.98923,0.01077
19.97000,0.48000,0.99453,0.00547
19.99000,0.48000,0.99455,0.00545
20.01000,0.48000,0.99162,0.00838
20.03000,0.48000,0.99427,0.00573
20.05000,0.48000,0.99681,0.00319
20.07000,0.48000,0.99659,0.00341
20.09000,0.48000,0.99519,0.00481
20.11000,0.48000,0.99665,0.00335
20.13000,0.48000,0.99781,0.00219
20.15000,0.48000,0.99764,0.00236
20.17000,0.48000,0.99734,0.00266
20.19000,0.48000,0.99754,0.00246
20.21000,0.48000,0.99841,0.00159
20.23000,0.48000,0.99784,0.00216
20.25000,0.48000,0.99833,0.00167
20.27000,0.48000,0.99815,0.00185
20.29000,0.48000,0.99809,0.00191
20.31000,0.48000,0.99893,0.00107
20.33000,0.48000,0.99871,0.00129
20.35000,0.48000,0.99872,0.00128
20.37000,0.48000,0.99876,0.00124
20.39000,0.48000,0.99903,0.00097
20.41000,0.48000,0.99909,0.00091
20.43000,0.48000,0.99884,0.00116
20.45000,0.48000,0.99870,0.00130
20.47000,0.48000,0.99908,0.00092
20.49000,0.48000,0.99897,0.00103
20.51000,0.48000,0.99837,0.00163
20.53000,0.48000,0.99780,0.00220
20.55000,0.48000,0.99757,0.00243
20.57000,0.48000,0.99635,0.00365
20.59000,0.48000,0.99580,0.00420
20.61000,0.48000,0.99409,0.00591
20.63000,0.48000,0.99703,0.00297
20.65000,0.48000,0.99571,0.00429
20.67000,0.48000,0.99368,0.00632
20.69000,0.48000,0.99565,0.00435
20.71000,0.48000,0.99322,0.00678
20.73000,0.48000,0.99489,0.00511
20.75000,0.48000,0.99244,0.00756
20.77000,0.48000,0.99507,0.00493
20.79000,0.48000,0.99599,0.00401
20.81000,0.48000,0.98866,0.01134
20.83000,0.48000,0.98943,0.01057
20.85000,0.48000,0.98720,0.01280
20.87000,0.48000,0.98984,0.01016
20.89000,0.48000,0.98215,0.01785
20.91000,0.48000,0.98293,0.01707
20.93000,0.48000,0.99043,0.00957
20.95000,0.48000,0.98463,0.01537
20.97000,0.48000,0.98892,0.01108
20.99000,0.48000,0.98789,0.01211
21.01000,0.48000,0.99415,0.00585
21.03000,0.48000,0.99016,0.00984
21.05000,0.48000,0.99605,0.00395
21.07000,0.48000,0.99540,0.00460
21.09000,0.48000,0.99422,0.00578
21.11000,0.48000,0.99669,0.00331
21.13000,0.48000,0.95431,0.04569
21.15000,0.48000,0.97863,0.02137
21.17000,0.48000,0.95937,0.04063
21.19000,0.48000,0.80470,0.19530
21.21000,0.48000,0.85749,0.14251
21.23000,0.48000,0.83482,0.16518
21.25000,0.48000,0.81363,0.18637
21.27000,0.48000,0.31510,0.68490
21.29000,0.48000,0.74234,0.25766
21.31000,0.48000,0.48549,0.51451
21.33000,0.48000,0.50709,0.49291
21.35000,0.48000,0.11471,0.88529
21.37000,0.48000,0.32902,0.67098
21.39000,0.48000,0.52179,0.47821
21.41000,0.48000,0.22920,0.77080
21.43000,0.48000,0.10594,0.89406
21.45000,0.48000,0.19237,0.80763
21.47000,0.48000,0.32252,0.67748
21.49000,0.48000,0.25966,0.74034
21.51000,0.48000,0.04324,0.95676
21.53000,0.48000,0.09459,0.90541
21.55000,0.48000,0.30973,0.69027
21.57000,0.48000,0.23475,0.76525
21.59000,0.48000,0.43943,0.56057
21.61000,0.48000,0.25872,0.74128
21.63000,0.48000,0.42562,0.57438
21.65000,0.48000,0.34049,0.65951
21.67000,0.48000,0.23748,0.76252
21.69000,0.48000,0.05341,0.94659
21.71000,0.48000,0.38944,0.61056
21.73000,0.48000,0.22360,0.77640
21.75000,0.48000,0.64641,0.35359
21.77000,0.48000,0.47770,0.52230
21.79000,0.48000,0.95978,0.04022
21.81000,0.48000,0.98844,0.01156
21.83000,0.48000,0.95465,0.04535
21.85000,0.48000,0.90345,0.09655
21.87000,0.48000,0.93773,0.06227
21.89000,0.48000,0.96091,0.03909
21.91000,0.48000,0.87729,0.12271
21.93000,0.48000,0.40269,0.59731
21.95000,0.48000,0.71862,0.28138
21.97000,0.48000,0.12148,0.87852
21.99000,0.48000,0.39048,0.60952
22.01000,0.48000,0.04689,0.95311
22.03000,0.48000,0.11636,0.88364
22.05000,0.48000,0.02219,0.97781
22.07000,0.48000,0.00160,0.99840
22.09000,0.48000,0.00080,0.99920
22.11000,0.48000,0.00080,0.99920
22.13000,0.48000,0.00012,0.99988
22.15000,0.48000,0.00003,0.99997
22.17000,0.48000,0.00001,0.99999
22.19000,0.48000,0.00001,0.99999
22.21000,0.48000,0.00001,0.99999
22.23000,0.48000,0.00000,1.00000
22.25000,0.48000,0.00001,0.99999
22.27000,0.48000,0.00000,1.00000
22.29000,0.48000,0.00002,0.99998
22.31000,0.48000,0.00000,1.00000
22.33000,0.48000,0.00003,0.99997
22.35000,0.48000,0.00000,1.00000
22.37000,0.48000,0.00002,0.99998
22.39000,0.48000,0.00002,0.99998
22.41000,0.48000,0.00002,0.99998
22.43000,0.48000,0.00001,0.99999
22.45000,0.48000,0.00001,0.99999
22.47000,0.48000,0.00009,0.99991
22.49000,0.48000,0.00004,0.99996
22.51000,0.48000,0.00006,0.99994
22.53000,0.48000,0.00011,0.99989
22.55000,0.48000,0.00029,0.99971
22.57000,0.48000,0.00031,0.99969
22.59000,0.48000,0.00022,0.99978
22.61000,0.48000,0.00052,0.99948
22.63000,0.48000,0.00045,0.99955
22.65000,0.48000,0.00030,0.99970
22.67000,0.48000,0.00042,0.99958
22.69000,0.48000,0.00014,0.99986
22.71000,0.48000,0.00065,0.99935
22.73000,0.48000,0.00006,0.99994
22.75000,0.48000,0.00039,0.99961
22.77000,0.48000,0.00009,0.99991
22.79000,0.48000,0.00011,0.99989
22.81000,0.48000,0.00016,0.99984
22.83000,0.48000,0.00026,0.99974
22.85000,0.48000,0.00010,0.99990
22.87000,0.48000,0.00016,0.99984
22.89000,0.48000,0.00026,0.99974
22.91000,0.48000,0.00063,0.99937
22.93000,0.48000,0.00026,0.99974
22.95000,0.48000,0.00033,0.99967
22.97000,0.48000,0.00032,0.99968
22.99000,0.48000,0.00044,0.99956
23.01000,0.48000,0.00034,0.99966
23.03000,0.48000,0.00146,0.99854
23.05000,0.48000,0.00014,0.99986
23.07000,0.48000,0.00147,0.99853
23.09000,0.48000,0.00021,0.99979
23.11000,0.48000,0.00190,0.99810
23.13000,0.48000,0.00024,0.99976
23.15000,0.48000,0.00227,0.99773
23.17000,0.48000,0.00037,0.99963
23.19000,0.48000,0.00081,0.99919
23.21000,0.48000,0.00027,0.99973
23.23000,0.48000,0.00078,0.99922
23.25000,0.48000,0.00027,0.99973
23.27000,0.48000,0.00080,0.99920
23.29000,0.48000,0.00021,0.99979
23.31000,0.48000,0.00113,0.99887
23.33000,0.48000,0.00019,0.99981
23.35000,0.48000,0.00140,0.99860
23.37000,0.48000,0.00034,0.99966
23.39000,0.48000,0.00257,0.99743
23.41000,0.48000,0.00069,0.99931
23.43000,0.48000,0.00341,0.99659
23.45000,0.48000,0.00058,0.99942
23.47000,0.48000,0.00184,0.99816
23.49000,0.48000,0.00035,0.99965
23.51000,0.48000,0.00173,0.99827
23.53000,0.48000,0.00065,0.99935
23.55000,0.48000,0.00142,0.99858
23.57000,0.48000,0.00075,0.99925
23.59000,0.48000,0.00142,0.99858
23.61000,0.48000,0.00055,0.99945
23.63000,0.48000,0.00116,0.99884
23.65000,0.48000,0.00066,0.99934
23.67000,0.48000,0.00096,0.99904
23.69000,0.48000,0.00057,0.99943
23.71000,0.48000,0.00137,0.99863
23.73000,0.48000,0.00053,0.99947
23.75000,0.48000,0.00329,0.99671
23.77000,0.48000,0.00110,0.99890
23.79000,0.48000,0.00314,0.99686
23.81000,0.48000,0.00112,0.99888
23.83000,0.48000,0.00211,0.99789
23.85000,0.48000,0.00132,0.99868
23.87000,0.48000,0.00259,0.99741
23.89000,0.48000,0.00072,0.99928
23.91000,0.48000,0.00218,0.99782
23.93000,0.48000,0.00055,0.99945
23.95000,0.48000,0.00121,0.99879
23.97000,0.48000,0.00013,0.99987
23.99000,0.48000,0.00058,0.99942
24.01000,0.48000,0.00017,0.99983
24.03000,0.48000,0.00078,0.99922
24.05000,0.48000,0.00007,0.99993
24.07000,0.48000,0.00023,0.99977
24.09000,0.48000,0.00007,0.99993
24.11000,0.48000,0.00009,0.99991
24.13000,0.48000,0.00001,0.99999
24.15000,0.48000,0.00014,0.99986
24.17000,0.48000,0.00001,0.99999
24.19000,0.48000,0.00026,0.99974
24.21000,0.48000,0.00000,1.00000
24.23000,0.48000,0.00022,0.99978
24.25000,0.48000,0.00001,0.99999
24.27000,0.48000,0.00030,0.99970
24.29000,0.48000,0.00001,0.99999
24.31000,0.48000,0.00028,0.99972
24.33000,0.48000,0.00005,0.99995
24.35000,0.48000,0.00037,0.99963
24.37000,0.48000,0.00003,0.99997
24.39000,0.48000,0.00080,0.99920
24.41000,0.48000,0.00048,0.99952
24.43000,0.48000,0.00100,0.99900
24.45000,0.48000,0.00039,0.99961
24.47000,0.48000,0.00118,0.99882
24.49000,0.48000,0.00098,0.99902
24.51000,0.48000,0.00164,0.99835
24.53000,0.48000,0.00199,0.99801
24.55000,0.48000,0.00257,0.99743
24.57000,0.48000,0.00481,0.99519
24.59000,0.48000,0.00286,0.99714
24.61000,0.48000,0.00543,0.99457
24.63000,0.48000,0.00215,0.99785
24.65000,0.48000,0.00178,0.99822
24.67000,0.48000,0.00116,0.99884
24.69000,0.48000,0.00174,0.99826
24.71000,0.48000,0.00049,0.99951
24.73000,0.48000,0.00149,0.99851
24.75000,0.48000,0.00063,0.99937
24.77000,0.48000,0.00074,0.99926
24.79000,0.48000,0.00070,0.99930
24.81000,0.48000,0.00215,0.99785
24.83000,0.48000,0.00050,0.99950
24.85000,0.48000,0.00259,0.99741
24.87000,0.48000,0.00130,0.99870
24.89000,0.48000,0.00160,0.99840
24.91000,0.48000,0.00062,0.99938
24.93000,0.48000,0.00272,0.99728
24.95000,0.48000,0.00113,0.99887
24.97000,0.48000,0.00130,0.99870
24.99000,0.48000,0.00154,0.99846
25.01000,0.48000,0.00074,0.99926
25.03000,0.48000,0.00097,0.99903
25.05000,0.48000,0.00065,0.99935
25.07000,0.48000,0.00190,0.99810
25.09000,0.48000,0.00252,0.99748
25.11000,0.48000,0.00511,0.99489
25.13000,0.48000,0.00449,0.99551
25.15000,0.48000,0.01490,0.98510
25.17000,0.48000,0.01582,0.98418
25.19000,0.48000,0.08804,0.91196
25.21000,0.48000,0.02799,0.97201
25.23000,0.48000,0.25741,0.74259
25.25000,0.48000,0.08340,0.91660
25.27000,0.48000,0.27843,0.72157
25.29000,0.48000,0.19263,0.80737
25.31000,0.48000,0.34329,0.65671
25.33000,0.48000,0.20270,0.79730
25.35000,0.48000,0.56588,0.43412
25.37000,0.48000,0.45410,0.54590
25.39000,0.48000,0.68223,0.31777
25.41000,0.48000,0.79556,0.20444
25.43000,0.48000,0.59022,0.40978
25.45000,0.48000,0.71616,0.28384
25.47000,0.48000,0.98594,0.01406
25.49000,0.48000,0.97062,0.02938
25.51000,0.48000,0.98563,0.01437
25.53000,0.48000,0.95232,0.04768
25.55000,0.48000,0.99225,0.00775
25.57000,0.48000,0.98911,0.01089
25.59000,0.48000,0.99442,0.00558
25.61000,0.48000,0.99188,0.00812
25.63000,0.48000,0.98409,0.01591
25.65000,0.48000,0.98857,0.01143
25.67000,0.48000,0.98776,0.01224
25.69000,0.48000,0.98797,0.01203
25.71000,0.48000,0.97597,0.02403
25.73000,0.48000,0.97170,0.02830
25.75000,0.48000,0.97353,0.02647
25.77000,0.48000,0.94690,0.05310
25.79000,0.48000,0.94154,0.05846
25.81000,0.48000,0.96398,0.03602
25.83000,0.48000,0.92052,0.07948
25.85000,0.48000,0.95887,0.04113
25.87000,0.48000,0.87862,0.12138
25.89000,0.48000,0.95073,0.04927
25.91000,0.48000,0.92366,0.07634
25.93000,0.48000,0.97802,0.02198
25.95000,0.48000,0.94835,0.05165
25.97000,0.48000,0.98809,0.01191
25.99000,0.48000,0.97463,0.02537
26.01000,0.48000,0.99043,0.00957
26.03000,0.48000,0.94859,0.05141
26.05000,0.48000,0.98443,0.01557
26.07000,0.48000,0.95065,0.04935
26.09000,0.48000,0.98014,0.01986
26.11000,0.48000,0.85325,0.14675
26.13000,0.48000,0.98900,0.01100
26.15000,0.48000,0.93292,0.06708
26.17000,0.48000,0.98615,0.01385
26.19000,0.48000,0.98144,0.01856
26.21000,0.48000,0.99670,0.00330
26.23000,0.48000,0.98599,0.01401
26.25000,0.48000,0.99488,0.00512
26.27000,0.48000,0.98897,0.01103
26.29000,0.48000,0.99669,0.00331
26.31000,0.48000,0.99230,0.00770
26.33000,0.48000,0.99593,0.00407
26.35000,0.48000,0.99069,0.00931
26.37000,0.48000,0.99627,0.00373
26.39000,0.48000,0.99577,0.00423
26.41000,0.48000,0.99728,0.00272
26.43000,0.48000,0.99535,0.00465
26.45000,0.48000,0.99789,0.00211
26.47000,0.48000,0.99821,0.00179
26.49000,0.48000,0.99427,0.00573
26.51000,0.48000,0.99773,0.00227
26.53000,0.48000,0.99682,0.00318
26.55000,0.48000,0.99574,0.00426
26.57000,0.48000,0.99638,0.00362
26.59000,0.48000,0.99598,0.00402
26.61000,0.48000,0.99487,0.00513
26.63000,0.48000,0.99513,0.00487
26.65000,0.48000,0.99185,0.00815
26.67000,0.48000,0.99225,0.00775
26.69000,0.48000,0.99145,0.00855
26.71000,0.48000,0.99383,0.00617
26.73000,0.48000,0.98457,0.01543
26.75000,0.48000,0.98362,0.01638
26.77000,0.48000,0.98841,0.01159
26.79000,0.48000,0.98040,0.01960
26.81000,0.48000,0.98394,0.01606
26.83000,0.48000,0.97956,0.02044
26.85000,0.48000,0.98414,0.01586
26.87000,0.48000,0.95331,0.04669
26.89000,0.48000,0.96689,0.03311
26.91000,0.48000,0.95994,0.04006
26.93000,0.48000,0.97328,0.02672
26.95000,0.48000,0.96181,0.03819
26.97000,0.48000,0.48237,0.51763
26.99000,0.48000,0.75090,0.24910
27.01000,0.48000,0.96560,0.03440
27.03000,0.48000,0.85541,0.14459
27.05000,0.48000,0.87056,0.12944
27.07000,0.48000,0.96219,0.03781
27.09000,0.48000,0.82526,0.17474
27.11000,0.48000,0.97657,0.02343
27.13000,0.48000,0.90890,0.09110
27.15000,0.48000,0.95700,0.04300
27.17000,0.48000,0.54936,0.45064
27.19000,0.48000,0.90530,0.09470
27.21000,0.48000,0.36033,0.63967
27.23000,0.48000,0.87581,0.12419
27.25000,0.48000,0.17480,0.82520
27.27000,0.48000,0.66201,0.33799
27.29000,0.48000,0.02957,0.97043
27.31000,0.48000,0.44032,0.55968
27.33000,0.48000,0.00419,0.99581
27.35000,0.48000,0.06442,0.93558
27.37000,0.48000,0.00033,0.99967
27.39000,0.48000,0.00299,0.99701
27.41000,0.48000,0.00020,0.99980
27.43000,0.48000,0.00112,0.99888
27.45000,0.48000,0.00012,0.99988
27.47000,0.48000,0.00068,0.99932
27.49000,0.48000,0.00030,0.99970
27.51000,0.48000,0.00171,0.99829
27.53000,0.48000,0.00095,0.99905
27.55000,0.48000,0.00196,0.99804
27.57000,0.48000,0.00080,0.99920
27.59000,0.48000,0.00116,0.99884
27.61000,0.48000,0.00040,0.99960
27.63000,0.48000,0.00124,0.99876
27.65000,0.48000,0.00026,0.99974
27.67000,0.48000,0.00050,0.99950
27.69000,0.48000,0.00063,0.99937
27.71000,0.48000,0.00016,0.99984
27.73000,0.48000,0.00014,0.99986
27.75000,0.48000,0.00015,0.99985
27.77000,0.48000,0.00058,0.99942
27.79000,0.48000,0.00026,0.99974
27.81000,0.48000,0.00049,0.99951
27.83000,0.48000,0.00028,0.99972
27.85000,0.48000,0.00085,0.99915
27.87000,0.48000,0.00024,0.99976
27.89000,0.48000,0.00006,0.99994
27.91000,0.48000,0.00014,0.99986
27.93000,0.48000,0.00014,0.99986
27.95000,0.48000,0.00018,0.99982
27.97000,0.48000,0.00050,0.99950
27.99000,0.48000,0.00058,0.99942
28.01000,0.48000,0.00064,0.99936
28.03000,0.48000,0.00066,0.99934
28.05000,0.48000,0.00032,0.99968
28.07000,0.48000,0.00092,0.99908
28.09000,0.48000,0.00018,0.99982
28.11000,0.48000,0.00151,0.99849
28.13000,0.48000,0.00018,0.99982
28.15000,0.48000,0.00255,0.99745
28.17000,0.48000,0.00032,0.99968
28.19000,0.48000,0.00212,0.99788
28.21000,0.48000,0.00015,0.99985
28.23000,0.48000,0.00163,0.99837
28.25000,0.48000,0.00022,0.99978
28.27000,0.48000,0.00201,0.99799
28.29000,0.48000,0.00040,0.99960
28.31000,0.48000,0.00315,0.99685
28.33000,0.48000,0.00031,0.99969
28.35000,0.48000,0.00282,0.99718
28.37000,0.48000,0.00319,0.99681
28.39000,0.48000,0.00768,0.99232
28.41000,0.48000,0.00080,0.99920
28.43000,0.48000,0.00516,0.99484
28.45000,0.48000,0.00044,0.99956
28.47000,0.48000,0.00111,0.99889
28.49000,0.48000,0.00110,0.99890
28.51000,0.48000,0.00063,0.99937
28.53000,0.48000,0.00102,0.99898
28.55000,0.48000,0.00116,0.99884
28.57000,0.48000,0.00074,0.99926
28.59000,0.48000,0.00091,0.99909
28.61000,0.48000,0.00055,0.99945
28.63000,0.48000,0.00046,0.99954
28.65000,0.48000,0.00048,0.99952
28.67000,0.48000,0.00156,0.99844
28.69000,0.48000,0.00153,0.99847
28.71000,0.48000,0.00070,0.99930
28.73000,0.48000,0.00073,0.99927
28.75000,0.48000,0.00071,0.99929
28.77000,0.48000,0.00225,0.99775
28.79000,0.48000,0.00089,0.99911
28.81000,0.48000,0.00073,0.99927
28.83000,0.48000,0.00153,0.99847
28.85000,0.48000,0.00179,0.99821
28.87000,0.48000,0.00113,0.99887
28.89000,0.48000,0.00044,0.99956
28.91000,0.48000,0.00109,0.99891
28.93000,0.48000,0.00109,0.99891
28.95000,0.48000,0.00214,0.99786
28.97000,0.48000,0.00223,0.99777
28.99000,0.48000,0.00128,0.99872
29.01000,0.48000,0.00055,0.99945
29.03000,0.48000,0.00146,0.99854
29.05000,0.48000,0.00120,0.99880
29.07000,0.48000,0.00207,0.99793
29.09000,0.48000,0.00047,0.99953
29.11000,0.48000,0.00132,0.99868
29.13000,0.48000,0.00119,0.99881
29.15000,0.48000,0.00098,0.99902
29.17000,0.48000,0.00080,0.99920
29.19000,0.48000,0.00099,0.99901
29.21000,0.48000,0.00039,0.99961
29.23000,0.48000,0.00063,0.99937
29.25000,0.48000,0.00044,0.99956
29.27000,0.48000,0.00093,0.99907
29.29000,0.48000,0.00040,0.99960
29.31000,0.48000,0.00122,0.99878
29.33000,0.48000,0.00018,0.99982
29.35000,0.48000,0.00148,0.99852
29.37000,0.48000,0.00037,0.99963
29.39000,0.48000,0.00088,0.99912
29.41000,0.48000,0.00060,0.99940
29.43000,0.48000,0.00170,0.99830
29.45000,0.48000,0.00023,0.99977
29.47000,0.48000,0.00061,0.99939
29.49000,0.48000,0.00055,0.99945
29.51000,0.48000,0.00055,0.99945
29.53000,0.48000,0.00036,0.99964
29.55000,0.48000,0.00096,0.99904
29.57000,0.48000,0.00057,0.99943
29.59000,0.48000,0.00089,0.99911
29.61000,0.48000,0.00089,0.99911
29.63000,0.48000,0.00271,0.99729
29.65000,0.48000,0.00231,0.99769
29.67000,0.48000,0.00097,0.99903
29.69000,0.48000,0.00234,0.99766
29.71000,0.48000,0.00234,0.99766
29.73000,0.48000,0.00151,0.99849
29.75000,0.48000,0.00084,0.99916
29.77000,0.48000,0.00094,0.99906
29.79000,0.48000,0.00099,0.99901
29.81000,0.48000,0.00093,0.99907
29.83000,0.48000,0.00034,0.99966
29.85000,0.48000,0.00024,0.99976
29.87000,0.48000,0.00067,0.99933
29.89000,0.48000,0.00034,0.99966
29.91000,0.48000,0.00009,0.99991
29.93000,0.48000,0.00098,0.99902
29.95000,0.48000,0.00025,0.99975
29.97000,0.48000,0.00061,0.99939
29.99000,0.48000,0.00019,0.99981
30.01000,0.48000,0.00106,0.99894
30.03000,0.48000,0.00023,0.99977
30.05000,0.48000,0.00133,0.99867
30.07000,0.48000,0.00042,0.99958
30.09000,0.48000,0.00233,0.99767
30.11000,0.48000,0.00016,0.99984
30.13000,0.48000,0.00155,0.99845
30.15000,0.48000,0.00022,0.99978
30.17000,0.48000,0.00130,0.99870
30.19000,0.48000,0.00018,0.99982
30.21000,0.48000,0.00142,0.99858
30.23000,0.48000,0.00065,0.99935
30.25000,0.48000,0.00274,0.99726
30.27000,0.48000,0.00083,0.99917
30.29000,0.48000,0.00271,0.99729
30.31000,0.48000,0.00113,0.99887
30.33000,0.48000,0.02922,0.97078
30.35000,0.48000,0.00704,0.99296
30.37000,0.48000,0.00291,0.99709
30.39000,0.48000,0.00409,0.99591
30.41000,0.48000,0.00183,0.99817
30.43000,0.48000,0.00379,0.99621
30.45000,0.48000,0.00514,0.99486
30.47000,0.48000,0.00118,0.99882
30.49000,0.48000,0.00159,0.99841
30.51000,0.48000,0.00065,0.99935
30.53000,0.48000,0.00042,0.99958
30.55000,0.48000,0.00050,0.99950
30.57000,0.48000,0.00052,0.99948
30.59000,0.48000,0.00093,0.99907
30.61000,0.48000,0.00029,0.99971
30.63000,0.48000,0.00056,0.99944
30.65000,0.48000,0.00050,0.99950
30.67000,0.48000,0.00022,0.99978
30.69000,0.48000,0.00018,0.99982
30.71000,0.48000,0.00027,0.99973
30.73000,0.48000,0.00033,0.99967
30.75000,0.48000,0.00014,0.99986
30.77000,0.48000,0.00067,0.99933
30.79000,0.48000,0.00079,0.99921
30.81000,0.48000,0.00097,0.99903
30.83000,0.48000,0.00094,0.99906
30.85000,0.48000,0.00123,0.99877
30.87000,0.48000,0.00402,0.99598
30.89000,0.48000,0.00912,0.99088
30.91000,0.48000,0.00836,0.99164
30.93000,0.48000,0.03765,0.96235
30.95000,0.48000,0.02613,0.97387
30.97000,0.48000,0.22559,0.77441
30.99000,0.48000,0.33005,0.66995
31.01000,0.48000,0.25045,0.74955
31.03000,0.48000,0.36171,0.63829
31.05000,0.48000,0.28690,0.71310
31.07000,0.48000,0.35702,0.64298
31.09000,0.48000,0.66614,0.33386
31.11000,0.48000,0.64777,0.35223
31.13000,0.48000,0.70268,0.29732
31.15000,0.48000,0.89477,0.10523
31.17000,0.48000,0.81500,0.18500
31.19000,0.48000,0.99660,0.00340
31.21000,0.48000,0.99487,0.00513
31.23000,0.48000,0.99440,0.00560
31.25000,0.48000,0.99665,0.00335
31.27000,0.48000,0.99585,0.00415
31.29000,0.48000,0.99755,0.00245
31.31000,0.48000,0.99431,0.00569
31.33000,0.48000,0.99497,0.00503
31.35000,0.48000,0.99344,0.00656
31.37000,0.48000,0.99716,0.00284
31.39000,0.48000,0.99338,0.00662
31.41000,0.48000,0.99617,0.00383
31.43000,0.48000,0.99485,0.00515
31.45000,0.48000,0.99284,0.00716
31.47000,0.48000,0.99450,0.00550
31.49000,0.48000,0.98855,0.01145
31.51000,0.48000,0.99280,0.00720
31.53000,0.48000,0.99586,0.00414
31.55000,0.48000,0.99572,0.00428
31.57000,0.48000,0.99642,0.00358
31.59000,0.48000,0.99784,0.00216
31.61000,0.48000,0.99579,0.00421
31.63000,0.48000,0.99565,0.00435
31.65000,0.48000,0.99134,0.00866
31.67000,0.48000,0.99581,0.00419
31.69000,0.48000,0.99034,0.00966
31.71000,0.48000,0.99341,0.00659
31.73000,0.48000,0.98308,0.01692
31.75000,0.48000,0.98978,0.01022
31.77000,0.48000,0.99342,0.00658
31.79000,0.48000,0.98607,0.01393
31.81000,0.48000,0.97266,0.02734
31.83000,0.48000,0.94278,0.05722
31.85000,0.48000,0.94395,0.05605
31.87000,0.48000,0.94991,0.05009
31.89000,0.48000,0.89125,0.10875
31.91000,0.48000,0.95855,0.04145
31.93000,0.48000,0.91809,0.08191
31.95000,0.48000,0.97569,0.02431
31.97000,0.48000,0.93520,0.06480
31.99000,0.48000,0.96646,0.03354
32.01000,0.48000,0.95525,0.04475
32.03000,0.48000,0.96702,0.03298
32.05000,0.48000,0.89391,0.10609
32.07000,0.48000,0.95459,0.04541
32.09000,0.48000,0.95756,0.04244
32.11000,0.48000,0.95396,0.04604
32.13000,0.48000,0.86311,0.13689
32.15000,0.48000,0.96600,0.03400
32.17000,0.48000,0.97268,0.02732
32.19000,0.48000,0.96505,0.03495
32.21000,0.48000,0.97921,0.02079
32.23000,0.48000,0.92072,0.07928
32.25000,0.48000,0.98756,0.01244
32.27000,0.48000,0.95645,0.04355
32.29000,0.48000,0.98563,0.01437
32.31000,0.48000,0.98245,0.01755
32.33000,0.48000,0.99254,0.00745
32.35000,0.48000,0.98987,0.01013
32.37000,0.48000,0.99355,0.00645
32.39000,0.48000,0.96939,0.03061
32.41000,0.48000,0.99001,0.00999
32.43000,0.48000,0.96693,0.03307
32.45000,0.48000,0.99561,0.00439
32.47000,0.48000,0.98193,0.01807
32.49000,0.48000,0.98912,0.01088
32.51000,0.48000,0.98659,0.01341
32.53000,0.48000,0.99516,0.00484
32.55000,0.48000,0.99412,0.00588
32.57000,0.48000,0.99338,0.00662
32.59000,0.48000,0.99432,0.00568
32.61000,0.48000,0.99666,0.00334
32.63000,0.48000,0.99359,0.00641
32.65000,0.48000,0.99636,0.00364
32.67000,0.48000,0.99131,0.00869
32.69000,0.48000,0.99721,0.00279
32.71000,0.48000,0.98803,0.01197
32.73000,0.48000,0.99447,0.00553
32.75000,0.48000,0.99581,0.00419
32.77000,0.48000,0.99629,0.00371
32.79000,0.48000,0.99444,0.00556
32.81000,0.48000,0.99375,0.00625
32.83000,0.48000,0.99494,0.00506
32.85000,0.48000,0.99606,0.00394
32.87000,0.48000,0.99113,0.00887
32.89000,0.48000,0.99529,0.00471
32.91000,0.48000,0.99551,0.00449
32.93000,0.48000,0.99655,0.00345
32.95000,0.48000,0.99333,0.00667
32.97000,0.48000,0.99679,0.00321
32.99000,0.48000,0.99414,0.00586
33.01000,0.48000,0.99595,0.00405
33.03000,0.48000,0.99341,0.00659
33.05000,0.48000,0.99029,0.00971
33.07000,0.48000,0.99203,0.00797
33.09000,0.48000,0.97803,0.02197
33.11000,0.48000,0.97199,0.02801
33.13000,0.48000,0.99182,0.00818
33.15000,0.48000,0.97980,0.02020
33.17000,0.48000,0.99354,0.00646
33.19000,0.48000,0.99382,0.00618
33.21000,0.48000,0.99471,0.00529
33.23000,0.48000,0.99222,0.00778
33.25000,0.48000,0.99607,0.00393
33.27000,0.48000,0.99595,0.00405
33.29000,0.48000,0.99656,0.00344
33.31000,0.48000,0.99733,0.00267
33.33000,0.48000,0.99557,0.00443
33.35000,0.48000,0.99551,0.00449
33.37000,0.48000,0.99524,0.00476
33.39000,0.48000,0.98890,0.01110
33.41000,0.48000,0.99508,0.00492
33.43000,0.48000,0.99214,0.00786
33.45000,0.48000,0.99625,0.00375
33.47000,0.48000,0.99443,0.00557
33.49000,0.48000,0.99068,0.00932
33.51000,0.48000,0.99244,0.00756
33.53000,0.48000,0.98974,0.01026
33.55000,0.48000,0.99530,0.00470
33.57000,0.48000,0.99529,0.00471
33.59000,0.48000,0.99659,0.00341
33.61000,0.48000,0.99391,0.00609
33.63000,0.48000,0.99694,0.00306
33.65000,0.48000,0.99306,0.00694
33.67000,0.48000,0.99567,0.00433
33.69000,0.48000,0.99215,0.00785
33.71000,0.48000,0.99546,0.00454
33.73000,0.48000,0.98500,0.01500
33.75000,0.48000,0.99434,0.00566
33.77000,0.48000,0.98405,0.01595
33.79000,0.48000,0.99218,0.00782
33.81000,0.48000,0.98119,0.01881
33.83000,0.48000,0.99353,0.00647
33.85000,0.48000,0.99334,0.00666
33.87000,0.48000,0.99695,0.00305
33.89000,0.48000,0.98418,0.01582
33.91000,0.48000,0.99477,0.00523
33.93000,0.48000,0.99407,0.00593
33.95000,0.48000,0.99420,0.00580
33.97000,0.48000,0.98366,0.01634
33.99000,0.48000,0.98241,0.01759
34.01000,0.48000,0.98987,0.01013
34.03000,0.48000,0.99118,0.00882
34.05000,0.48000,0.98448,0.01552
34.07000,0.48000,0.98350,0.01650
34.09000,0.48000,0.98993,0.01007
34.11000,0.48000,0.99494,0.00506
34.13000,0.48000,0.99257,0.00743
34.15000,0.48000,0.98525,0.01475
34.17000,0.48000,0.99624,0.00376
34.19000,0.48000,0.99000,0.01000
34.21000,0.48000,0.99353,0.00647
34.23000,0.48000,0.97333,0.02667
34.25000,0.48000,0.97409,0.02591
34.27000,0.48000,0.97996,0.02004
34.29000,0.48000,0.98704,0.01296
34.31000,0.48000,0.97281,0.02719
34.33000,0.48000,0.97674,0.02326
34.35000,0.48000,0.95782,0.04218
34.37000,0.48000,0.97440,0.02560
34.39000,0.48000,0.43989,0.56011
34.41000,0.48000,0.76837,0.23163
34.43000,0.48000,0.48088,0.51912
34.45000,0.48000,0.54788,0.45212
34.47000,0.48000,0.69391,0.30609
34.49000,0.48000,0.81242,0.18758
34.51000,0.48000,0.42897,0.57103
34.53000,0.48000,0.25360,0.74640
34.55000,0.48000,0.33877,0.66123
34.57000,0.48000,0.78647,0.21353
34.59000,0.48000,0.05695,0.94305
34.61000,0.48000,0.15654,0.84346
34.63000,0.48000,0.13659,0.86341
34.65000,0.48000,0.23461,0.76539
34.67000,0.48000,0.01331,0.98669
34.69000,0.48000,0.03110,0.96890
34.71000,0.48000,0.02028,0.97972
34.73000,0.48000,0.01669,0.98331
34.75000,0.48000,0.00149,0.99851
34.77000,0.48000,0.00164,0.99836
34.79000,0.48000,0.00135,0.99865
34.81000,0.48000,0.00077,0.99923
34.83000,0.48000,0.00049,0.99951
34.85000,0.48000,0.00025,0.99975
34.87000,0.48000,0.00114,0.99886
34.89000,0.48000,0.00007,0.99993
34.91000,0.48000,0.00249,0.99751
34.93000,0.48000,0.00010,0.99990
34.95000,0.48000,0.00174,0.99826
34.97000,0.48000,0.00027,0.99973
34.99000,0.48000,0.00072,0.99928
35.01000,0.48000,0.00125,0.99875
35.03000,0.48000,0.00176,0.99823
35.05000,0.48000,0.00104,0.99896
35.07000,0.48000,0.00175,0.99825
35.09000,0.48000,0.00335,0.99665
35.11000,0.48000,0.00553,0.99447
35.13000,0.48000,0.00152,0.99848
35.15000,0.48000,0.00397,0.99603
35.17000,0.48000,0.00438,0.99562
35.19000,0.48000,0.01573,0.98427
35.21000,0.48000,0.01695,0.98305
35.23000,0.48000,0.02674,0.97326
35.25000,0.48000,0.04231,0.95769
35.27000,0.48000,0.16143,0.83857
35.29000,0.48000,0.21553,0.78447
35.31000,0.48000,0.30362,0.69638
35.33000,0.48000,0.47486,0.52514
35.35000,0.48000,0.53303,0.46697
35.37000,0.48000,0.51674,0.48326
35.39000,0.48000,0.73280,0.26720
35.41000,0.48000,0.65612,0.34388
35.43000,0.48000,0.65933,0.34067
35.45000,0.48000,0.64265,0.35735
35.47000,0.48000,0.77452,0.22548
35.49000,0.48000,0.86490,0.13510
35.51000,0.48000,0.94090,0.05910
35.53000,0.48000,0.95015,0.04985
35.55000,0.48000,0.99022,0.00978
35.57000,0.48000,0.98947,0.01053
35.59000,0.48000,0.99753,0.00247
35.61000,0.48000,0.99530,0.00470
35.63000,0.48000,0.99567,0.00433
35.65000,0.48000,0.99121,0.00879
35.67000,0.48000,0.99701,0.00299
35.69000,0.48000,0.99223,0.00777
35.71000,0.48000,0.98570,0.01430
35.73000,0.48000,0.95317,0.04683
35.75000,0.48000,0.96406,0.03594
35.77000,0.48000,0.92614,0.07386
35.79000,0.48000,0.92170,0.07830
35.81000,0.48000,0.87596,0.12404
35.83000,0.48000,0.88717,0.11283
35.85000,0.48000,0.85799,0.14201
35.87000,0.48000,0.66071,0.33929
35.89000,0.48000,0.55927,0.44073
35.91000,0.48000,0.73695,0.26305
35.93000,0.48000,0.74798,0.25202
35.95000,0.48000,0.63692,0.36308
35.97000,0.48000,0.76496,0.23504
35.99000,0.48000,0.76763,0.23237
36.01000,0.48000,0.86207,0.13793
36.03000,0.48000,0.86728,0.13272
36.05000,0.48000,0.56345,0.43655
36.07000,0.48000,0.73851,0.26149
36.09000,0.48000,0.58939,0.41061
36.11000,0.48000,0.01342,0.98658
36.13000,0.48000,0.13270,0.86730
36.15000,0.48000,0.03296,0.96704
36.17000,0.48000,0.17163,0.82837
36.19000,0.48000,0.05692,0.94308
36.21000,0.48000,0.37156,0.62844
36.23000,0.48000,0.08956,0.91044
36.25000,0.48000,0.29734,0.70266
36.27000,0.48000,0.01869,0.98131
36.29000,0.48000,0.02985,0.97015
36.31000,0.48000,0.17326,0.82674
36.33000,0.48000,0.31939,0.68061
36.35000,0.48000,0.34825,0.65175
36.37000,0.48000,0.12925,0.87075
36.39000,0.48000,0.14508,0.85492
36.41000,0.48000,0.37996,0.62004
36.43000,0.48000,0.14936,0.85064
36.45000,0.48000,0.05564,0.94436
36.47000,0.48000,0.06190,0.93810
36.49000,0.48000,0.02638,0.97362
36.51000,0.48000,0.04025,0.95975
36.53000,0.48000,0.08385,0.91615
36.55000,0.48000,0.06079,0.93921
36.57000,0.48000,0.02417,0.97583
36.59000,0.48000,0.11178,0.88822
36.61000,0.48000,0.01341,0.98659
36.63000,0.48000,0.04415,0.95585
36.65000,0.48000,0.01287,0.98713
36.67000,0.48000,0.01491,0.98509
36.69000,0.48000,0.00438,0.99562
36.71000,0.48000,0.00936,0.99064
36.73000,0.48000,0.00344,0.99656
36.75000,0.48000,0.01295,0.98705
36.77000,0.48000,0.00797,0.99203
36.79000,0.48000,0.00788,0.99212
36.81000,0.48000,0.00424,0.99576
36.83000,0.48000,0.04584,0.95416
36.85000,0.48000,0.02704,0.97296
36.87000,0.48000,0.06331,0.93669
36.89000,0.48000,0.01203,0.98797
36.91000,0.48000,0.07966,0.92034
36.93000,0.48000,0.01445,0.98555
36.95000,0.48000,0.02473,0.97527
36.97000,0.48000,0.02350,0.97650
36.99000,0.48000,0.04092,0.95908
37.01000,0.48000,0.01318,0.98682
37.03000,0.48000,0.01558,0.98442
37.05000,0.48000,0.00385,0.99615
37.07000,0.48000,0.00565,0.99435
37.09000,0.48000,0.00369,0.99631
37.11000,0.48000,0.00358,0.99642
37.13000,0.48000,0.00274,0.99726
37.15000,0.48000,0.00252,0.99748
37.17000,0.48000,0.00260,0.99740
37.19000,0.48000,0.00154,0.99846
37.21000,0.48000,0.00315,0.99685
37.23000,0.48000,0.00114,0.99886
37.25000,0.48000,0.00092,0.99907
37.27000,0.48000,0.00166,0.99834
37.29000,0.48000,0.00039,0.99961
37.31000,0.48000,0.00045,0.99955
37.33000,0.48000,0.00004,0.99996
37.35000,0.48000,0.00021,0.99979
37.37000,0.48000,0.00010,0.99990
37.39000,0.48000,0.00003,0.99997
37.41000,0.48000,0.00001,0.99999
37.43000,0.48000,0.00006,0.99994
37.45000,0.48000,0.00002,0.99998
37.47000,0.48000,0.00002,0.99998
37.49000,0.48000,0.00001,0.99999
37.51000,0.48000,0.00009,0.99991
37.53000,0.48000,0.00002,0.99998
37.55000,0.48000,0.00002,0.99997
37.57000,0.48000,0.00007,0.99993
37.59000,0.48000,0.00009,0.99991
37.61000,0.48000,0.00009,0.99991
37.63000,0.48000,0.00006,0.99994
37.65000,0.48000,0.00034,0.99966
37.67000,0.48000,0.00020,0.99980
37.69000,0.48000,0.00040,0.99960
37.71000,0.48000,0.00029,0.99971
37.73000,0.48000,0.00086,0.99914
37.75000,0.48000,0.00046,0.99954
37.77000,0.48000,0.00245,0.99755
37.79000,0.48000,0.00084,0.99916
37.81000,0.48000,0.00269,0.99731
37.83000,0.48000,0.00057,0.99943
37.85000,0.48000,0.00641,0.99359
37.87000,0.48000,0.00122,0.99878
37.89000,0.48000,0.00249,0.99751
37.91000,0.48000,0.00045,0.99955
37.93000,0.48000,0.00212,0.99788
37.95000,0.48000,0.00109,0.99891
37.97000,0.48000,0.00112,0.99888
37.99000,0.48000,0.00085,0.99915
38.01000,0.48000,0.00061,0.99939
38.03000,0.48000,0.00137,0.99863
38.05000,0.48000,0.00019,0.99981
38.07000,0.48000,0.00103,0.99897
38.09000,0.48000,0.00025,0.99975
38.11000,0.48000,0.00028,0.99972
38.13000,0.48000,0.00038,0.99962
38.15000,0.48000,0.00019,0.99981
38.17000,0.48000,0.00021,0.99979
38.19000,0.48000,0.00007,0.99993
38.21000,0.48000,0.00007,0.99993
38.23000,0.48000,0.00001,0.99999
38.25000,0.48000,0.00003,0.99997
38.27000,0.48000,0.00001,0.99999
38.29000,0.48000,0.00002,0.99998
38.31000,0.48000,0.00000,1.00000
38.33000,0.48000,0.00000,1.00000
38.35000,0.48000,0.00000,1.00000
38.37000,0.48000,0.00000,1.00000
38.39000,0.48000,0.00000,1.00000
38.41000,0.48000,0.00000,1.00000
38.43000,0.48000,0.00000,1.00000
38.45000,0.48000,0.00001,0.99999
38.47000,0.48000,0.00000,1.00000
38.49000,0.48000,0.00001,0.99999
38.51000,0.48000,0.00001,0.99999
38.53000,0.48000,0.00001,0.99999
38.55000,0.48000,0.00001,0.99999
38.57000,0.48000,0.00002,0.99998
38.59000,0.48000,0.00005,0.99995
38.61000,0.48000,0.00013,0.99987
38.63000,0.48000,0.00015,0.99985
38.65000,0.48000,0.00038,0.99962
38.67000,0.48000,0.00013,0.99987
38.69000,0.48000,0.00051,0.99949
38.71000,0.48000,0.00015,0.99985
38.73000,0.48000,0.00191,0.99809
38.75000,0.48000,0.00014,0.99986
38.77000,0.48000,0.00130,0.99870
38.79000,0.48000,0.00018,0.99982
38.81000,0.48000,0.00144,0.99856
38.83000,0.48000,0.00002,0.99998
38.85000,0.48000,0.00141,0.99859
38.87000,0.48000,0.00003,0.99997
38.89000,0.48000,0.00039,0.99961
38.91000,0.48000,0.00002,0.99998
38.93000,0.48000,0.00011,0.99989
38.95000,0.48000,0.00005,0.99995
38.97000,0.48000,0.00008,0.99992
38.99000,0.48000,0.00006,0.99994
39.01000,0.48000,0.00015,0.99985
39.03000,0.48000,0.00018,0.99982
39.05000,0.48000,0.00003,0.99997
39.07000,0.48000,0.00011,0.99989
39.09000,0.48000,0.00008,0.99992
39.11000,0.48000,0.00016,0.99984
39.13000,0.48000,0.00016,0.99984
39.15000,0.48000,0.00112,0.99888
39.17000,0.48000,0.00014,0.99986
39.19000,0.48000,0.00047,0.99953
39.21000,0.48000,0.00023,0.99977
39.23000,0.48000,0.00075,0.99925
39.25000,0.48000,0.00023,0.99977
39.27000,0.48000,0.00080,0.99920
39.29000,0.48000,0.00013,0.99987
39.31000,0.48000,0.00035,0.99965
39.33000,0.48000,0.00031,0.99969
39.35000,0.48000,0.00035,0.99965
39.37000,0.48000,0.00018,0.99982
39.39000,0.48000,0.00015,0.99985
39.41000,0.48000,0.00015,0.99985
39.43000,0.48000,0.00010,0.99990
39.45000,0.48000,0.00017,0.99983
39.47000,0.48000,0.00005,0.99995
39.49000,0.48000,0.00006,0.99994
39.51000,0.48000,0.00000,0.99999
39.53000,0.48000,0.00009,0.99991
39.55000,0.48000,0.00000,1.00000
39.57000,0.48000,0.00003,0.99997
39.59000,0.48000,0.00000,1.00000
39.61000,0.48000,0.00002,0.99998
39.63000,0.48000,0.00000,1.00000
39.65000,0.48000,0.00004,0.99996
39.67000,0.48000,0.00000,1.00000
39.69000,0.48000,0.00001,0.99999
39.71000,0.48000,0.00000,1.00000
39.73000,0.48000,0.00002,0.99998
39.75000,0.48000,0.00000,1.00000
39.77000,0.48000,0.00000,1.00000
39.79000,0.48000,0.00000,1.00000
39.81000,0.48000,0.00001,0.99999
39.83000,0.48000,0.00000,1.00000
39.85000,0.48000,0.00000,1.00000
39.87000,0.48000,0.00001,0.99999
39.89000,0.48000,0.00003,0.99997
39.91000,0.48000,0.00003,0.99997
39.93000,0.48000,0.00001,0.99999
39.95000,0.48000,0.00010,0.99990
39.97000,0.48000,0.00002,0.99998
39.99000,0.48000,0.00009,0.99991
40.01000,0.48000,0.00000,1.00000
40.03000,0.48000,0.00001,0.99999
40.05000,0.48000,0.00001,0.99999
40.07000,0.48000,0.00001,0.99999
40.09000,0.48000,0.00003,0.99997
40.11000,0.48000,0.00001,0.99999
40.13000,0.48000,0.00014,0.99986
40.15000,0.48000,0.00004,0.99996
40.17000,0.48000,0.00007,0.99993
40.19000,0.48000,0.00002,0.99998
40.21000,0.48000,0.00004,0.99996
40.23000,0.48000,0.00001,0.99999
40.25000,0.48000,0.00000,1.00000
40.27000,0.48000,0.00000,1.00000
40.29000,0.48000,0.00000,1.00000
40.31000,0.48000,0.00000,1.00000
40.33000,0.48000,0.00000,1.00000
40.35000,0.48000,0.00000,1.00000
40.37000,0.48000,0.00000,1.00000
40.39000,0.48000,0.00000,1.00000
40.41000,0.48000,0.00001,0.99999
40.43000,0.48000,0.00000,1.00000
40.45000,0.48000,0.00000,1.00000
40.47000,0.48000,0.00000,1.00000
40.49000,0.48000,0.00000,1.00000
40.51000,0.48000,0.00000,1.00000
40.53000,0.48000,0.00000,1.00000
40.55000,0.48000,0.00001,0.99999
40.57000,0.48000,0.00001,0.99999
40.59000,0.48000,0.00001,0.99999
40.61000,0.48000,0.00001,0.99999
40.63000,0.48000,0.00001,0.99999
40.65000,0.48000,0.00005,0.99995
40.67000,0.48000,0.00003,0.99997
40.69000,0.48000,0.00003,0.99997
40.71000,0.48000,0.00008,0.99992
40.73000,0.48000,0.00003,0.99997
40.75000,0.48000,0.00010,0.99990
40.77000,0.48000,0.00003,0.99997
40.79000,0.48000,0.00016,0.99984
40.81000,0.48000,0.00003,0.99997
40.83000,0.48000,0.00010,0.99990
40.85000,0.48000,0.00004,0.99996
40.87000,0.48000,0.00013,0.99987
40.89000,0.48000,0.00010,0.99990
40.91000,0.48000,0.00022,0.99978
40.93000,0.48000,0.00022,0.99978
40.95000,0.48000,0.00039,0.99961
40.97000,0.48000,0.00011,0.99989
40.99000,0.48000,0.00055,0.99945
41.01000,0.48000,0.00046,0.99954
41.03000,0.48000,0.00129,0.99871
41.05000,0.48000,0.00085,0.99915
41.07000,0.48000,0.00180,0.99820
41.09000,0.48000,0.00197,0.99803
41.11000,0.48000,0.00490,0.99510
41.13000,0.48000,0.00715,0.99285
41.15000,0.48000,0.02035,0.97965
41.17000,0.48000,0.01187,0.98813
41.19000,0.48000,0.12142,0.87858
41.21000,0.48000,0.09483,0.90517
41.23000,0.48000,0.49030,0.50970
41.25000,0.48000,0.15932,0.84068
41.27000,0.48000,0.53186,0.46814
41.29000,0.48000,0.33837,0.66163
41.31000,0.48000,0.45978,0.54022
41.33000,0.48000,0.33446,0.66555
41.35000,0.48000,0.71801,0.28199
41.37000,0.48000,0.48306,0.51694
41.39000,0.48000,0.65357,0.34643
41.41000,0.48000,0.24581,0.75419
41.43000,0.48000,0.37926,0.62074
41.45000,0.48000,0.27520,0.72480
41.47000,0.48000,0.51641,0.48359
41.49000,0.48000,0.97633,0.02367
41.51000,0.48000,0.95870,0.04130
41.53000,0.48000,0.99023,0.00977
41.55000,0.48000,0.98203,0.01797
41.57000,0.48000,0.97181,0.02819
41.59000,0.48000,0.93122,0.06878
41.61000,0.48000,0.96682,0.03318
41.63000,0.48000,0.89195,0.10805
41.65000,0.48000,0.96624,0.03376
41.67000,0.48000,0.82707,0.17293
41.69000,0.48000,0.95561,0.04439
41.71000,0.48000,0.91353,0.08647
41.73000,0.48000,0.96434,0.03566
41.75000,0.48000,0.86973,0.13027
41.77000,0.48000,0.93670,0.06330
41.79000,0.48000,0.92413,0.07587
41.81000,0.48000,0.93735,0.06265
41.83000,0.48000,0.95690,0.04310
41.85000,0.48000,0.98078,0.01922
41.87000,0.48000,0.96010,0.03990
41.89000,0.48000,0.96276,0.03724
41.91000,0.48000,0.97654,0.02346
41.93000,0.48000,0.99439,0.00561
41.95000,0.48000,0.98735,0.01265
41.97000,0.48000,0.97840,0.02160
41.99000,0.48000,0.98848,0.01152
42.01000,0.48000,0.90042,0.09958
42.03000,0.48000,0.96639,0.03361
42.05000,0.48000,0.93452,0.06548
42.07000,0.48000,0.99207,0.00793
42.09000,0.48000,0.97653,0.02347
42.11000,0.48000,0.99542,0.00458
42.13000,0.48000,0.98133,0.01867
42.15000,0.48000,0.99030,0.00970
42.17000,0.48000,0.95399,0.04601
42.19000,0.48000,0.98164,0.01836
42.21000,0.48000,0.97496,0.02504
42.23000,0.48000,0.97949,0.02051
42.25000,0.48000,0.98005,0.01995
42.27000,0.48000,0.98542,0.01458
42.29000,0.48000,0.96568,0.03432
42.31000,0.48000,0.98289,0.01711
42.33000,0.48000,0.97866,0.02134
42.35000,0.48000,0.99224,0.00776
42.37000,0.48000,0.98089,0.01911
42.39000,0.48000,0.99201,0.00799
42.41000,0.48000,0.99272,0.00728
42.43000,0.48000,0.98922,0.01078
42.45000,0.48000,0.99735,0.00265
42.47000,0.48000,0.99193,0.00807
42.49000,0.48000,0.99860,0.00140
42.51000,0.48000,0.99661,0.00339
42.53000,0.48000,0.99881,0.00119
42.55000,0.48000,0.99830,0.00170
42.57000,0.48000,0.99841,0.00159
42.59000,0.48000,0.99881,0.00119
42.61000,0.48000,0.99900,0.00100
42.63000,0.48000,0.99916,0.00084
42.65000,0.48000,0.99941,0.00059
42.67000,0.48000,0.99893,0.00107
42.69000,0.48000,0.99941,0.00059
42.71000,0.48000,0.99909,0.00091
42.73000,0.48000,0.99935,0.00065
42.75000,0.48000,0.99909,0.00091
42.77000,0.48000,0.99883,0.00117
42.79000,0.48000,0.99899,0.00101
42.81000,0.48000,0.99865,0.00135
42.83000,0.48000,0.99801,0.00199
42.85000,0.48000,0.99827,0.00173
42.87000,0.48000,0.99813,0.00187
42.89000,0.48000,0.99806,0.00194
42.91000,0.48000,0.99761,0.00239
42.93000,0.48000,0.99879,0.00121
42.95000,0.48000,0.99732,0.00268
42.97000,0.48000,0.99833,0.00167
42.99000,0.48000,0.99604,0.00396
43.01000,0.48000,0.99644,0.00356
43.03000,0.48000,0.99620,0.00380
43.05000,0.48000,0.99602,0.00398
43.07000,0.48000,0.99524,0.00476
43.09000,0.48000,0.99690,0.00310
43.11000,0.48000,0.99605,0.00395
43.13000,0.48000,0.99752,0.00248
43.15000,0.48000,0.99738,0.00262
43.17000,0.48000,0.99702,0.00298
43.19000,0.48000,0.99635,0.00365
43.21000,0.48000,0.99769,0.00231
43.23000,0.48000,0.99412,0.00588
43.25000,0.48000,0.99677,0.00323
43.27000,0.48000,0.99583,0.00417
43.29000,0.48000,0.99800,0.00200
