Time (seconds), Duration (seconds),pred_unlabelled,pred_circle,pred_shaking
0.01000,1.98000,0.99991,0.00009,0.00000
0.21000,1.98000,0.99991,0.00009,0.00000
0.41000,1.98000,0.99991,0.00009,0.00000
0.61000,1.98000,0.99991,0.00009,0.00000
0.81000,1.98000,0.99992,0.00008,0.00000
1.01000,1.98000,0.99991,0.00009,0.00000
1.21000,1.98000,0.99991,0.00009,0.00000
1.41000,1.98000,0.99991,0.00009,0.00000
1.61000,1.98000,0.99991,0.00009,0.00000
1.81000,1.98000,0.99991,0.00009,0.00000
2.01000,1.98000,0.99991,0.00009,0.00000
2.21000,1.98000,0.99991,0.00009,0.00000
2.41000,1.98000,0.99991,0.00009,0.00000
2.61000,1.98000,0.99991,0.00009,0.00000
2.81000,1.98000,0.99990,0.00010,0.00000
3.01000,1.98000,0.99990,0.00010,0.00000
3.21000,1.98000,0.99990,0.00010,0.00000
3.41000,1.98000,0.99981,0.00019,0.00000
3.61000,1.98000,0.99980,0.00019,0.00001
3.81000,1.98000,0.99989,0.00006,0.00005
4.01000,1.98000,0.99900,0.00084,0.00016
4.21000,1.98000,0.99751,0.00093,0.00156
4.41000,1.98000,0.99298,0.00121,0.00581
4.61000,1.98000,0.93663,0.00041,0.06296
4.81000,1.98000,0.87296,0.00635,0.12069
5.01000,1.98000,0.35909,0.00154,0.63936
5.21000,1.98000,0.16359,0.00163,0.83479
5.41000,1.98000,0.09581,0.00007,0.90412
5.61000,1.98000,0.19718,0.00174,0.80108
5.81000,1.98000,0.29446,0.00071,0.70483
6.01000,1.98000,0.27990,0.00011,0.71999
6.21000,1.98000,0.30253,0.00008,0.69738
6.41000,1.98000,0.23635,0.00008,0.76357
6.61000,1.98000,0.21101,0.00020,0.78878
6.81000,1.98000,0.48932,0.00039,0.51029
7.01000,1.98000,0.41474,0.00004,0.58521
7.21000,1.98000,0.52817,0.00027,0.47157
7.41000,1.98000,0.49886,0.00157,0.49957
7.61000,1.98000,0.27789,0.00021,0.72190
7.81000,1.98000,0.28185,0.00016,0.71798
8.01000,1.98000,0.39979,0.01315,0.58706
8.21000,1.98000,0.48561,0.03723,0.47716
8.41000,1.98000,0.52388,0.07409,0.40202
8.61000,1.98000,0.36053,0.21239,0.42708
8.81000,1.98000,0.32950,0.53253,0.13797
9.01000,1.98000,0.22234,0.68097,0.09669
9.21000,1.98000,0.01645,0.98202,0.00153
9.41000,1.98000,0.00458,0.99495,0.00047
9.61000,1.98000,0.00168,0.99821,0.00011
9.81000,1.98000,0.00093,0.99901,0.00006
10.01000,1.98000,0.00106,0.99885,0.00009
10.21000,1.98000,0.00103,0.99885,0.00012
10.41000,1.98000,0.00097,0.99892,0.00011
10.61000,1.98000,0.00128,0.99853,0.00020
10.81000,1.98000,0.00346,0.99575,0.00080
11.01000,1.98000,0.01598,0.97701,0.00701
11.21000,1.98000,0.01640,0.97616,0.00744
11.41000,1.98000,0.00278,0.99663,0.00059
11.61000,1.98000,0.00212,0.99772,0.00016
11.81000,1.98000,0.00540,0.99422,0.00039
12.01000,1.98000,0.00956,0.99020,0.00024
12.21000,1.98000,0.00469,0.99521,0.00010
12.41000,1.98000,0.00239,0.99756,0.00005
12.61000,1.98000,0.00122,0.99875,0.00003
12.81000,1.98000,0.00106,0.99892,0.00002
13.01000,1.98000,0.00389,0.99602,0.00009
13.21000,1.98000,0.02629,0.97275,0.00096
13.41000,1.98000,0.12814,0.86430,0.00756
13.61000,1.98000,0.06369,0.93032,0.00599
13.81000,1.98000,0.12181,0.85612,0.02207
14.01000,1.98000,0.55740,0.29676,0.14583
14.21000,1.98000,0.60622,0.02875,0.36503
14.41000,1.98000,0.70381,0.02199,0.27419
14.61000,1.98000,0.60343,0.00754,0.38903
14.81000,1.98000,0.64903,0.00488,0.34609
15.01000,1.98000,0.42766,0.00154,0.57079
15.21000,1.98000,0.40827,0.00382,0.58791
15.41000,1.98000,0.26408,0.00084,0.73509
15.61000,1.98000,0.26050,0.00023,0.73927
15.81000,1.98000,0.17961,0.00050,0.81989
16.01000,1.98000,0.24349,0.00621,0.75030
16.21000,1.98000,0.24842,0.00402,0.74756
16.41000,1.98000,0.17625,0.00261,0.82114
16.61000,1.98000,0.15253,0.00325,0.84422
16.81000,1.98000,0.34817,0.02872,0.62311
17.01000,1.98000,0.21636,0.00315,0.78049
17.21000,1.98000,0.22133,0.01717,0.76150
17.41000,1.98000,0.12820,0.00390,0.86790
17.61000,1.98000,0.19580,0.01251,0.79169
17.81000,1.98000,0.11448,0.00342,0.88210
18.01000,1.98000,0.12970,0.00471,0.86558
18.21000,1.98000,0.06922,0.00309,0.92769
18.41000,1.98000,0.06554,0.00223,0.93223
18.61000,1.98000,0.05158,0.00038,0.94805
18.81000,1.98000,0.19364,0.00194,0.80442
19.01000,1.98000,0.64585,0.00252,0.35164
19.21000,1.98000,0.90204,0.00101,0.09695
19.41000,1.98000,0.99081,0.00038,0.00881
19.61000,1.98000,0.99789,0.00053,0.00157
19.81000,1.98000,0.99948,0.00035,0.00017
20.01000,1.98000,0.99983,0.00015,0.00003
20.21000,1.98000,0.99995,0.00005,0.00000
20.41000,1.98000,0.99991,0.00009,0.00000
20.61000,1.98000,0.99995,0.00005,0.00000
20.81000,1.98000,0.99995,0.00005,0.00000
21.01000,1.98000,0.99996,0.00004,0.00000
21.21000,1.98000,0.99996,0.00004,0.00000
21.41000,1.98000,0.99996,0.00004,0.00000
21.61000,1.98000,0.99996,0.00004,0.00000
21.81000,1.98000,0.99996,0.00004,0.00000
22.01000,1.98000,0.99996,0.00004,0.00000
22.21000,1.98000,0.99996,0.00004,0.00000
22.41000,1.98000,0.99996,0.00004,0.00000
22.61000,1.98000,0.99996,0.00004,0.00000
22.81000,1.98000,0.99995,0.00005,0.00000
23.01000,1.98000,0.99994,0.00006,0.00000
23.21000,1.98000,0.99993,0.00007,0.00000
23.41000,1.98000,0.99981,0.00019,0.00000
23.61000,1.98000,0.99968,0.00029,0.00004
23.81000,1.98000,0.99952,0.00021,0.00028
24.01000,1.98000,0.99705,0.00060,0.00234
24.21000,1.98000,0.98609,0.00175,0.01216
24.41000,1.98000,0.91067,0.00074,0.08859
24.61000,1.98000,0.71603,0.00050,0.28348
24.81000,1.98000,0.20758,0.00047,0.79195
25.01000,1.98000,0.06430,0.00010,0.93560
25.21000,1.98000,0.04335,0.00001,0.95664
25.41000,1.98000,0.03816,0.00004,0.96180
25.61000,1.98000,0.05218,0.00003,0.94779
25.81000,1.98000,0.06023,0.00002,0.93975
26.01000,1.98000,0.09013,0.00000,0.90986
26.21000,1.98000,0.02291,0.00000,0.97708
26.41000,1.98000,0.04553,0.00001,0.95447
26.61000,1.98000,0.02691,0.00001,0.97308
26.81000,1.98000,0.04173,0.00000,0.95827
27.01000,1.98000,0.03678,0.00001,0.96321
27.21000,1.98000,0.06829,0.00000,0.93171
27.41000,1.98000,0.03336,0.00001,0.96664
27.61000,1.98000,0.07583,0.00000,0.92417
27.81000,1.98000,0.06052,0.00001,0.93947
28.01000,1.98000,0.04567,0.00000,0.95433
28.21000,1.98000,0.06174,0.00006,0.93820
28.41000,1.98000,0.03373,0.00001,0.96625
28.61000,1.98000,0.10760,0.00001,0.89240
28.81000,1.98000,0.39176,0.00002,0.60822
29.01000,1.98000,0.81981,0.00076,0.17943
29.21000,1.98000,0.96074,0.00017,0.03909
29.41000,1.98000,0.99297,0.00052,0.00651
29.61000,1.98000,0.99918,0.00015,0.00067
29.81000,1.98000,0.99971,0.00023,0.00007
30.01000,1.98000,0.99987,0.00011,0.00002
30.21000,1.98000,0.99947,0.00052,0.00000
30.41000,1.98000,0.99990,0.00010,0.00000
30.61000,1.98000,0.99993,0.00007,0.00000
30.81000,1.98000,0.99994,0.00006,0.00000
31.01000,1.98000,0.99994,0.00006,0.00000
31.21000,1.98000,0.99994,0.00006,0.00000
31.41000,1.98000,0.99994,0.00006,0.00000
31.61000,1.98000,0.99993,0.00007,0.00000
31.81000,1.98000,0.99993,0.00007,0.00000
32.01000,1.98000,0.99993,0.00007,0.00000
32.21000,1.98000,0.99993,0.00007,0.00000
32.41000,1.98000,0.99993,0.00007,0.00000
32.61000,1.98000,0.99993,0.00007,0.00000
32.81000,1.98000,0.99993,0.00007,0.00000
33.01000,1.98000,0.99992,0.00007,0.00000
33.21000,1.98000,0.99980,0.00020,0.00000
33.41000,1.98000,0.99936,0.00064,0.00000
33.61000,1.98000,0.99749,0.00249,0.00002
33.81000,1.98000,0.98949,0.01043,0.00008
34.01000,1.98000,0.98789,0.01165,0.00046
34.21000,1.98000,0.94579,0.05282,0.00139
34.41000,1.98000,0.91370,0.07476,0.01153
34.61000,1.98000,0.71762,0.21683,0.06555
34.81000,1.98000,0.33726,0.48853,0.17421
35.01000,1.98000,0.13404,0.76684,0.09912
35.21000,1.98000,0.14890,0.69138,0.15972
35.41000,1.98000,0.09192,0.73105,0.17703
35.61000,1.98000,0.12239,0.67371,0.20390
35.81000,1.98000,0.08771,0.84920,0.06309
36.01000,1.98000,0.09626,0.74698,0.15676
36.21000,1.98000,0.09539,0.72075,0.18386
36.41000,1.98000,0.09326,0.71947,0.18727
36.61000,1.98000,0.14632,0.65958,0.19410
36.81000,1.98000,0.18464,0.64557,0.16978
37.01000,1.98000,0.09906,0.75869,0.14225
37.21000,1.98000,0.13014,0.72994,0.13992
37.41000,1.98000,0.15322,0.75327,0.09351
37.61000,1.98000,0.15892,0.76453,0.07655
37.81000,1.98000,0.08101,0.88262,0.03637
38.01000,1.98000,0.06743,0.90063,0.03195
38.21000,1.98000,0.04205,0.95132,0.00663
38.41000,1.98000,0.01819,0.97941,0.00239
38.61000,1.98000,0.01339,0.98494,0.00167
38.81000,1.98000,0.00752,0.99195,0.00053
