# Time (seconds),f0,f1,f2
0.0099999,-0.59814453125,0.89892578125,0.09228515625
0.029999900000000003,-0.448974609375,0.89306640625,0.082275390625
0.0499999,-0.530029296875,0.833984375,-0.03173828125
0.0699999,-0.493896484375,0.93408203125,0.021484375
0.08999990000000001,-0.423583984375,0.924072265625,0.00390625
0.10999990000000001,-0.495849609375,0.81787109375,0.076171875
0.1299999,-0.43896484375,0.924072265625,0.1044921875
0.14999990000000002,-0.440185546875,0.872802734375,0.14453125
0.1699999,-0.558349609375,0.86328125,0.00341796875
0.1899999,-0.422607421875,0.9111328125,0.10400390625
0.20999990000000002,-0.56787109375,0.840576171875,0.073486328125
0.2299999,-0.5029296875,0.892822265625,-0.05859375
0.2499999,-0.3701171875,0.9599609375,0.05615234375
0.2699999,-0.58056640625,0.845458984375,0.06640625
0.28999990000000003,-0.397216796875,0.912841796875,0.124755859375
0.3099999,-0.473876953125,0.891357421875,0.1298828125
0.3299999,-0.431640625,0.8154296875,0.028076171875
0.34999990000000003,-0.50537109375,0.850341796875,0.052001953125
0.3699999,-0.529052734375,0.811767578125,0.072998046875
0.3899999,-0.571044921875,0.8623046875,-0.048095703125
0.40999990000000003,-0.381591796875,0.975830078125,0.007568359375
0.4299999,-0.5927734375,0.801513671875,-0.01513671875
0.4499999,-0.39794921875,0.803466796875,0.0380859375
0.4699999,-0.506103515625,0.859375,0.103759765625
0.4899999,-0.46923828125,0.827392578125,0.107177734375
0.5099999,-0.491943359375,0.9267578125,0.00048828125
0.5299999,-0.499755859375,0.801513671875,0.084228515625
0.5499999,-0.6240234375,0.76953125,-0.025390625
0.5699999,-0.4384765625,0.998779296875,-0.041748046875
0.5899998999999999,-0.52587890625,0.814208984375,-0.009765625
0.6099998999999999,-0.46533203125,0.920654296875,0.046142578125
0.6299999,-0.432373046875,0.880859375,0.113525390625
0.6499999,-0.5361328125,0.764404296875,0.08447265625
0.6699999,-0.4453125,1.07177734375,0.063232421875
0.6899999,-0.50537109375,0.7783203125,0.0439453125
0.7099999,-0.6171875,0.888916015625,0.050048828125
0.7299998999999999,-0.3642578125,1.000732421875,-0.035888671875
0.7499998999999999,-0.538818359375,0.81494140625,-0.0146484375
0.7699999,-0.42919921875,1.053955078125,0.02880859375
0.7899999,-0.413330078125,0.85400390625,0.03564453125
0.8099999,-0.5205078125,0.77294921875,0.059326171875
0.8299999,-0.4208984375,1.0576171875,0.09375
0.8499998999999999,-0.497802734375,0.75537109375,0.010498046875
0.8699998999999999,-0.591796875,0.9814453125,0.09033203125
0.8899999,-0.389892578125,0.930908203125,-0.015625
0.9099999,-0.389892578125,0.930908203125,-0.015625
0.9299999,-0.41650390625,1.022705078125,-0.017822265625
0.9499999,-0.41650390625,1.022705078125,-0.017822265625
0.9699998999999999,-0.568115234375,0.804931640625,0.06396484375
0.9899998999999999,-0.568115234375,0.804931640625,0.06396484375
1.0099999,-0.513427734375,0.802490234375,0.057373046875
1.0299999,-0.513427734375,0.802490234375,0.057373046875
1.0499999,-0.6044921875,0.91259765625,0.072265625
1.0699999,-0.526611328125,0.85400390625,0.054443359375
1.0899999,-0.546630859375,0.820068359375,-0.050048828125
1.1099999,-0.493408203125,0.984619140625,0.014404296875
1.1299999,-0.450927734375,0.910400390625,0.083251953125
1.1499999,-0.534912109375,0.78076171875,0.02490234375
1.1699998999999999,-0.471435546875,0.911376953125,0.145751953125
1.1899998999999999,-0.468017578125,0.832763671875,0.0634765625
1.2099999,-0.59033203125,0.8828125,0.0927734375
1.2299999,-0.456298828125,0.87109375,0.06787109375
1.2499999,-0.532958984375,0.854248046875,-0.0126953125
1.2699999,-0.521728515625,0.891357421875,-0.005615234375
1.2899999,-0.41650390625,0.950439453125,0.0048828125
1.3099999,-0.48828125,0.83203125,0.081787109375
1.3299999,-0.439453125,0.884521484375,0.0693359375
1.3499999,-0.429443359375,0.8828125,0.17138671875
1.3699999,-0.56396484375,0.8447265625,0.00732421875
1.3899999,-0.4296875,0.906494140625,0.112548828125
1.4099999,-0.56103515625,0.833984375,0.06689453125
1.4299998999999999,-0.52783203125,0.87939453125,-0.057373046875
1.4499999,-0.358154296875,0.972412109375,0.04052734375
1.4699999,-0.595703125,0.85205078125,0.062744140625
1.4899999,-0.401611328125,0.88330078125,0.127197265625
1.5099999,-0.4619140625,0.890380859375,0.129150390625
1.5299999,-0.435546875,0.80810546875,0.025390625
1.5499999,-0.50390625,0.855712890625,0.052001953125
1.5699999,-0.5205078125,0.8076171875,0.079345703125
1.5899999,-0.56396484375,0.873779296875,-0.05322265625
1.6099999,-0.382080078125,0.977783203125,0.001953125
1.6299999,-0.59033203125,0.80126953125,-0.007568359375
1.6499999,-0.399169921875,0.800048828125,0.03955078125
1.6699999,-0.508544921875,0.863525390625,0.0947265625
1.6899998999999999,-0.48095703125,0.8203125,0.107421875
1.7099999,-0.498779296875,0.89892578125,-0.01611328125
1.7299999,-0.486083984375,0.8125,0.083740234375
1.7499999,-0.623779296875,0.766845703125,-0.026611328125
1.7699999,-0.442626953125,0.996826171875,-0.042724609375
1.7899999,-0.51611328125,0.8115234375,-0.006103515625
1.8099999,-0.459716796875,0.900390625,0.04248046875
1.8299999,-0.43896484375,0.897705078125,0.12451171875
1.8499999,-0.527587890625,0.7724609375,0.086669921875
1.8699999,-0.44140625,1.039306640625,0.02880859375
1.8899999,-0.50048828125,0.786865234375,0.063232421875
1.9099999,-0.609375,0.8564453125,0.0263671875
1.9299998999999999,-0.361328125,1.0078125,-0.02392578125
1.9499999,-0.516845703125,0.8251953125,0.0068359375
1.9699999,-0.42529296875,1.009765625,0.000244140625
1.9899999,-0.397216796875,0.873291015625,0.076416015625
2.0099999,-0.5029296875,0.775634765625,0.04150390625
2.0299999,-0.425048828125,1.00830078125,0.071533203125
2.0499999,-0.50732421875,0.744873046875,-0.008544921875
2.0699999,-0.628662109375,0.968505859375,0.054443359375
2.0899999,-0.355224609375,0.953125,-0.045166015625
2.1099999,-0.56494140625,0.78173828125,-0.0263671875
2.1299999,-0.3916015625,0.947265625,-0.024658203125
2.1499999,-0.436767578125,0.857666015625,0.04345703125
2.1699999,-0.53857421875,0.813232421875,0.0869140625
2.1899999,-0.455078125,1.019287109375,0.08349609375
2.2099999,-0.482421875,0.737548828125,0.011474609375
2.2299999,-0.62451171875,0.870361328125,0.02783203125
2.2499999,-0.482177734375,0.922119140625,0.033203125
2.2699999,-0.566650390625,0.81689453125,-0.0390625
2.2899999,-0.438232421875,0.991943359375,0.017822265625
2.3099999,-0.44580078125,0.8388671875,0.078857421875
2.3299999,-0.509765625,0.775634765625,0.060302734375
2.3499999,-0.4541015625,1.0126953125,0.15283203125
2.3699999,-0.459716796875,0.796630859375,0.03125
2.3899999,-0.614990234375,0.89306640625,0.08154296875
2.4099999,-0.44873046875,0.925048828125,0.080810546875
2.4299999,-0.5205078125,0.83056640625,-0.0634765625
2.4499999,-0.482666015625,1.003662109375,0.053955078125
2.4699999,-0.437255859375,0.8896484375,-0.01025390625
2.4899999,-0.50390625,0.799072265625,0.076416015625
2.5099999,-0.446533203125,1.0283203125,0.166015625
2.5299999,-0.467529296875,0.8134765625,0.07470703125
2.5499999,-0.58984375,0.906982421875,0.0380859375
2.5699999,-0.3935546875,0.921630859375,0.052490234375
2.5899999,-0.584228515625,0.853515625,0.012939453125
2.6099999,-0.4560546875,1.0107421875,0.02099609375
2.6299999,-0.39208984375,0.90673828125,0.045654296875
2.6499999,-0.576904296875,0.8466796875,0.063720703125
2.6699999,-0.40966796875,1.069091796875,0.15673828125
2.6899999,-0.489501953125,0.819580078125,0.081298828125
2.7099999,-0.446044921875,0.905029296875,0.05224609375
2.7299999,-0.547119140625,0.86962890625,0.054931640625
2.7499999,-0.592041015625,0.85986328125,0.05810546875
2.7699999,-0.4716796875,1.02099609375,-0.024169921875
2.7899999,-0.425537109375,0.92724609375,0.04931640625
2.8099999,-0.614013671875,0.77978515625,0.025146484375
2.8299999,-0.395751953125,0.916015625,0.152587890625
2.8499999,-0.55224609375,0.88037109375,0.126953125
2.8699999,-0.572021484375,0.880126953125,0.0927734375
2.8899999,-0.525146484375,0.82275390625,0.033203125
2.9099999,-0.520263671875,0.833740234375,-0.001708984375
2.9299999,-0.576171875,0.86376953125,-0.021728515625
2.9499999,-0.457763671875,0.9599609375,0.063720703125
2.9699999,-0.514404296875,0.811279296875,0.020751953125
2.9899999,-0.490234375,0.841064453125,0.0830078125
3.0099999,-0.472412109375,0.855224609375,0.12841796875
3.0299999,-0.53076171875,0.845458984375,0.08984375
3.0499999,-0.45458984375,0.875244140625,0.028076171875
3.0699999,-0.54052734375,0.849609375,0.0390625
3.0899999,-0.526611328125,0.833251953125,-0.01416015625
3.1099999,-0.39990234375,0.98583984375,0.025146484375
3.1299999,-0.4931640625,0.82666015625,0.081787109375
3.1499999,-0.43212890625,0.84814453125,0.019775390625
3.1699999,-0.41796875,0.902099609375,0.184326171875
3.1899999,-0.55615234375,0.8056640625,0.008056640625
3.2099999,-0.440185546875,0.901123046875,0.12451171875
3.2299999,-0.54052734375,0.81982421875,0.0654296875
3.2499999,-0.5693359375,0.8701171875,-0.07666015625
3.2699999,-0.3544921875,0.9775390625,0.01953125
3.2899999,-0.585693359375,0.840087890625,0.067626953125
3.3099999,-0.389404296875,0.86669921875,0.09521484375
3.3299999000000002,-0.47119140625,0.881103515625,0.119873046875
3.3499999,-0.435302734375,0.80712890625,0.037353515625
3.3699999,-0.49267578125,0.870849609375,0.02880859375
3.3899999,-0.52001953125,0.783935546875,0.064697265625
3.4099999,-0.57666015625,0.8427734375,-0.0400390625
3.4299999,-0.37744140625,0.977783203125,-0.001953125
3.4499999,-0.594482421875,0.801513671875,-0.021728515625
3.4699999,-0.594482421875,0.801513671875,-0.021728515625
3.4899999,-0.49609375,0.85791015625,0.103759765625
3.5099999,-0.49609375,0.85791015625,0.103759765625
3.5299999,-0.493408203125,0.918701171875,0.00146484375
3.5499999,-0.493408203125,0.918701171875,0.00146484375
3.5699999,-0.51318359375,0.839599609375,0.09130859375
3.5899999,-0.604248046875,0.756591796875,-0.032470703125
3.6099999,-0.429443359375,0.978759765625,-0.03564453125
3.6299999,-0.4990234375,0.811279296875,-0.006103515625
3.6499999,-0.4765625,0.9052734375,0.061279296875
3.6699999,-0.5263671875,0.727294921875,0.152587890625
3.6899999,-1.91064453125,-0.12353515625,-0.95166015625
3.7099999,-0.240966796875,1.207275390625,-1.03515625
3.7299999,1.148193359375,1.41796875,-0.805419921875
3.7499999,-0.560302734375,0.9541015625,0.1455078125
3.7699999,-0.33642578125,1.3876953125,-0.27783203125
3.7899999,0.023193359375,1.2470703125,0.2685546875
3.8099999,-0.727294921875,0.47021484375,0.306640625
3.8299999000000002,-0.69970703125,0.5927734375,0.17431640625
3.8499999,-0.669189453125,0.988525390625,0.263671875
3.8699999,-0.621826171875,0.85498046875,0.061767578125
3.8899999,-0.564697265625,0.9482421875,-0.020263671875
3.9099999,-0.2783203125,0.844970703125,0.065673828125
3.9299999,-0.477294921875,0.847900390625,0.04443359375
3.9499999,-0.535400390625,0.953857421875,0.12109375
3.9699999,-0.519287109375,0.837646484375,0.050048828125
3.9899999,-0.413818359375,0.7890625,0.01953125
4.0099999,-0.49169921875,0.931640625,0.125244140625
4.029999900000001,-0.36669921875,0.984130859375,0.158203125
4.0499999,-1.681640625,0.50048828125,-0.696044921875
4.069999900000001,-0.439208984375,0.859619140625,-0.7841796875
4.0899999000000005,0.0849609375,1.7802734375,-0.3671875
4.1099999,1.825439453125,0.64013671875,0.407958984375
4.1299999000000005,-0.1357421875,1.02197265625,-0.056884765625
4.1499999,0.245849609375,0.579833984375,0.158203125
4.1699999000000005,-1.158203125,0.902587890625,0.897216796875
4.1899999,-0.634033203125,0.805419921875,0.50830078125
4.209999900000001,-0.8681640625,0.390625,0.33984375
4.2299999,-0.615966796875,1.18701171875,0.377197265625
4.249999900000001,-0.140869140625,0.84521484375,-0.04443359375
4.2699999,-0.275146484375,1.038818359375,-0.2490234375
4.289999900000001,-1.302978515625,0.62255859375,-0.288818359375
4.3099999,-0.76416015625,0.624755859375,-0.0390625
4.329999900000001,-1.01904296875,0.98388671875,1.041748046875
4.3499999,-0.187255859375,0.572509765625,0.080810546875
4.369999900000001,0.041015625,1.11669921875,-0.5380859375
4.3899999,-0.653564453125,0.51123046875,0.52734375
4.409999900000001,-0.2255859375,1.044677734375,-0.022705078125
4.4299999,-0.536376953125,1.038330078125,0.014892578125
4.449999900000001,-0.47119140625,1.048095703125,0.216796875
4.4699999,-0.548583984375,0.848876953125,0.085205078125
4.489999900000001,-0.607666015625,0.774169921875,0.33203125
4.5099999,0.232666015625,0.933837890625,0.650390625
4.529999900000001,-0.342529296875,0.43505859375,-0.083251953125
4.5499999,-2.03515625,0.311767578125,-0.85107421875
4.569999900000001,-0.356201171875,1.20849609375,0.56640625
4.5899999000000005,-1.3662109375,0.403076171875,-0.138427734375
4.609999900000001,-0.5546875,0.935546875,0.23193359375
4.6299999000000005,-0.726318359375,0.907470703125,0.115234375
4.6499999,-0.609375,0.7236328125,0.0703125
4.6699999000000005,-0.410888671875,0.750732421875,-0.064697265625
4.6899999,-0.4404296875,1.0087890625,0.1298828125
4.709999900000001,-0.244140625,0.90966796875,-0.15576171875
4.7299999,-0.52392578125,0.73681640625,0.241943359375
4.749999900000001,-0.003173828125,1.72216796875,-0.4697265625
4.7699999,-0.156494140625,0.747314453125,0.4990234375
4.789999900000001,-0.007080078125,0.798828125,-0.108154296875
4.8099999,-0.630126953125,0.933837890625,-0.025634765625
4.829999900000001,-0.591064453125,1.02783203125,0.270263671875
4.8499999,-0.44482421875,0.88525390625,0.13818359375
4.869999900000001,-0.501708984375,0.82177734375,0.06787109375
4.8899999,-0.51416015625,0.766845703125,0.104248046875
4.909999900000001,-0.602294921875,0.95751953125,0.1591796875
4.9299999,-1.21435546875,0.841064453125,-0.50830078125
4.949999900000001,-0.258056640625,0.3857421875,0.0244140625
4.9699999,-0.212158203125,0.87646484375,-0.6171875
4.989999900000001,-0.2509765625,1.5185546875,-0.1240234375
5.0099999,-0.244384765625,0.843017578125,-0.16015625
5.029999900000001,-0.024169921875,0.941162109375,0.011474609375
5.0499999,-0.369384765625,1.070556640625,-0.087646484375
5.069999900000001,-0.39208984375,0.768798828125,-0.019287109375
5.0899999000000005,-0.509765625,0.715087890625,-0.035400390625
5.109999900000001,-1.091552734375,1.179931640625,0.693359375
5.1299999000000005,-0.393798828125,0.63623046875,0.040771484375
5.1499999,-0.15380859375,1.121337890625,-0.133056640625
5.1699999000000005,-0.405029296875,1.109619140625,0.193603515625
5.1899999,-0.48193359375,0.675048828125,-0.124755859375
5.209999900000001,-0.32421875,0.8291015625,0.185302734375
5.2299999,-0.4736328125,0.818115234375,0.0986328125
5.249999900000001,-0.379638671875,0.86767578125,0.074462890625
5.2699999,-0.338623046875,0.809814453125,0.15185546875
5.289999900000001,-0.0888671875,0.853759765625,-1.1796875
5.3099999,-0.43505859375,0.958251953125,0.18408203125
5.329999900000001,-0.43310546875,0.2607421875,-0.126220703125
5.3499999,-0.216064453125,0.970458984375,0.272216796875
5.369999900000001,-0.5478515625,0.68359375,0.28125
5.3899999,-0.507568359375,0.99169921875,0.16015625
5.409999900000001,-0.5517578125,0.834716796875,0.12939453125
5.4299999,-0.50244140625,0.73095703125,-0.073974609375
5.449999900000001,-0.373779296875,1.00927734375,0.032958984375
5.4699999,-0.379150390625,1.57373046875,0.335693359375
5.489999900000001,-1.545654296875,-0.2509765625,0.016845703125
5.5099999,-0.559814453125,1.094482421875,0.4365234375
5.529999900000001,-1.303466796875,0.71484375,0.142333984375
5.5499999,-0.48583984375,0.736328125,-0.04931640625
5.569999900000001,-0.571533203125,0.990966796875,0.304931640625
5.5899999000000005,-0.36181640625,0.967529296875,-0.015380859375
5.609999900000001,-0.072265625,0.97705078125,-0.047119140625
5.6299999000000005,-0.447021484375,0.5185546875,-0.268310546875
5.6499999,-1.14892578125,0.48388671875,-0.358154296875
5.6699999000000005,-0.677001953125,0.756591796875,1.192626953125
5.6899999,-0.603515625,0.47314453125,0.391357421875
5.709999900000001,-0.13037109375,1.0322265625,0.099853515625
5.7299999,-0.385009765625,0.971435546875,0.156005859375
5.749999900000001,-0.55517578125,0.97265625,0.114501953125
5.7699999,-0.441650390625,0.888671875,0.02783203125
5.789999900000001,-0.5419921875,0.80419921875,-0.013671875
5.8099999,-0.613037109375,1.068115234375,-0.028564453125
5.829999900000001,-0.28076171875,1.0947265625,-0.7705078125
5.8499999,0.1611328125,0.70068359375,-0.593994140625
5.869999900000001,-0.546875,0.83544921875,0.29736328125
5.8899999,-0.439208984375,1.2080078125,0.1591796875
5.909999900000001,-0.2373046875,0.81494140625,0.09765625
5.9299999,-0.371337890625,0.9501953125,0.1298828125
5.949999900000001,-0.62255859375,1.032958984375,-0.08544921875
5.9699999,-0.1923828125,0.996826171875,-0.036865234375
5.989999900000001,-1.358154296875,0.90185546875,-1.198974609375
6.0099999,-0.265869140625,1.018310546875,-0.2353515625
6.029999900000001,-0.1640625,0.743408203125,-0.4765625
6.0499999,-0.489990234375,0.804931640625,0.074462890625
6.069999900000001,-0.51025390625,1.089111328125,0.058349609375
6.0899999000000005,-0.51025390625,1.089111328125,0.058349609375
6.109999900000001,-0.388671875,0.944580078125,-0.00634765625
6.1299999000000005,-0.388671875,0.944580078125,-0.00634765625
6.149999900000001,-0.95361328125,0.7802734375,-0.00390625
6.1699999000000005,-0.95361328125,0.7802734375,-0.00390625
6.1899999,-0.43212890625,0.686279296875,0.589111328125
6.209999900000001,-0.43212890625,0.686279296875,0.589111328125
6.2299999,-0.403564453125,0.871826171875,-0.06494140625
6.249999900000001,-0.683837890625,0.93701171875,-0.0224609375
6.2699999,-0.4091796875,0.80908203125,-0.015869140625
6.289999900000001,-0.44091796875,0.935302734375,0.15966796875
6.3099999,-0.569091796875,0.93212890625,0.14892578125
6.329999900000001,-0.4482421875,0.772705078125,0.0224609375
6.3499999,-0.527099609375,1.027099609375,0.072021484375
6.369999900000001,-0.48681640625,0.922607421875,0.0078125
6.3899999,-0.490478515625,0.844970703125,0.05224609375
6.409999900000001,-0.526123046875,0.88330078125,0.03271484375
6.4299999,-0.416748046875,0.984130859375,0.07177734375
6.449999900000001,-0.478515625,0.809814453125,-0.01220703125
6.4699999,-0.62939453125,0.844482421875,0.12841796875
6.489999900000001,-0.558837890625,0.783447265625,0.02685546875
6.5099999,-0.62353515625,0.906005859375,0.012939453125
6.529999900000001,-0.6484375,0.90380859375,0.052734375
6.5499999,-0.44140625,0.78076171875,0.025146484375
6.569999900000001,-0.293701171875,0.920166015625,-0.053955078125
6.5899999000000005,-0.552734375,0.86572265625,0.00927734375
6.609999900000001,-0.53564453125,0.8564453125,0.016357421875
6.6299999000000005,-0.525146484375,0.903076171875,0.049560546875
6.649999900000001,-0.36474609375,0.818603515625,0.16259765625
6.6699999000000005,-0.42626953125,0.8720703125,-0.029296875
6.6899999,-0.54638671875,0.9140625,0.07373046875
6.709999900000001,-0.530029296875,0.900146484375,0.087158203125
6.7299999,-0.494873046875,0.90673828125,0.02587890625
6.749999900000001,-0.489990234375,0.844482421875,0.0712890625
6.7699999,-0.54150390625,0.882080078125,0.116943359375
6.789999900000001,-0.552978515625,0.89013671875,0.027099609375
6.8099999,-0.637939453125,0.943115234375,0.0185546875
6.829999900000001,-0.45703125,0.86376953125,0.02587890625
6.8499999,-0.517822265625,0.847900390625,0.0888671875
6.869999900000001,-0.595703125,0.816650390625,0.023681640625
6.8899999,-0.52978515625,0.856689453125,-0.040283203125
6.909999900000001,-0.425048828125,0.910400390625,0.04541015625
6.9299999,-0.484130859375,0.775146484375,0.031494140625
6.949999900000001,-0.563720703125,0.90576171875,0.076416015625
6.9699999,-0.349609375,0.894775390625,-0.002197265625
6.989999900000001,-0.39404296875,0.92578125,0.002685546875
7.0099999,-0.530029296875,0.8544921875,-0.022216796875
7.029999900000001,-0.60107421875,0.94482421875,0.1162109375
7.0499999,-0.47705078125,0.96728515625,-0.00439453125
7.069999900000001,-0.503173828125,0.7998046875,0.12255859375
7.0899999000000005,-0.5625,0.866943359375,0.0517578125
7.109999900000001,-0.35400390625,0.870361328125,0.003662109375
7.1299999000000005,-0.394287109375,0.947021484375,0.09765625
7.149999900000001,-0.531494140625,0.882080078125,0.0126953125
7.1699999000000005,-0.564697265625,0.861572265625,-0.045654296875
7.1899999,-0.4287109375,0.899658203125,0.049560546875
7.209999900000001,-0.56982421875,0.800048828125,0.058837890625
7.2299999,-0.5546875,0.862060546875,0.010498046875
7.249999900000001,-0.466064453125,0.903564453125,0.036376953125
7.2699999,-0.516357421875,0.7939453125,0.0546875
7.289999900000001,-0.51025390625,0.82373046875,0.03271484375
7.3099999,-0.40625,0.9716796875,0.16552734375
7.329999900000001,-0.51611328125,0.8447265625,0.09716796875
7.3499999,-0.51904296875,0.822021484375,0.0810546875
7.369999900000001,-0.444580078125,0.840576171875,0.029296875
7.3899999,-0.44970703125,0.85107421875,0.056884765625
7.409999900000001,-0.53515625,0.83544921875,0.0859375
7.4299999,-0.4111328125,0.931884765625,-0.004150390625
7.449999900000001,-0.396484375,0.882568359375,0.041259765625
7.4699999,-0.60107421875,0.868408203125,0.083740234375
7.489999900000001,-0.37939453125,0.91015625,0.0048828125
7.5099999,-0.42431640625,0.910888671875,0.084716796875
7.529999900000001,-0.59228515625,0.8115234375,0.007080078125
7.5499999,-0.39208984375,0.919189453125,0.025146484375
7.569999900000001,-0.462646484375,0.881591796875,0.115478515625
7.5899999000000005,-0.518310546875,0.8173828125,0.013671875
7.609999900000001,-0.447509765625,0.9404296875,0.05615234375
7.6299999000000005,-0.44970703125,0.864990234375,0.016357421875
7.649999900000001,-0.519775390625,0.840087890625,0.078125
7.6699999000000005,-0.41943359375,0.8779296875,-0.02490234375
7.6899999,-0.41943359375,0.845458984375,0.06103515625
7.709999900000001,-0.552001953125,0.8251953125,0.02978515625
7.7299999,-0.406005859375,0.97119140625,0.1591796875
7.749999900000001,-0.45166015625,0.824951171875,0.092529296875
7.7699999,-0.5126953125,0.82958984375,0.071533203125
7.789999900000001,-0.415283203125,1.017333984375,0.124755859375
7.8099999,-0.516845703125,0.830078125,0.107666015625
7.829999900000001,-0.4990234375,0.840576171875,0.061279296875
7.8499999,-0.464599609375,0.934814453125,-0.001220703125
7.869999900000001,-0.471435546875,0.78759765625,0.0556640625
7.8899999,-0.61572265625,0.912841796875,0.0966796875
7.909999900000001,-0.448974609375,0.91259765625,0.09130859375
7.9299999,-0.544677734375,0.831298828125,0.041015625
7.949999900000001,-0.607421875,0.87158203125,0.002197265625
7.9699999,-0.343505859375,0.959716796875,-0.031982421875
7.989999900000001,-0.568115234375,0.827880859375,-0.01953125
8.0099999,-0.446044921875,1.032958984375,0.055419921875
8.0299999,-0.384033203125,0.939208984375,0.066162109375
8.049999900000001,-0.5927734375,0.86474609375,0.072998046875
8.069999900000001,-0.38720703125,0.85546875,0.06640625
8.0899999,-0.440673828125,0.83349609375,0.048095703125
8.1099999,-0.5185546875,0.8271484375,0.083984375
8.129999900000001,-0.423828125,1.021240234375,0.103515625
8.149999900000001,-0.492919921875,0.7939453125,0.0478515625
8.1699999,-0.55810546875,0.926513671875,0.08642578125
8.1899999,-0.539306640625,0.845703125,0.016845703125
8.2099999,-0.534423828125,0.813720703125,0.048583984375
8.229999900000001,-0.633544921875,0.80810546875,-0.03125
8.2499999,-0.439208984375,0.959228515625,-0.05126953125
8.2699999,-0.514404296875,0.843505859375,-0.00146484375
8.2899999,-0.466064453125,1.0078125,0.098388671875
8.309999900000001,-0.4560546875,0.889892578125,-0.00927734375
8.3299999,-0.52099609375,0.7978515625,0.064208984375
8.3499999,-0.432373046875,0.935302734375,0.12158203125
8.3699999,-0.42919921875,0.844482421875,0.148681640625
8.389999900000001,-0.536376953125,0.812255859375,-0.01123046875
8.4099999,-0.4345703125,0.935302734375,0.114013671875
8.4299999,-0.54638671875,0.793701171875,0.059814453125
8.4499999,-0.635986328125,0.94189453125,-0.013427734375
8.469999900000001,-0.3349609375,0.934814453125,-0.0439453125
8.4899999,-0.56298828125,0.797119140625,-0.01220703125
8.5099999,-0.393310546875,0.96875,-0.02099609375
8.5299999,-0.4453125,0.881591796875,0.0419921875
8.549999900000001,-0.585205078125,0.811279296875,0.06982421875
8.569999900000001,-0.42529296875,0.97119140625,0.147705078125
8.5899999,-0.513671875,0.843994140625,0.09814453125
8.6099999,-0.513671875,0.843994140625,0.09814453125
8.629999900000001,-0.5380859375,0.84716796875,0.038818359375
8.649999900000001,-0.5380859375,0.84716796875,0.038818359375
8.6699999,-0.59912109375,0.811279296875,-0.047119140625
8.6899999,-0.59912109375,0.811279296875,-0.047119140625
8.709999900000001,-0.519287109375,0.83056640625,0.016845703125
8.729999900000001,-0.519287109375,0.83056640625,0.016845703125
8.7499999,-0.458984375,0.872802734375,0.030517578125
8.7699999,-0.436279296875,0.876708984375,0.125732421875
8.7899999,-0.5126953125,0.76123046875,0.08447265625
8.809999900000001,-0.435791015625,1.0654296875,0.0595703125
8.8299999,-0.486572265625,0.789794921875,0.04345703125
8.8499999,-0.620361328125,0.931396484375,0.072265625
8.8699999,-0.365478515625,0.94482421875,-0.02099609375
8.889999900000001,-0.5732421875,0.822509765625,-0.016845703125
8.9099999,-0.439208984375,1.043701171875,0.052490234375
8.9299999,-0.41162109375,0.89697265625,0.03662109375
8.9499999,-0.5693359375,0.807861328125,0.0263671875
8.969999900000001,-0.42822265625,1.034912109375,0.1533203125
8.9899999,-0.480224609375,0.84619140625,0.0947265625
9.0099999,-0.4736328125,0.8603515625,0.04638671875
9.0299999,-0.49169921875,0.873779296875,0.091796875
9.049999900000001,-0.56787109375,0.844482421875,0.07421875
9.069999900000001,-0.53955078125,0.93701171875,-0.01513671875
9.0899999,-0.380615234375,0.968994140625,0.05126953125
9.1099999,-0.59326171875,0.80029296875,-0.021240234375
9.129999900000001,-0.409912109375,0.806640625,0.0654296875
9.149999900000001,-0.5126953125,0.865234375,0.121826171875
9.1699999,-0.4609375,0.82763671875,0.091064453125
9.1899999,-0.483642578125,0.9052734375,-0.0185546875
9.209999900000001,-0.50927734375,0.823974609375,0.089111328125
9.229999900000001,-0.630859375,0.792724609375,-0.006103515625
9.2499999,-0.431396484375,0.970703125,-0.04931640625
9.2699999,-0.5029296875,0.834716796875,0.009765625
9.2899999,-0.4521484375,0.91748046875,0.0380859375
9.309999900000001,-0.438232421875,0.866943359375,0.105712890625
9.3299999,-0.516357421875,0.761474609375,0.08203125
9.3499999,-0.43603515625,1.06396484375,0.063232421875
9.3699999,-0.498291015625,0.789794921875,0.05224609375
9.389999900000001,-0.619873046875,0.9228515625,0.074462890625
9.4099999,-0.3564453125,0.950439453125,-0.041259765625
9.4299999,-0.5419921875,0.816650390625,0.0009765625
9.4499999,-0.4130859375,1.048828125,0.038818359375
9.469999900000001,-0.409912109375,0.87841796875,0.0126953125
9.4899999,-0.53125,0.78173828125,0.041015625
9.5099999,-0.40869140625,1.05419921875,0.070556640625
9.5299999,-0.50341796875,0.783935546875,0.004638671875
9.549999900000001,-0.58056640625,0.991943359375,0.100341796875
9.569999900000001,-0.40869140625,0.895263671875,-0.002685546875
9.5899999,-0.5693359375,0.798583984375,-0.025390625
9.6099999,-0.397705078125,0.99755859375,-0.014404296875
9.629999900000001,-0.44873046875,0.872314453125,0.043212890625
9.649999900000001,-0.567626953125,0.80810546875,0.07568359375
9.6699999,-0.435302734375,1.014892578125,0.109619140625
9.6899999,-0.500244140625,0.78173828125,0.033935546875
9.709999900000001,-0.607421875,0.9306640625,0.0595703125
9.729999900000001,-0.53564453125,0.888671875,0.0595703125
9.7499999,-0.5419921875,0.82763671875,-0.03759765625
9.7699999,-0.46875,0.982177734375,0.021728515625
9.7899999,-0.458984375,0.884521484375,0.088623046875
9.809999900000001,-0.51318359375,0.77197265625,0.025390625
9.8299999,-0.475341796875,0.994384765625,0.15966796875
9.8499999,-0.458251953125,0.807861328125,0.040283203125
9.8699999,-0.593017578125,0.905029296875,0.0830078125
9.889999900000001,-0.45556640625,0.904541015625,0.106689453125
9.9099999,-0.524169921875,0.828857421875,-0.053955078125
9.9299999,-0.472412109375,0.977294921875,0.06103515625
9.9499999,-0.45654296875,0.8916015625,-0.022705078125
9.969999900000001,-0.508544921875,0.769287109375,0.07080078125
9.9899999,-0.447021484375,1.036376953125,0.154296875
10.0099999,-0.465087890625,0.812744140625,0.057861328125
10.0299999,-0.611083984375,0.925048828125,0.03564453125
10.049999900000001,-0.39892578125,0.92236328125,0.035400390625
10.069999900000001,-0.205810546875,0.9326171875,0.001708984375
10.0899999,0.372314453125,1.72314453125,0.738037109375
10.1099999,1.66357421875,1.511962890625,-0.29248046875
10.129999900000001,0.167724609375,2.534423828125,-1.384521484375
10.149999900000001,-1.72021484375,-1.522705078125,2.362060546875
10.1699999,-0.529541015625,1.00244140625,-0.353515625
10.1899999,-0.605712890625,0.985595703125,-0.263671875
10.209999900000001,-0.64208984375,1.12646484375,0.234130859375
10.229999900000001,-0.194091796875,0.97802734375,0.09814453125
10.2499999,-0.341552734375,0.925048828125,0.113037109375
10.2699999,-0.342529296875,1.004150390625,0.019287109375
10.2899999,-0.265625,0.90869140625,0.058837890625
10.309999900000001,-0.5205078125,0.88623046875,0.043701171875
10.3299999,-0.607666015625,0.767333984375,0.049560546875
10.3499999,-0.666015625,0.866455078125,0.073486328125
10.3699999,-0.816162109375,0.132568359375,-0.571044921875
10.389999900000001,-0.692138671875,0.830810546875,-0.205322265625
10.4099999,-0.15234375,0.91796875,0.58984375
10.4299999,-0.50830078125,0.89794921875,0.355712890625
10.4499999,0.210205078125,1.146728515625,1.047119140625
10.469999900000001,0.254150390625,0.78515625,0.005126953125
10.4899999,-0.35498046875,0.64892578125,0.052001953125
10.5099999,-0.768310546875,0.892822265625,0.1240234375
10.5299999,-0.6611328125,0.717529296875,0.042236328125
10.549999900000001,-0.97119140625,0.85302734375,-0.0048828125
10.569999900000001,-1.653076171875,0.469970703125,1.10302734375
10.5899999,0.344482421875,1.708251953125,0.99755859375
10.6099999,0.1328125,0.161865234375,-0.896484375
10.629999900000001,-0.57763671875,1.220458984375,0.1416015625
10.649999900000001,-0.55126953125,0.709228515625,0.243896484375
10.6699999,-0.5703125,0.80224609375,0.084716796875
10.6899999,-0.530029296875,0.84765625,0.13427734375
10.709999900000001,-0.40673828125,0.957275390625,0.30517578125
10.729999900000001,-0.9794921875,0.83056640625,-1.395751953125
10.7499999,-0.8017578125,0.519287109375,-0.829833984375
10.7699999,-0.507568359375,2.05126953125,-0.3046875
10.7899999,-1.730224609375,0.589599609375,0.073974609375
10.809999900000001,-0.7783203125,0.6748046875,0.25
10.8299999,-0.682373046875,0.53955078125,-0.035400390625
10.8499999,-0.67919921875,0.84033203125,-0.02392578125
10.8699999,-0.575927734375,0.848876953125,-0.0322265625
10.889999900000001,-0.59375,0.79248046875,0.06103515625
10.9099999,-1.682861328125,0.784423828125,0.438720703125
10.9299999,-1.255615234375,0.58349609375,-0.12158203125
10.9499999,-1.25927734375,0.281982421875,-0.403076171875
10.969999900000001,-0.634033203125,1.5439453125,-0.345947265625
10.9899999,-0.184814453125,0.926513671875,0.2412109375
11.0099999,-0.413330078125,0.87451171875,-0.0341796875
11.0299999,-0.55810546875,0.864990234375,0.05810546875
11.049999900000001,-0.863525390625,1.2001953125,0.042724609375
11.069999900000001,-0.565185546875,0.533447265625,0.446044921875
11.0899999,0.059814453125,1.114990234375,0.01708984375
11.1099999,-0.432861328125,0.700927734375,0.436767578125
11.129999900000001,-0.432861328125,0.700927734375,0.436767578125
11.149999900000001,-0.756591796875,1.15283203125,0.111083984375
11.1699999,-0.756591796875,1.15283203125,0.111083984375
11.1899999,-0.72412109375,0.53857421875,0.582275390625
11.209999900000001,-0.72412109375,0.53857421875,0.582275390625
11.229999900000001,-0.675048828125,0.309326171875,0.294189453125
11.2499999,-0.17529296875,1.09521484375,-0.004150390625
11.2699999,-0.52392578125,0.943115234375,-0.181884765625
11.2899999,-0.1962890625,1.2724609375,-0.138671875
11.309999900000001,-0.67724609375,0.905517578125,-0.56005859375
11.3299999,-0.106201171875,1.293701171875,0.044677734375
11.3499999,-0.70361328125,0.909423828125,-0.979736328125
11.3699999,-1.037353515625,0.837646484375,0.06494140625
11.389999900000001,-0.447998046875,0.71728515625,0.300537109375
11.4099999,-0.617431640625,0.3203125,0.8251953125
11.4299999,-0.664306640625,0.837158203125,0.014404296875
11.4499999,-0.5771484375,1.017333984375,-0.383544921875
11.469999900000001,-0.515869140625,0.903564453125,0.02587890625
11.4899999,-0.50439453125,0.821044921875,-0.19921875
11.5099999,-0.479248046875,0.802978515625,0.036865234375
11.5299999,-0.561767578125,0.91748046875,0.30322265625
11.549999900000001,-0.7099609375,0.67041015625,-0.54638671875
11.569999900000001,0.219482421875,1.3759765625,-0.215087890625
11.5899999,-0.967041015625,1.168701171875,-0.314453125
11.6099999,-0.442626953125,1.306884765625,-0.256591796875
11.629999900000001,-0.36376953125,0.9833984375,-0.007080078125
11.649999900000001,-0.36181640625,0.923583984375,0.07958984375
11.6699999,-0.473876953125,0.876953125,0.1064453125
11.6899999,-0.462890625,0.877685546875,-0.0107421875
11.709999900000001,-0.18701171875,0.80419921875,-0.082275390625
11.729999900000001,-0.417724609375,1.4140625,0.39794921875
11.7499999,-0.318359375,0.240966796875,-0.84912109375
11.7699999,-0.45947265625,0.718505859375,0.139892578125
11.7899999,-0.810791015625,0.992431640625,-0.038330078125
11.809999900000001,0.07470703125,0.455078125,-0.237548828125
11.8299999,-0.685302734375,1.00048828125,0.2919921875
11.8499999,-0.563232421875,0.79443359375,0.13720703125
11.8699999,-0.52734375,0.770263671875,0.037353515625
11.889999900000001,-0.5693359375,0.9375,0.05078125
11.9099999,-0.374267578125,0.767822265625,0.11572265625
11.9299999,-0.719482421875,1.138427734375,0.004150390625
11.9499999,-0.61865234375,1.168701171875,0.123779296875
11.969999900000001,-0.557373046875,0.934326171875,0.19677734375
11.9899999,-0.15087890625,1.044677734375,-0.093994140625
12.0099999,-0.44384765625,0.89453125,-0.095947265625
12.0299999,-0.470947265625,1.0712890625,0.009033203125
12.049999900000001,-0.26953125,0.734375,-0.05126953125
12.069999900000001,-0.49169921875,0.853515625,-0.0322265625
12.0899999,-0.369140625,0.78466796875,0.11181640625
12.1099999,-0.894775390625,0.7578125,0.05419921875
12.129999900000001,-0.974365234375,0.5771484375,-0.252197265625
12.149999900000001,-0.401123046875,0.468994140625,0.01708984375
12.1699999,0.22314453125,0.583251953125,0.148193359375
12.1899999,-0.1884765625,0.645263671875,0.071044921875
12.209999900000001,-0.551513671875,0.7236328125,-0.031005859375
12.229999900000001,-0.600830078125,0.899658203125,0.093994140625
12.2499999,-0.3642578125,0.89404296875,0.02001953125
12.2699999,-0.241943359375,0.71875,-0.008544921875
12.289999900000002,-0.474853515625,0.884765625,-0.06103515625
12.309999900000001,-0.575439453125,0.72265625,-0.017333984375
12.3299999,-0.57958984375,0.822021484375,0.0673828125
12.3499999,-0.547119140625,0.9609375,-0.063232421875
12.3699999,-0.42578125,0.903564453125,0.1044921875
12.389999900000001,-0.46728515625,0.882080078125,0.36083984375
12.4099999,-0.661865234375,0.694091796875,-0.056884765625
12.4299999,-0.6640625,0.763916015625,-0.01171875
12.4499999,-0.33544921875,0.86181640625,0.129638671875
12.469999900000001,-0.428955078125,0.8037109375,-0.240478515625
12.4899999,-0.760009765625,1.08984375,0.459228515625
12.5099999,-0.325927734375,0.806884765625,-0.13818359375
12.5299999,-0.25439453125,0.8759765625,0.632568359375
12.549999900000001,-0.265625,0.981689453125,-0.446533203125
12.569999900000001,-0.90771484375,0.774658203125,0.15283203125
12.5899999,-1.017822265625,0.79052734375,0.304443359375
12.6099999,-0.575927734375,0.77392578125,0.45654296875
12.629999900000001,-0.787353515625,0.985595703125,-0.0654296875
12.649999900000001,-0.841552734375,1.084228515625,-0.031005859375
12.6699999,-0.5087890625,1.026611328125,0.15966796875
12.6899999,-0.36865234375,0.969970703125,-0.2607421875
12.709999900000001,0.04248046875,1.02197265625,0.06689453125
12.729999900000001,-0.129150390625,0.739013671875,0.02978515625
12.7499999,-0.729736328125,1.103515625,-0.340087890625
12.7699999,0.58203125,0.762451171875,0.355712890625
12.789999900000002,0.097412109375,1.082275390625,0.090087890625
12.809999900000001,-0.385986328125,0.84130859375,-0.458984375
12.8299999,0.233154296875,0.458984375,0.1533203125
12.8499999,-0.01220703125,0.973876953125,0.190185546875
12.8699999,-0.5849609375,1.00146484375,-0.05908203125
12.889999900000001,0.334716796875,0.691650390625,0.32861328125
12.9099999,0.02783203125,1.08642578125,-0.0341796875
12.9299999,-0.195068359375,0.772216796875,-0.291259765625
12.9499999,0.72705078125,0.5625,0.343994140625
12.969999900000001,0.061767578125,1.354248046875,-0.47119140625
12.9899999,-0.81640625,1.32861328125,-0.364013671875
13.0099999,-0.819580078125,1.187255859375,-0.0849609375
13.0299999,-0.3828125,0.706787109375,0.384765625
13.049999900000001,-0.909912109375,0.57421875,0.042236328125
13.069999900000001,-0.30712890625,0.79443359375,1.053955078125
13.0899999,-0.488037109375,1.003173828125,0.446533203125
13.1099999,-0.073486328125,0.767578125,-0.38232421875
13.129999900000001,-0.71337890625,0.8349609375,-0.743896484375
13.149999900000001,-0.938720703125,0.9794921875,0.331787109375
13.1699999,-0.784423828125,1.068359375,0.582763671875
13.1899999,-0.6982421875,0.724609375,0.279052734375
13.209999900000001,-0.144775390625,0.705078125,0.14501953125
13.229999900000001,-0.840576171875,0.4580078125,-0.030029296875
13.2499999,-0.606689453125,0.689453125,-0.560546875
13.2699999,-0.458740234375,0.9345703125,0.11181640625
13.289999900000002,-0.823486328125,1.01513671875,0.1328125
13.309999900000001,-0.617919921875,1.002685546875,0.294189453125
13.3299999,-0.439697265625,0.899169921875,0.135498046875
13.3499999,-1.311767578125,1.242919921875,0.3779296875
13.3699999,-0.82666015625,0.705322265625,1.17431640625
13.389999900000001,0.33642578125,0.52197265625,-0.348876953125
13.4099999,-0.45703125,0.70654296875,-0.56494140625
13.4299999,-0.499267578125,0.88134765625,0.275634765625
13.4499999,-0.42041015625,0.974609375,0.390625
13.469999900000001,0.3056640625,0.634765625,0.05224609375
13.4899999,-0.14892578125,0.770751953125,-0.293212890625
13.5099999,-0.77490234375,1.3583984375,-0.08203125
13.5299999,0.127685546875,1.245361328125,0.458740234375
13.549999900000001,-0.246826171875,0.863037109375,0.244384765625
13.569999900000001,-0.69384765625,0.8408203125,-0.137451171875
13.5899999,-1.0732421875,0.930419921875,-0.616455078125
13.6099999,-1.0732421875,0.930419921875,-0.616455078125
13.629999900000001,-0.90673828125,0.67724609375,0.39697265625
13.649999900000001,-0.90673828125,0.67724609375,0.39697265625
13.6699999,-0.38916015625,1.20751953125,-0.2578125
13.6899999,-0.38916015625,1.20751953125,-0.2578125
13.709999900000001,-0.230224609375,0.791748046875,0.902587890625
13.729999900000001,-0.230224609375,0.791748046875,0.902587890625
13.7499999,-0.38134765625,1.387451171875,0.310546875
13.7699999,0.642333984375,0.82177734375,-0.4033203125
13.789999900000002,-0.5498046875,0.787353515625,-1.4736328125
13.809999900000001,-0.844970703125,0.671142578125,-0.15087890625
13.8299999,-0.986328125,0.602294921875,0.72607421875
13.8499999,-0.40625,0.903076171875,0.96044921875
13.8699999,-0.126708984375,1.16748046875,0.385009765625
13.889999900000001,-0.93798828125,0.508056640625,-0.0478515625
13.9099999,-1.31103515625,0.80810546875,0.2275390625
13.9299999,0.063720703125,0.579345703125,-0.3896484375
13.9499999,0.249267578125,0.359130859375,-0.379150390625
13.969999900000001,-0.1533203125,0.93017578125,-0.3212890625
13.9899999,-0.522705078125,1.082275390625,-0.44287109375
14.0099999,-1.04833984375,0.95458984375,-0.490966796875
14.0299999,-0.303466796875,1.21728515625,-0.6396484375
14.049999900000001,-0.080322265625,1.008544921875,-0.87548828125
14.069999900000001,-0.33349609375,0.961669921875,-0.7880859375
14.0899999,-0.4677734375,0.79150390625,0.09814453125
14.1099999,-0.955078125,0.478271484375,1.022705078125
14.129999900000001,-0.551025390625,0.750732421875,0.402099609375
14.149999900000001,0.28125,1.992919921875,0.501953125
14.1699999,0.010009765625,1.1123046875,-0.759765625
14.1899999,-0.236328125,1.175537109375,-0.44873046875
14.209999900000001,-0.80419921875,0.699951171875,0.408203125
14.229999900000001,-0.348876953125,0.175048828125,1.44775390625
14.2499999,-0.273681640625,0.769775390625,-0.625732421875
14.2699999,-1.50341796875,1.1142578125,0.940673828125
14.289999900000002,-0.031494140625,0.952880859375,0.18115234375
14.309999900000001,-1.10546875,0.986328125,-0.206787109375
14.3299999,0.19384765625,0.56591796875,0.246826171875
14.3499999,-0.487548828125,1.327392578125,-0.11376953125
14.3699999,0.744384765625,1.261474609375,-0.634521484375
14.389999900000001,-0.49560546875,0.267333984375,0.22265625
14.4099999,-0.1845703125,1.026611328125,-0.483642578125
14.4299999,-0.6318359375,1.06201171875,-0.514404296875
14.4499999,-0.77587890625,0.424072265625,0.271240234375
14.469999900000001,-0.890380859375,0.5693359375,0.783203125
14.4899999,-0.103271484375,0.815185546875,-0.205078125
14.5099999,0.470458984375,1.023193359375,-0.82861328125
14.5299999,0.3271484375,0.78515625,-0.748779296875
14.549999900000001,-1.1611328125,0.288330078125,-0.57373046875
14.569999900000001,-0.62158203125,0.67529296875,0.263427734375
14.5899999,0.78466796875,-0.1240234375,-0.070068359375
14.6099999,-0.662841796875,1.052490234375,0.471923828125
14.629999900000001,-1.24658203125,0.556396484375,0.69384765625
14.649999900000001,-0.8203125,0.68359375,0.553955078125
14.6699999,0.019775390625,1.35205078125,0.465087890625
14.6899999,-0.489501953125,0.7080078125,0.323974609375
14.709999900000001,-0.49169921875,0.818359375,0.34521484375
14.729999900000001,0.61083984375,1.10546875,-0.104736328125
14.7499999,-0.126220703125,1.45556640625,-0.44921875
14.7699999,-0.84130859375,0.9482421875,0.962646484375
14.789999900000002,-0.666015625,0.86865234375,-0.358642578125
14.809999900000001,-1.458251953125,0.51806640625,-0.337890625
14.8299999,-0.122802734375,1.0361328125,0.499755859375
14.8499999,-1.192138671875,0.095458984375,-0.107421875
14.8699999,-0.77197265625,0.757568359375,-0.276123046875
14.889999900000001,-0.7412109375,0.643310546875,0.027587890625
14.9099999,-0.683349609375,0.8603515625,0.116455078125
14.9299999,-0.68798828125,0.860595703125,0.076171875
14.9499999,-0.622314453125,0.766357421875,0.05029296875
14.969999900000001,-0.50390625,0.890625,-0.0244140625
14.9899999,-0.503662109375,0.79248046875,0.072998046875
15.0099999,-0.637451171875,0.834228515625,0.0439453125
15.0299999,-0.406005859375,0.83935546875,-0.021484375
15.049999900000001,-0.36181640625,0.847900390625,-0.009033203125
15.069999900000001,-0.517578125,0.99267578125,0.012939453125
15.0899999,-0.34814453125,0.815185546875,-0.0107421875
15.1099999,-0.60205078125,0.937744140625,0.156982421875
15.129999900000001,-0.540283203125,0.748291015625,0.046630859375
15.149999900000001,-0.62451171875,0.822021484375,0.0625
15.1699999,-0.46435546875,0.679443359375,0.033203125
15.1899999,-0.47412109375,0.880859375,0.0302734375
15.209999900000001,-0.484130859375,0.90966796875,0.02978515625
15.229999900000001,-0.3701171875,0.82470703125,0.10498046875
15.2499999,-0.529052734375,0.8583984375,0.03369140625
15.2699999,-0.624755859375,0.875244140625,0.086669921875
15.289999900000002,-0.52880859375,0.95361328125,0.09375
15.309999900000001,-0.341796875,0.7958984375,-0.019775390625
15.3299999,-0.383056640625,0.92578125,-0.111083984375
15.3499999,-0.5244140625,0.830810546875,0.09228515625
15.3699999,-0.555419921875,0.842529296875,0.01953125
15.389999900000001,-0.62158203125,0.9775390625,0.126708984375
15.4099999,-0.4833984375,0.830322265625,0.120849609375
15.4299999,-0.28662109375,0.90478515625,0.11474609375
15.4499999,-0.522216796875,0.866455078125,0.02294921875
15.469999900000001,-0.5390625,0.80908203125,0.0146484375
15.4899999,-0.429443359375,0.879638671875,-0.000732421875
15.5099999,-0.329833984375,0.92822265625,-0.05224609375
15.5299999,-0.57763671875,0.817138671875,0.060302734375
15.549999900000001,-0.552734375,0.84130859375,0.03369140625
15.569999900000001,-0.38427734375,0.848388671875,-0.021728515625
15.5899999,-0.39892578125,0.890380859375,-0.0126953125
15.6099999,-0.598876953125,0.85791015625,0.03125
15.629999900000001,-0.5078125,0.76953125,-0.0439453125
15.649999900000001,-0.412353515625,0.97998046875,0.166259765625
15.6699999,-0.419921875,0.826904296875,0.03466796875
15.6899999,-0.556640625,0.884033203125,0.039794921875
15.709999900000001,-0.572021484375,0.865966796875,-0.052490234375
15.729999900000001,-0.4287109375,0.88232421875,0.076904296875
15.7499999,-0.511962890625,0.74853515625,0.026123046875
15.7699999,-0.531494140625,0.80517578125,0.019287109375
15.789999900000002,-0.393310546875,0.965576171875,0.177490234375
15.809999900000001,-0.422119140625,0.80810546875,0.025146484375
15.8299999,-0.59033203125,0.82470703125,0.0146484375
15.8499999,-0.42529296875,1.008056640625,0.0712890625
15.869999900000002,-0.420166015625,0.9111328125,-0.079833984375
15.889999900000001,-0.580810546875,0.841552734375,-0.03125
15.9099999,-0.62060546875,0.99365234375,0.08642578125
15.9299999,-0.466064453125,0.9013671875,0.13232421875
15.9499999,-0.530517578125,0.72998046875,-0.01806640625
15.969999900000001,-0.4521484375,0.811767578125,0.033203125
15.9899999,-0.444580078125,0.947509765625,0.019287109375
16.0099999,-0.51123046875,0.821533203125,0.093994140625
16.0299999,-0.477294921875,0.810791015625,0.0595703125
16.0499999,-0.43310546875,0.94287109375,0.16015625
16.0699999,-0.45947265625,0.8603515625,0.1474609375
16.089999900000002,-0.530029296875,0.8134765625,0.07080078125
16.109999900000002,-0.433837890625,0.885009765625,0.069580078125
16.1299999,-0.412841796875,0.849365234375,0.101318359375
16.1499999,-0.556884765625,0.843017578125,0.037109375
16.1699999,-0.39697265625,0.91650390625,0.11865234375
16.1899999,-0.435546875,0.81201171875,0.02734375
16.2099999,-0.58349609375,0.829345703125,0.073974609375
16.2299999,-0.3876953125,0.8310546875,0.091552734375
16.249999900000002,-0.3876953125,0.8310546875,0.091552734375
16.269999900000002,-0.502197265625,0.783935546875,0.067626953125
16.2899999,-0.502197265625,0.783935546875,0.067626953125
16.3099999,-0.447998046875,0.85498046875,0.15234375
16.3299999,-0.447998046875,0.85498046875,0.15234375
16.3499999,-0.515869140625,0.785400390625,0.0703125
16.3699999,-0.4482421875,1.029296875,0.171875
16.3899999,-0.441162109375,0.827880859375,0.150390625
16.4099999,-0.510009765625,0.78466796875,0.034423828125
16.429999900000002,-0.402099609375,1.0166015625,0.05029296875
16.4499999,-0.501220703125,0.79248046875,0.03271484375
16.4699999,-0.461669921875,0.85009765625,0.044189453125
16.4899999,-0.48974609375,0.879638671875,0.052978515625
16.5099999,-0.5087890625,0.768798828125,0.03857421875
16.5299999,-0.635009765625,0.92333984375,0.0712890625
16.5499999,-0.524169921875,0.887939453125,0.083251953125
16.5699999,-0.55908203125,0.823486328125,-0.029052734375
16.589999900000002,-0.583984375,0.82177734375,-0.0400390625
16.609999900000002,-0.440185546875,0.9677734375,-0.04248046875
16.6299999,-0.50146484375,0.84423828125,0.000244140625
16.6499999,-0.444580078125,1.00634765625,0.09130859375
16.6699999,-0.453125,0.901611328125,0.01025390625
16.6899999,-0.51416015625,0.8017578125,0.06298828125
16.7099999,-0.44287109375,0.87646484375,0.037353515625
16.7299999,-0.40380859375,0.867431640625,0.166015625
16.749999900000002,-0.5029296875,0.775146484375,0.05029296875
16.769999900000002,-0.415771484375,0.998291015625,0.058349609375
16.7899999,-0.513671875,0.761474609375,0.001953125
16.8099999,-0.5810546875,0.99609375,0.109130859375
16.8299999,-0.457763671875,0.888671875,0.050537109375
16.8499999,-0.585693359375,0.81298828125,0.016357421875
16.8699999,-0.49658203125,0.97265625,-0.00830078125
16.8899999,-0.392578125,0.971923828125,0.047119140625
16.9099999,-0.59521484375,0.785400390625,-0.01025390625
16.929999900000002,-0.40185546875,0.810546875,0.01416015625
16.9499999,-0.48876953125,0.8388671875,0.05712890625
16.9699999,-0.462158203125,0.77685546875,0.093994140625
16.9899999,-0.445556640625,1.032470703125,0.068359375
17.0099999,-0.467041015625,0.8056640625,0.04931640625
17.0299999,-0.635498046875,0.907470703125,0.08984375
17.0499999,-0.454345703125,0.9150390625,0.10205078125
17.0699999,-0.5380859375,0.829833984375,-0.052978515625
17.089999900000002,-0.504150390625,0.92578125,0.028564453125
17.109999900000002,-0.442626953125,0.9677734375,0.025634765625
17.1299999,-0.49853515625,0.816162109375,0.064208984375
17.1499999,-0.455810546875,0.862060546875,0.032470703125
17.1699999,-0.405029296875,0.864990234375,0.177490234375
17.1899999,-0.5185546875,0.784912109375,0.008056640625
17.2099999,-0.43798828125,0.949951171875,0.121337890625
17.2299999,-0.543212890625,0.7890625,0.072021484375
17.249999900000002,-0.623779296875,0.9140625,-0.022216796875
17.269999900000002,-0.331787109375,0.957275390625,-0.031982421875
17.2899999,-0.568603515625,0.81884765625,0.019287109375
17.3099999,-0.3779296875,0.874267578125,-0.0283203125
17.3299999,-0.455078125,0.85302734375,0.02392578125
17.3499999,-0.5146484375,0.799560546875,0.085205078125
17.3699999,-0.43896484375,1.00390625,0.06494140625
17.3899999,-0.4873046875,0.76220703125,-0.0029296875
17.409999900000003,-0.6259765625,0.90087890625,0.066650390625
17.429999900000002,-0.509765625,0.898193359375,0.05322265625
17.4499999,-0.532470703125,0.831787109375,-0.027587890625
17.4699999,-0.4501953125,0.972900390625,0.02001953125
17.4899999,-0.46728515625,0.89501953125,0.083984375
17.5099999,-0.524658203125,0.75732421875,0.032958984375
17.5299999,-0.468994140625,0.979736328125,0.155517578125
17.5499999,-0.452392578125,0.819580078125,0.02880859375
17.5699999,-0.58984375,0.901611328125,0.086181640625
17.589999900000002,-0.46875,0.89697265625,0.12548828125
17.609999900000002,-0.537109375,0.826416015625,-0.02490234375
17.6299999,-0.512939453125,0.909423828125,0.01123046875
17.6499999,-0.447265625,0.948974609375,0.005859375
17.6699999,-0.50439453125,0.80712890625,0.06494140625
17.6899999,-0.459716796875,0.93359375,0.10205078125
17.7099999,-0.427001953125,0.8466796875,0.13330078125
17.7299999,-0.56298828125,0.8486328125,-0.006591796875
17.749999900000002,-0.4462890625,0.9287109375,0.132568359375
17.769999900000002,-0.591796875,0.83203125,0.06396484375
17.7899999,-0.51318359375,0.92138671875,-0.031494140625
17.8099999,-0.3818359375,0.969482421875,0.072509765625
17.8299999,-0.576904296875,0.839599609375,0.056640625
17.8499999,-0.422607421875,0.96435546875,0.150390625
17.8699999,-0.4541015625,0.878662109375,0.136962890625
17.8899999,-0.453125,0.833984375,0.019287109375
17.909999900000003,-0.5068359375,0.87548828125,0.101318359375
17.929999900000002,-0.564697265625,0.82763671875,0.076904296875
17.9499999,-0.5283203125,0.9453125,-0.01611328125
17.9699999,-0.397216796875,0.974609375,0.060546875
17.9899999,-0.60400390625,0.791748046875,-0.017578125
18.0099999,-0.42529296875,0.864501953125,0.12255859375
18.0299999,-0.515380859375,0.891845703125,0.13671875
18.0499999,-0.52880859375,0.89697265625,0.08349609375
18.0699999,-0.5478515625,0.845703125,0.052978515625
18.089999900000002,-0.53759765625,0.828369140625,0.007568359375
18.109999900000002,-0.553955078125,0.86181640625,-0.025390625
18.1299999,-0.461669921875,0.987548828125,0.072265625
18.1499999,-0.531494140625,0.781494140625,0.000244140625
18.1699999,-0.486328125,0.86181640625,0.091552734375
18.1899999,-0.435302734375,0.844970703125,0.093994140625
18.2099999,-0.546630859375,0.868896484375,0.07177734375
18.2299999,-0.45166015625,0.90087890625,0.101318359375
18.249999900000002,-0.53515625,0.850830078125,0.011962890625
18.269999900000002,-0.51953125,0.8896484375,0
18.2899999,-0.43359375,0.974609375,0.007080078125
18.3099999,-0.489990234375,0.81103515625,0.066650390625
18.3299999,-0.472412109375,0.92138671875,0.09326171875
18.3499999,-0.427001953125,0.838623046875,0.12158203125
18.3699999,-0.5703125,0.8671875,-0.0107421875
18.3899999,-0.431640625,0.918701171875,0.118408203125
18.409999900000003,-0.58203125,0.8369140625,0.0478515625
18.429999900000002,-0.486572265625,0.95654296875,0.002685546875
18.4499999,-0.39697265625,0.95361328125,0.0537109375
18.4699999,-0.579833984375,0.818115234375,0.04052734375
18.4899999,-0.43896484375,1.01318359375,0.158447265625
18.5099999,-0.469482421875,0.851318359375,0.1015625
18.5299999,-0.477783203125,0.897705078125,0.05224609375
18.5499999,-0.493408203125,0.88330078125,0.088623046875
18.5699999,-0.575439453125,0.821533203125,0.02880859375
18.589999900000002,-0.466796875,0.99609375,-0.01416015625
18.609999900000002,-0.430419921875,0.94091796875,0.085693359375
18.6299999,-0.603271484375,0.77685546875,0.020751953125
18.6499999,-0.444091796875,0.95751953125,0.143798828125
18.6699999,-0.514404296875,0.84375,0.08544921875
18.6899999,-0.583251953125,0.929931640625,0.083740234375
18.7099999,-0.5517578125,0.859130859375,0.0830078125
18.7299999,-0.54052734375,0.82373046875,-0.03173828125
18.749999900000002,-0.48779296875,0.95849609375,0.009033203125
18.769999900000002,-0.477783203125,0.9189453125,0.09423828125
18.7899999,-0.477783203125,0.9189453125,0.09423828125
18.8099999,-0.468505859375,0.98193359375,0.15234375
18.8299999,-0.468505859375,0.98193359375,0.15234375
18.8499999,-0.608154296875,0.902587890625,0.067626953125
18.8699999,-0.608154296875,0.902587890625,0.067626953125
18.8899999,-0.465087890625,0.9140625,0.11865234375
18.909999900000003,-0.52587890625,0.837890625,-0.065673828125
18.929999900000002,-0.484130859375,0.97314453125,0.072021484375
18.9499999,-0.44921875,0.90234375,-0.021240234375
18.9699999,-0.516845703125,0.7626953125,0.05615234375
18.9899999,-0.451171875,1.077880859375,0.1650390625
19.0099999,-0.465087890625,0.7978515625,0.02783203125
19.0299999,-0.61669921875,0.93359375,0.06201171875
19.0499999,-0.382568359375,0.937744140625,-0.000732421875
19.0699999,-0.5703125,0.821533203125,-0.01025390625
19.089999900000002,-0.42529296875,1.033935546875,0.037109375
19.109999900000002,-0.418212890625,0.87890625,0.012939453125
19.1299999,-0.521240234375,0.77685546875,0.033203125
19.1499999,-0.42431640625,1.05615234375,0.078369140625
19.1699999,-0.502685546875,0.771728515625,-0.009033203125
19.1899999,-0.59814453125,0.988037109375,0.107177734375
19.2099999,-0.392822265625,0.909423828125,-0.0283203125
19.2299999,-0.5361328125,0.81640625,-0.0234375
19.249999900000002,-0.36962890625,0.931396484375,-0.033203125
19.269999900000002,-0.51611328125,0.809814453125,0.01708984375
19.2899999,-0.482177734375,0.78857421875,0.08544921875
19.3099999,-0.394287109375,1.02978515625,0.036865234375
19.3299999,-0.51611328125,0.739013671875,0.010498046875
19.3499999,-0.655029296875,0.843017578125,0.034912109375
19.3699999,-0.39501953125,0.958984375,-0.01513671875
19.3899999,-0.5595703125,0.8359375,-0.003662109375
19.409999900000003,-0.435546875,0.855224609375,0.008056640625
19.429999900000002,-0.447265625,0.833740234375,0.0498046875
19.4499999,-0.427734375,0.798828125,0.09423828125
19.4699999,-0.475341796875,0.965087890625,0.026611328125
19.4899999,-0.474365234375,0.83154296875,0.107177734375
19.5099999,-0.63427734375,0.80029296875,-0.013671875
19.5299999,-0.4619140625,0.9453125,-0.021484375
19.5499999,-0.475830078125,0.844482421875,0.027587890625
19.5699999,-0.44921875,0.864501953125,0.0419921875
19.589999900000002,-0.444580078125,0.8984375,0.071533203125
19.609999900000002,-0.511962890625,0.762451171875,0.103515625
19.6299999,-0.44580078125,0.967529296875,-0.021240234375
19.6499999,-0.530517578125,0.81689453125,0.09765625
19.6699999,-0.622802734375,0.82470703125,0.010498046875
19.6899999,-0.319091796875,1.044189453125,0.031005859375
19.7099999,-0.497802734375,0.855224609375,0.078369140625
19.7299999,-0.504150390625,0.832275390625,-0.05224609375
19.749999900000002,-0.349365234375,0.91259765625,0.178955078125
19.769999900000002,-0.478515625,0.80126953125,0.02197265625
19.7899999,-0.487548828125,0.916259765625,0.1298828125
19.8099999,-0.552978515625,0.817626953125,0.0947265625
19.8299999,-0.52392578125,0.903076171875,-0.053955078125
19.8499999,-0.37451171875,0.96728515625,0.04736328125
19.8699999,-0.60107421875,0.8359375,0.07470703125
19.8899999,-0.39013671875,0.925048828125,0.12890625
19.909999900000003,-0.452880859375,0.88427734375,0.12890625
19.929999900000002,-0.472900390625,0.785888671875,0.011474609375
19.9499999,-0.48828125,0.877685546875,0.09912109375
19.9699999,-0.533935546875,0.854736328125,0.07568359375
19.9899999,-0.547119140625,0.93896484375,-0.019775390625
20.0099999,-0.411865234375,0.9501953125,0.085205078125
20.0299999,-0.584228515625,0.803955078125,-0.013671875
20.0499999,-0.4404296875,0.87548828125,0.126708984375
20.0699999,-0.53466796875,0.870361328125,0.127685546875
20.089999900000002,-0.53564453125,0.923583984375,0.091064453125
20.109999900000002,-0.56103515625,0.8447265625,0.072998046875
20.1299999,-0.5498046875,0.833251953125,-0.01123046875
20.1499999,-0.499267578125,0.93115234375,-0.005615234375
20.1699999,-0.4609375,0.942138671875,0.1005859375
20.1899999,-0.541015625,0.766845703125,0.0185546875
20.2099999,-0.4580078125,0.955322265625,0.142333984375
20.2299999,-0.43359375,0.8125,0.0302734375
20.249999900000002,-0.6259765625,0.924560546875,0.083251953125
20.269999900000002,-0.51611328125,0.9775390625,0.1220703125
20.2899999,-0.402099609375,0.926513671875,-0.203369140625
20.3099999,0.078857421875,2.657470703125,-0.947509765625
20.3299999,-2.097900390625,0.033203125,-0.9560546875
20.3499999,-1.921875,0.58544921875,-0.303955078125
20.3699999,-1.15576171875,2.17431640625,0.441650390625
20.3899999,-1.946044921875,0.838623046875,-0.80126953125
20.409999900000003,-0.8720703125,1.025146484375,-1.023681640625
20.429999900000002,-0.631103515625,0.59765625,0.009521484375
20.4499999,-0.541015625,0.8466796875,-0.128173828125
20.4699999,-0.640625,1.096923828125,-0.505615234375
20.4899999,-0.38623046875,0.779052734375,-0.15576171875
20.5099999,-0.7529296875,0.871337890625,-0.142578125
20.5299999,-0.432373046875,0.737548828125,-0.042236328125
20.5499999,0.517333984375,1.843505859375,0.202392578125
20.5699999,-0.55615234375,1.138427734375,0.179443359375
20.589999900000002,0.230224609375,1.534423828125,-0.39990234375
20.609999900000002,-0.3564453125,1.186767578125,-0.23388671875
20.6299999,-0.732666015625,0.786376953125,0.765380859375
20.6499999,-0.34814453125,0.828369140625,-0.168701171875
20.6699999,0.38525390625,1.08935546875,-0.021484375
20.6899999,-0.8564453125,1.027099609375,0.57958984375
20.7099999,-2.41796875,0.962890625,-0.72509765625
20.7299999,-1.0859375,1.160400390625,-0.47705078125
20.749999900000002,-1.161376953125,0.18408203125,0.16455078125
20.769999900000002,-1.360107421875,0.97314453125,0.68896484375
20.7899999,0.0458984375,0.61767578125,-0.25830078125
20.8099999,-0.696533203125,0.770263671875,-0.022705078125
20.8299999,-0.72265625,0.748291015625,0.13134765625
20.8499999,-0.09521484375,0.640869140625,0.268310546875
20.8699999,-1.00537109375,0.783935546875,-0.05224609375
20.8899999,-1.058349609375,1.050048828125,-0.36865234375
20.909999900000003,-0.04931640625,0.39697265625,-0.06201171875
20.929999900000002,-0.655517578125,0.654541015625,0.244873046875
20.9499999,0.4970703125,1.2119140625,0.806396484375
20.9699999,-0.592529296875,1.167724609375,0.479248046875
20.9899999,-0.62060546875,0.59375,0.530029296875
21.0099999,-0.970703125,0.980224609375,-0.296142578125
21.0299999,-0.535888671875,0.92919921875,-0.11279296875
21.0499999,0.136474609375,0.622314453125,0.031494140625
21.0699999,-0.958251953125,0.801513671875,-0.174560546875
21.089999900000002,-0.63037109375,0.464111328125,0.50732421875
21.109999900000002,-0.027099609375,0.66845703125,-0.318603515625
21.1299999,-0.634765625,1.0185546875,0.197265625
21.1499999,-1.664794921875,0.33642578125,-0.057861328125
21.1699999,-1.0498046875,1.440185546875,-0.1328125
21.1899999,0.169921875,0.4521484375,0.24560546875
21.2099999,-1.10693359375,0.905517578125,-0.202392578125
21.2299999,-1.01318359375,0.866455078125,-0.433837890625
21.249999900000002,-1.104736328125,1.361328125,0.95556640625
21.269999900000002,-0.10302734375,0.56640625,0.126708984375
21.2899999,-0.10302734375,0.56640625,0.126708984375
21.3099999,-0.228271484375,1.181396484375,-0.8330078125
21.3299999,-0.228271484375,1.181396484375,-0.8330078125
21.3499999,-1.029296875,0.90625,-0.197021484375
21.3699999,-1.029296875,0.90625,-0.197021484375
21.3899999,-0.82958984375,0.864990234375,0.5634765625
21.409999900000003,-0.82958984375,0.864990234375,0.5634765625
21.429999900000002,-0.659912109375,0.564697265625,0.076171875
21.4499999,-1.00341796875,1.125,-0.18505859375
21.4699999,0.272216796875,0.650146484375,-0.21533203125
21.4899999,-1.09228515625,0.99951171875,0.0712890625
21.5099999,-0.199951171875,0.62158203125,-0.14111328125
21.5299999,-0.42822265625,1.128173828125,0.03125
21.5499999,-0.5283203125,0.71240234375,0.38525390625
21.5699999,-0.686279296875,0.7275390625,0.16650390625
21.589999900000002,-0.58984375,0.62060546875,0.3564453125
21.609999900000002,-0.740966796875,0.4677734375,0.6015625
21.6299999,-0.345703125,1.25830078125,0.3935546875
21.6499999,-0.91357421875,0.833740234375,-0.08837890625
21.6699999,-0.434814453125,0.868896484375,0.244384765625
21.6899999,-0.30517578125,0.706298828125,0.221923828125
21.7099999,-0.9150390625,0.8291015625,-0.17578125
21.7299999,-0.50146484375,0.601318359375,0.519775390625
21.749999900000002,-0.465087890625,1.3056640625,0.157958984375
21.769999900000002,-0.3232421875,0.603759765625,0.447998046875
21.7899999,-0.09228515625,1.434326171875,-0.78271484375
21.8099999,-0.346435546875,1.03125,0.067626953125
21.8299999,1.038330078125,0.68798828125,0.123779296875
21.8499999,-0.59326171875,1.148193359375,-0.427978515625
21.8699999,-0.161376953125,0.775634765625,0.26220703125
21.8899999,-0.93994140625,1.024169921875,-0.54296875
21.909999900000003,-0.744384765625,0.694091796875,0.2919921875
21.929999900000002,-0.395751953125,0.923828125,-0.057373046875
21.9499999,-0.648193359375,0.956787109375,-0.7734375
21.9699999,-0.369140625,0.80517578125,0.220458984375
21.9899999,-0.71142578125,0.913818359375,-0.01220703125
22.0099999,-0.906005859375,1.22314453125,-0.59228515625
22.0299999,-0.336181640625,1.159912109375,0.58984375
22.0499999,-0.422607421875,0.775146484375,0.154052734375
22.0699999,-0.81201171875,0.562255859375,0.216064453125
22.089999900000002,-0.540283203125,0.89453125,-0.00830078125
22.109999900000002,-0.9443359375,0.9248046875,-0.091064453125
22.1299999,-0.61767578125,0.997314453125,0.224609375
22.1499999,-0.448486328125,0.75390625,0.001220703125
22.1699999,-0.586181640625,0.78369140625,0.141357421875
22.1899999,-0.590087890625,0.758544921875,0.031005859375
22.2099999,-0.778564453125,1.002197265625,-0.205322265625
22.2299999,-0.5869140625,0.763427734375,-0.035400390625
22.249999900000002,-0.93994140625,0.11962890625,0.13525390625
22.269999900000002,-0.62109375,1.297119140625,0.901123046875
22.2899999,-0.666748046875,0.967041015625,-0.203125
22.3099999,-0.19482421875,1.23681640625,-0.357177734375
22.3299999,-0.44775390625,0.7587890625,0.37353515625
22.3499999,-0.617431640625,1.2587890625,-0.6318359375
22.3699999,-0.207763671875,0.875732421875,-0.2177734375
22.3899999,0.851318359375,0.527587890625,0.27734375
22.409999900000003,-0.38134765625,1.120361328125,-0.0302734375
22.429999900000002,-0.290771484375,0.231201171875,0.91943359375
22.4499999,-1.14990234375,0.866455078125,1.14501953125
22.4699999,-0.753173828125,0.719482421875,-0.147216796875
22.4899999,-0.38037109375,1.4482421875,-0.652099609375
22.5099999,-0.23095703125,0.741943359375,-0.30908203125
22.5299999,-0.493408203125,0.872314453125,-0.4208984375
22.5499999,-0.49755859375,0.356689453125,-0.57080078125
22.5699999,0.38134765625,0.786865234375,0.353271484375
22.589999900000002,-0.305908203125,1.149169921875,-0.52880859375
22.609999900000002,-0.568115234375,0.738525390625,0.535400390625
22.6299999,-0.672119140625,0.2177734375,1.186279296875
22.6499999,-0.653564453125,0.89453125,-0.2333984375
22.6699999,-0.528076171875,0.5087890625,0.013916015625
22.6899999,-0.185302734375,1.02099609375,-0.4150390625
22.7099999,-0.593017578125,0.69775390625,0.164794921875
22.7299999,-0.81689453125,0.640869140625,0.394287109375
22.749999900000002,-0.545166015625,0.903076171875,-0.0810546875
22.769999900000002,-0.554931640625,1.02685546875,-0.02099609375
22.7899999,-0.40576171875,0.844482421875,0.010009765625
22.8099999,-0.46533203125,0.84326171875,0.09033203125
22.8299999,-0.568603515625,0.8408203125,0.045654296875
22.8499999,-0.496337890625,0.852294921875,0.042724609375
22.8699999,-0.46728515625,0.88427734375,-0.049072265625
22.8899999,-0.642333984375,0.78466796875,0.024658203125
22.909999900000003,-0.58984375,0.774169921875,-0.0400390625
22.929999900000002,-0.466552734375,0.853271484375,0.04736328125
22.9499999,-0.572509765625,0.890625,0.080810546875
22.9699999,-0.66015625,0.769775390625,0.044677734375
22.9899999,-0.461181640625,1.003662109375,0.07666015625
23.0099999,-0.360595703125,0.864013671875,-0.042236328125
23.0299999,-0.461669921875,0.867431640625,-0.009765625
23.0499999,-0.503173828125,0.9501953125,0.08740234375
23.0699999,-0.3359375,0.839111328125,0.02978515625
23.089999900000002,-0.4658203125,0.9140625,0.054443359375
23.109999900000002,-0.4931640625,0.845703125,-0.036865234375
23.1299999,-0.4970703125,0.94970703125,0.055419921875
23.1499999,-0.541015625,0.906494140625,0.025146484375
23.1699999,-0.546630859375,0.96044921875,0.0615234375
23.1899999,-0.3818359375,0.880615234375,0.056396484375
23.2099999,-0.4482421875,0.959716796875,0.052001953125
23.2299999,-0.39306640625,0.908935546875,0.0830078125
23.249999900000002,-0.520751953125,0.882568359375,0.050048828125
23.269999900000002,-0.55419921875,0.873779296875,0.041259765625
23.2899999,-0.4833984375,0.97607421875,-0.043212890625
23.3099999,-0.3466796875,0.732666015625,0.016845703125
23.3299999,-0.43505859375,0.899169921875,-0.021240234375
23.3499999,-0.480712890625,0.801025390625,0.06005859375
23.3699999,-0.615478515625,0.854736328125,0.094482421875
23.3899999,-0.562255859375,0.97265625,0.049560546875
23.409999900000003,-0.35400390625,0.765625,0.11669921875
23.429999900000002,-0.3212890625,0.873291015625,0.10400390625
23.4499999,-0.633056640625,0.83740234375,0.07470703125
23.4699999,-0.55908203125,0.868408203125,0.02099609375
23.4899999,-0.392822265625,0.956787109375,0.009033203125
23.5099999,-0.45703125,0.876953125,-0.06787109375
23.5299999,-0.533935546875,0.820556640625,0.068115234375
23.5499999,-0.55078125,0.92822265625,0.08544921875
23.5699999,-0.38134765625,0.92138671875,-0.001953125
23.589999900000002,-0.451904296875,0.852783203125,-0.065673828125
23.609999900000002,-0.52001953125,0.853515625,0.0478515625
23.6299999,-0.5361328125,0.794921875,0.009033203125
23.6499999,-0.4169921875,0.802490234375,0.06396484375
23.6699999,-0.361328125,0.871826171875,0.0634765625
23.6899999,-0.546875,0.862060546875,0.035400390625
23.7099999,-0.58642578125,0.932373046875,-0.056884765625
23.7299999,-0.514404296875,0.84814453125,-0.001708984375
23.749999900000002,-0.464599609375,0.774658203125,0.02099609375
23.769999900000002,-0.514404296875,0.84033203125,0.085205078125
23.7899999,-0.41259765625,0.833984375,0.019775390625
23.8099999,-0.41259765625,0.833984375,0.019775390625
23.8299999,-0.587890625,0.871337890625,0.0986328125
23.8499999,-0.587890625,0.871337890625,0.0986328125
23.8699999,-0.448486328125,0.86865234375,-0.002685546875
23.8899999,-0.5380859375,0.8310546875,-0.008544921875
23.909999900000003,-0.64453125,0.94482421875,0.110107421875
23.929999900000002,-0.470947265625,0.91162109375,0.00927734375
23.9499999,-0.470947265625,0.91162109375,0.00927734375
23.9699999,-0.521240234375,0.7802734375,-0.00927734375
23.9899999,-0.521240234375,0.7802734375,-0.00927734375
24.0099999,-0.491455078125,0.83837890625,0.123046875
24.0299999,-0.491455078125,0.83837890625,0.123046875
24.0499999,-0.52685546875,0.863525390625,0.07763671875
24.069999900000003,-0.400634765625,0.931884765625,0.166259765625
24.089999900000002,-0.502197265625,0.82373046875,0.080078125
24.109999900000002,-0.50439453125,0.8154296875,0.07373046875
24.1299999,-0.44580078125,0.840087890625,0.03466796875
24.1499999,-0.45361328125,0.849853515625,0.08935546875
24.1699999,-0.5263671875,0.8173828125,0.072021484375
24.1899999,-0.406982421875,0.840087890625,-0.01513671875
24.2099999,-0.413330078125,0.849609375,0.05908203125
24.2299999,-0.580810546875,0.8642578125,0.034423828125
24.249999900000002,-0.41064453125,0.923828125,0.098388671875
24.269999900000002,-0.45263671875,0.854736328125,0.02294921875
24.2899999,-0.578125,0.845947265625,0.0859375
24.3099999,-0.40185546875,0.886474609375,0.13818359375
24.3299999,-0.492919921875,0.8447265625,0.09619140625
24.3499999,-0.482666015625,0.793212890625,0.0791015625
24.3699999,-0.435546875,0.9765625,0.1552734375
24.3899999,-0.441650390625,0.807373046875,0.089599609375
24.409999900000003,-0.503662109375,0.778564453125,0.061767578125
24.429999900000002,-0.42919921875,1.03955078125,0.046630859375
24.4499999,-0.46923828125,0.77734375,0.026123046875
24.4699999,-0.568359375,0.875244140625,0.000244140625
24.4899999,-0.459716796875,0.91943359375,0.14013671875
24.5099999,-0.555908203125,0.787353515625,0.069091796875
24.5299999,-0.622802734375,0.992919921875,0.029052734375
24.5499999,-0.401123046875,0.903564453125,-0.005615234375
24.569999900000003,-0.572265625,0.804443359375,-0.014404296875
24.589999900000002,-0.4931640625,0.984130859375,-0.014404296875
24.609999900000002,-0.38134765625,0.95849609375,0.031005859375
24.6299999,-0.564697265625,0.81640625,-0.004150390625
24.6499999,-0.39013671875,0.87646484375,0.010498046875
24.6699999,-0.470947265625,0.832275390625,0.04345703125
24.6899999,-0.515869140625,0.777099609375,0.0537109375
24.7099999,-0.46337890625,0.947998046875,0.140869140625
24.7299999,-0.4443359375,0.8232421875,0.088623046875
24.749999900000002,-0.52099609375,0.815185546875,0.058837890625
24.769999900000002,-0.452392578125,0.952880859375,0.00537109375
24.7899999,-0.521728515625,0.82470703125,0.085205078125
24.8099999,-0.615478515625,0.912109375,0.073486328125
24.8299999,-0.354248046875,0.961181640625,-0.04931640625
24.8499999,-0.5634765625,0.81591796875,-0.015869140625
24.8699999,-0.42919921875,1.030029296875,0.05712890625
24.8899999,-0.408203125,0.908447265625,0.042724609375
24.909999900000003,-0.580810546875,0.83056640625,0.047119140625
24.929999900000002,-0.4169921875,0.97119140625,0.152587890625
24.9499999,-0.454345703125,0.860107421875,0.13427734375
24.9699999,-0.438720703125,0.77734375,0.006591796875
24.9899999,-0.490966796875,0.897216796875,0.03369140625
25.0099999,-0.51171875,0.802734375,0.077392578125
25.0299999,-0.621826171875,0.844970703125,-0.013427734375
25.0499999,-0.412353515625,0.93896484375,-0.031005859375
25.069999900000003,-0.54296875,0.849365234375,-0.0048828125
25.089999900000002,-0.4091796875,0.921875,0.0126953125
25.109999900000002,-0.4736328125,0.82861328125,0.03759765625
25.1299999,-0.501708984375,0.763671875,0.066162109375
25.1499999,-0.461669921875,1.011962890625,0.13134765625
25.1699999,-0.455322265625,0.80126953125,0.036865234375
25.1899999,-0.59912109375,0.910400390625,0.100341796875
25.2099999,-0.463134765625,0.9140625,0.114501953125
25.2299999,-0.5322265625,0.841552734375,-0.0361328125
25.249999900000002,-0.514892578125,0.9140625,0.01904296875
25.269999900000002,-0.452880859375,0.943115234375,0.001220703125
25.2899999,-0.5029296875,0.81689453125,0.058349609375
25.3099999,-0.4619140625,0.917236328125,0.085205078125
25.3299999,-0.419921875,0.855712890625,0.149169921875
25.3499999,-0.55126953125,0.830078125,-0.023681640625
25.3699999,-0.45263671875,0.925048828125,0.14208984375
25.3899999,-0.578857421875,0.83203125,0.07080078125
25.409999900000003,-0.546875,0.89013671875,-0.043701171875
25.429999900000002,-0.357177734375,0.970947265625,0.0537109375
25.4499999,-0.577880859375,0.85498046875,0.07373046875
25.4699999,-0.415283203125,0.905517578125,0.120849609375
25.4899999,-0.44482421875,0.87646484375,0.138916015625
25.5099999,-0.4365234375,0.791259765625,0.017822265625
25.5299999,-0.50341796875,0.8828125,0.083251953125
25.5499999,-0.547119140625,0.82568359375,0.112548828125
