Time (seconds), Duration (seconds),pred_unlabelled,pred_anomaly
0.01000,0.48000,0.99484,0.00516
0.03000,0.48000,0.99221,0.00779
0.05000,0.48000,0.99340,0.00660
0.07000,0.48000,0.99078,0.00922
0.09000,0.48000,0.99148,0.00852
0.11000,0.48000,0.99191,0.00809
0.13000,0.48000,0.98889,0.01111
0.15000,0.48000,0.99378,0.00622
0.17000,0.48000,0.99379,0.00621
0.19000,0.48000,0.99762,0.00238
0.21000,0.48000,0.99084,0.00916
0.23000,0.48000,0.99260,0.00740
0.25000,0.48000,0.99290,0.00710
0.27000,0.48000,0.99340,0.00660
0.29000,0.48000,0.99431,0.00569
0.31000,0.48000,0.99424,0.00576
0.33000,0.48000,0.99031,0.00969
0.35000,0.48000,0.99283,0.00717
0.37000,0.48000,0.98735,0.01265
0.39000,0.48000,0.99264,0.00736
0.41000,0.48000,0.99226,0.00774
0.43000,0.48000,0.99437,0.00563
0.45000,0.48000,0.99442,0.00558
0.47000,0.48000,0.99486,0.00514
0.49000,0.48000,0.99269,0.00731
0.51000,0.48000,0.99241,0.00759
0.53000,0.48000,0.99379,0.00621
0.55000,0.48000,0.99488,0.00512
0.57000,0.48000,0.99591,0.00409
0.59000,0.48000,0.99424,0.00576
0.61000,0.48000,0.99088,0.00912
0.63000,0.48000,0.99647,0.00353
0.65000,0.48000,0.99246,0.00754
0.67000,0.48000,0.99092,0.00908
0.69000,0.48000,0.99060,0.00940
0.71000,0.48000,0.99336,0.00664
0.73000,0.48000,0.99230,0.00770
0.75000,0.48000,0.98867,0.01133
0.77000,0.48000,0.98598,0.01402
0.79000,0.48000,0.98921,0.01079
0.81000,0.48000,0.99187,0.00813
0.83000,0.48000,0.99381,0.00619
0.85000,0.48000,0.99235,0.00765
0.87000,0.48000,0.99320,0.00680
0.89000,0.48000,0.99207,0.00793
0.91000,0.48000,0.99492,0.00508
0.93000,0.48000,0.98462,0.01538
0.95000,0.48000,0.99606,0.00394
0.97000,0.48000,0.99553,0.00447
0.99000,0.48000,0.99723,0.00277
1.01000,0.48000,0.99269,0.00731
1.03000,0.48000,0.99639,0.00361
1.05000,0.48000,0.99453,0.00547
1.07000,0.48000,0.99705,0.00295
1.09000,0.48000,0.99160,0.00840
1.11000,0.48000,0.99634,0.00366
1.13000,0.48000,0.99210,0.00790
1.15000,0.48000,0.99643,0.00357
1.17000,0.48000,0.99291,0.00709
1.19000,0.48000,0.99188,0.00812
1.21000,0.48000,0.99540,0.00460
1.23000,0.48000,0.99778,0.00222
1.25000,0.48000,0.99566,0.00434
1.27000,0.48000,0.99584,0.00416
1.29000,0.48000,0.99474,0.00526
1.31000,0.48000,0.99680,0.00320
1.33000,0.48000,0.99580,0.00420
1.35000,0.48000,0.99474,0.00526
1.37000,0.48000,0.99366,0.00634
1.39000,0.48000,0.99009,0.00991
1.41000,0.48000,0.99426,0.00574
1.43000,0.48000,0.99290,0.00710
1.45000,0.48000,0.98405,0.01595
1.47000,0.48000,0.99232,0.00768
1.49000,0.48000,0.99153,0.00847
1.51000,0.48000,0.99540,0.00460
1.53000,0.48000,0.99208,0.00792
1.55000,0.48000,0.99122,0.00878
1.57000,0.48000,0.99365,0.00635
1.59000,0.48000,0.99487,0.00513
1.61000,0.48000,0.99667,0.00333
1.63000,0.48000,0.99382,0.00618
1.65000,0.48000,0.99138,0.00862
1.67000,0.48000,0.99557,0.00443
1.69000,0.48000,0.99168,0.00832
1.71000,0.48000,0.98712,0.01288
1.73000,0.48000,0.99153,0.00847
1.75000,0.48000,0.99168,0.00832
1.77000,0.48000,0.99304,0.00696
1.79000,0.48000,0.98836,0.01164
1.81000,0.48000,0.98834,0.01166
1.83000,0.48000,0.98814,0.01186
1.85000,0.48000,0.99261,0.00739
1.87000,0.48000,0.99323,0.00677
1.89000,0.48000,0.99393,0.00607
1.91000,0.48000,0.99406,0.00594
1.93000,0.48000,0.99439,0.00561
1.95000,0.48000,0.99388,0.00612
1.97000,0.48000,0.98432,0.01568
1.99000,0.48000,0.99542,0.00458
2.01000,0.48000,0.99604,0.00396
2.03000,0.48000,0.99629,0.00371
2.05000,0.48000,0.99205,0.00795
2.07000,0.48000,0.99668,0.00332
2.09000,0.48000,0.99100,0.00900
2.11000,0.48000,0.99623,0.00377
2.13000,0.48000,0.99028,0.00972
2.15000,0.48000,0.99697,0.00303
2.17000,0.48000,0.99240,0.00760
2.19000,0.48000,0.99705,0.00295
2.21000,0.48000,0.99026,0.00974
2.23000,0.48000,0.89973,0.10027
2.25000,0.48000,0.91259,0.08741
2.27000,0.48000,0.79733,0.20267
2.29000,0.48000,0.90429,0.09571
2.31000,0.48000,0.82963,0.17037
2.33000,0.48000,0.86947,0.13053
2.35000,0.48000,0.69563,0.30437
2.37000,0.48000,0.53883,0.46117
2.39000,0.48000,0.71417,0.28583
2.41000,0.48000,0.39821,0.60179
2.43000,0.48000,0.29699,0.70301
2.45000,0.48000,0.28286,0.71714
2.47000,0.48000,0.15153,0.84847
2.49000,0.48000,0.21775,0.78225
2.51000,0.48000,0.09250,0.90750
2.53000,0.48000,0.07623,0.92377
2.55000,0.48000,0.08829,0.91171
2.57000,0.48000,0.03760,0.96240
2.59000,0.48000,0.01568,0.98432
2.61000,0.48000,0.00611,0.99389
2.63000,0.48000,0.00565,0.99435
2.65000,0.48000,0.00245,0.99755
2.67000,0.48000,0.00512,0.99488
2.69000,0.48000,0.00560,0.99440
2.71000,0.48000,0.00255,0.99745
2.73000,0.48000,0.00190,0.99810
2.75000,0.48000,0.00285,0.99715
2.77000,0.48000,0.00330,0.99670
2.79000,0.48000,0.00103,0.99897
2.81000,0.48000,0.00330,0.99670
2.83000,0.48000,0.00211,0.99789
2.85000,0.48000,0.00635,0.99365
2.87000,0.48000,0.00218,0.99782
2.89000,0.48000,0.00532,0.99468
2.91000,0.48000,0.00231,0.99769
2.93000,0.48000,0.00521,0.99479
2.95000,0.48000,0.00235,0.99765
2.97000,0.48000,0.00249,0.99751
2.99000,0.48000,0.00938,0.99062
3.01000,0.48000,0.04291,0.95709
3.03000,0.48000,0.02404,0.97596
3.05000,0.48000,0.04672,0.95328
3.07000,0.48000,0.01684,0.98316
3.09000,0.48000,0.02831,0.97169
3.11000,0.48000,0.00201,0.99799
3.13000,0.48000,0.00291,0.99709
3.15000,0.48000,0.00168,0.99832
3.17000,0.48000,0.00240,0.99760
3.19000,0.48000,0.00139,0.99861
3.21000,0.48000,0.00209,0.99791
3.23000,0.48000,0.00213,0.99787
3.25000,0.48000,0.00114,0.99886
3.27000,0.48000,0.00092,0.99908
3.29000,0.48000,0.00072,0.99928
3.31000,0.48000,0.00089,0.99911
3.33000,0.48000,0.00110,0.99890
3.35000,0.48000,0.00244,0.99756
3.37000,0.48000,0.00054,0.99946
3.39000,0.48000,0.00177,0.99823
3.41000,0.48000,0.00042,0.99958
3.43000,0.48000,0.00115,0.99885
3.45000,0.48000,0.00073,0.99927
3.47000,0.48000,0.00249,0.99751
3.49000,0.48000,0.00101,0.99899
3.51000,0.48000,0.00319,0.99681
3.53000,0.48000,0.00143,0.99857
3.55000,0.48000,0.00284,0.99716
3.57000,0.48000,0.00304,0.99696
3.59000,0.48000,0.00864,0.99136
3.61000,0.48000,0.00795,0.99205
3.63000,0.48000,0.00428,0.99572
3.65000,0.48000,0.00192,0.99808
3.67000,0.48000,0.00252,0.99748
3.69000,0.48000,0.00269,0.99731
3.71000,0.48000,0.00349,0.99651
3.73000,0.48000,0.00372,0.99628
3.75000,0.48000,0.00707,0.99293
3.77000,0.48000,0.00094,0.99906
3.79000,0.48000,0.00620,0.99380
3.81000,0.48000,0.00298,0.99702
3.83000,0.48000,0.00380,0.99620
3.85000,0.48000,0.00447,0.99553
3.87000,0.48000,0.00406,0.99594
3.89000,0.48000,0.01527,0.98473
3.91000,0.48000,0.00680,0.99320
3.93000,0.48000,0.00687,0.99313
3.95000,0.48000,0.00314,0.99686
3.97000,0.48000,0.00467,0.99533
3.99000,0.48000,0.00416,0.99584
4.01000,0.48000,0.00698,0.99302
4.03000,0.48000,0.00260,0.99740
4.05000,0.48000,0.00476,0.99524
4.07000,0.48000,0.00197,0.99803
4.09000,0.48000,0.00709,0.99291
4.11000,0.48000,0.00121,0.99879
4.13000,0.48000,0.00247,0.99753
4.15000,0.48000,0.00062,0.99938
4.17000,0.48000,0.00240,0.99760
4.19000,0.48000,0.00098,0.99902
4.21000,0.48000,0.00871,0.99129
4.23000,0.48000,0.00067,0.99933
4.25000,0.48000,0.03901,0.96099
4.27000,0.48000,0.00261,0.99739
4.29000,0.48000,0.02720,0.97280
4.31000,0.48000,0.00230,0.99770
4.33000,0.48000,0.03055,0.96945
4.35000,0.48000,0.00455,0.99545
4.37000,0.48000,0.02532,0.97468
4.39000,0.48000,0.00449,0.99551
4.41000,0.48000,0.02946,0.97054
4.43000,0.48000,0.00257,0.99743
4.45000,0.48000,0.01306,0.98694
4.47000,0.48000,0.00196,0.99804
4.49000,0.48000,0.00507,0.99493
4.51000,0.48000,0.00089,0.99911
4.53000,0.48000,0.00167,0.99833
4.55000,0.48000,0.00123,0.99877
4.57000,0.48000,0.00175,0.99825
4.59000,0.48000,0.00191,0.99809
4.61000,0.48000,0.00229,0.99771
4.63000,0.48000,0.00229,0.99771
4.65000,0.48000,0.00186,0.99814
4.67000,0.48000,0.01006,0.98994
4.69000,0.48000,0.00573,0.99427
4.71000,0.48000,0.00256,0.99744
4.73000,0.48000,0.00619,0.99381
4.75000,0.48000,0.00172,0.99828
4.77000,0.48000,0.00217,0.99783
4.79000,0.48000,0.00133,0.99867
4.81000,0.48000,0.00183,0.99817
4.83000,0.48000,0.00178,0.99822
4.85000,0.48000,0.00099,0.99901
4.87000,0.48000,0.00190,0.99810
4.89000,0.48000,0.00058,0.99942
4.91000,0.48000,0.00301,0.99699
4.93000,0.48000,0.00264,0.99736
4.95000,0.48000,0.00303,0.99697
4.97000,0.48000,0.00444,0.99556
4.99000,0.48000,0.00492,0.99508
5.01000,0.48000,0.00293,0.99707
5.03000,0.48000,0.00371,0.99629
5.05000,0.48000,0.00496,0.99504
5.07000,0.48000,0.00386,0.99614
5.09000,0.48000,0.00576,0.99424
5.11000,0.48000,0.00387,0.99613
5.13000,0.48000,0.00542,0.99458
5.15000,0.48000,0.02464,0.97536
5.17000,0.48000,0.00758,0.99242
5.19000,0.48000,0.01240,0.98760
5.21000,0.48000,0.01430,0.98570
5.23000,0.48000,0.00883,0.99117
5.25000,0.48000,0.01483,0.98517
5.27000,0.48000,0.00290,0.99710
5.29000,0.48000,0.02567,0.97433
5.31000,0.48000,0.00384,0.99616
5.33000,0.48000,0.02396,0.97604
5.35000,0.48000,0.00161,0.99839
5.37000,0.48000,0.01136,0.98864
5.39000,0.48000,0.00154,0.99846
5.41000,0.48000,0.00304,0.99696
5.43000,0.48000,0.00114,0.99886
5.45000,0.48000,0.00499,0.99501
5.47000,0.48000,0.00180,0.99820
5.49000,0.48000,0.00207,0.99793
5.51000,0.48000,0.00195,0.99805
5.53000,0.48000,0.00518,0.99482
5.55000,0.48000,0.02070,0.97930
5.57000,0.48000,0.04861,0.95139
5.59000,0.48000,0.02592,0.97408
5.61000,0.48000,0.02125,0.97875
5.63000,0.48000,0.01699,0.98301
5.65000,0.48000,0.01759,0.98241
5.67000,0.48000,0.01054,0.98946
5.69000,0.48000,0.00955,0.99045
5.71000,0.48000,0.00370,0.99630
5.73000,0.48000,0.00112,0.99888
5.75000,0.48000,0.00239,0.99761
5.77000,0.48000,0.00116,0.99884
5.79000,0.48000,0.00256,0.99744
5.81000,0.48000,0.00456,0.99544
5.83000,0.48000,0.02209,0.97791
5.85000,0.48000,0.00467,0.99533
5.87000,0.48000,0.01264,0.98736
5.89000,0.48000,0.00292,0.99708
5.91000,0.48000,0.02558,0.97442
5.93000,0.48000,0.01765,0.98235
5.95000,0.48000,0.06099,0.93901
5.97000,0.48000,0.02420,0.97580
5.99000,0.48000,0.01943,0.98057
6.01000,0.48000,0.01424,0.98576
6.03000,0.48000,0.00884,0.99116
6.05000,0.48000,0.00529,0.99471
6.07000,0.48000,0.00454,0.99546
6.09000,0.48000,0.00098,0.99902
6.11000,0.48000,0.00163,0.99837
6.13000,0.48000,0.00087,0.99913
6.15000,0.48000,0.00066,0.99934
6.17000,0.48000,0.00058,0.99942
6.19000,0.48000,0.00120,0.99880
6.21000,0.48000,0.00104,0.99896
6.23000,0.48000,0.00104,0.99896
6.25000,0.48000,0.00077,0.99923
6.27000,0.48000,0.00226,0.99774
6.29000,0.48000,0.00093,0.99907
6.31000,0.48000,0.00310,0.99690
6.33000,0.48000,0.00286,0.99714
6.35000,0.48000,0.00359,0.99641
6.37000,0.48000,0.00123,0.99877
6.39000,0.48000,0.00256,0.99744
6.41000,0.48000,0.00222,0.99778
6.43000,0.48000,0.00071,0.99929
6.45000,0.48000,0.00108,0.99892
6.47000,0.48000,0.00059,0.99941
6.49000,0.48000,0.00214,0.99786
6.51000,0.48000,0.00038,0.99962
6.53000,0.48000,0.00066,0.99934
6.55000,0.48000,0.00039,0.99961
6.57000,0.48000,0.00122,0.99878
6.59000,0.48000,0.00068,0.99932
6.61000,0.48000,0.00104,0.99896
6.63000,0.48000,0.00076,0.99924
6.65000,0.48000,0.00292,0.99708
6.67000,0.48000,0.00215,0.99785
6.69000,0.48000,0.00291,0.99709
6.71000,0.48000,0.00176,0.99824
6.73000,0.48000,0.00321,0.99679
6.75000,0.48000,0.00159,0.99841
6.77000,0.48000,0.00345,0.99655
6.79000,0.48000,0.00175,0.99825
6.81000,0.48000,0.00335,0.99665
6.83000,0.48000,0.00380,0.99620
6.85000,0.48000,0.00158,0.99842
6.87000,0.48000,0.00266,0.99734
6.89000,0.48000,0.00170,0.99830
6.91000,0.48000,0.00262,0.99738
6.93000,0.48000,0.00233,0.99767
6.95000,0.48000,0.00236,0.99764
6.97000,0.48000,0.00105,0.99895
6.99000,0.48000,0.00494,0.99506
7.01000,0.48000,0.00262,0.99738
7.03000,0.48000,0.00599,0.99401
7.05000,0.48000,0.00490,0.99510
7.07000,0.48000,0.02312,0.97688
7.09000,0.48000,0.00806,0.99194
7.11000,0.48000,0.03979,0.96021
7.13000,0.48000,0.01668,0.98332
7.15000,0.48000,0.19415,0.80585
7.17000,0.48000,0.11655,0.88345
7.19000,0.48000,0.15894,0.84106
7.21000,0.48000,0.08460,0.91540
7.23000,0.48000,0.23076,0.76924
7.25000,0.48000,0.04354,0.95646
7.27000,0.48000,0.09756,0.90244
7.29000,0.48000,0.10018,0.89982
7.31000,0.48000,0.38586,0.61414
7.33000,0.48000,0.32149,0.67851
7.35000,0.48000,0.55737,0.44263
7.37000,0.48000,0.47305,0.52695
7.39000,0.48000,0.98177,0.01823
7.41000,0.48000,0.92529,0.07471
7.43000,0.48000,0.97360,0.02640
7.45000,0.48000,0.94890,0.05110
7.47000,0.48000,0.97638,0.02362
7.49000,0.48000,0.96567,0.03433
7.51000,0.48000,0.97330,0.02670
7.53000,0.48000,0.88175,0.11825
7.55000,0.48000,0.97260,0.02740
7.57000,0.48000,0.93466,0.06534
7.59000,0.48000,0.97791,0.02209
7.61000,0.48000,0.95377,0.04623
7.63000,0.48000,0.97295,0.02705
7.65000,0.48000,0.95203,0.04797
7.67000,0.48000,0.95535,0.04465
7.69000,0.48000,0.96200,0.03800
7.71000,0.48000,0.97324,0.02676
7.73000,0.48000,0.97922,0.02078
7.75000,0.48000,0.99215,0.00785
7.77000,0.48000,0.97244,0.02756
7.79000,0.48000,0.99418,0.00582
7.81000,0.48000,0.96615,0.03385
7.83000,0.48000,0.99344,0.00656
7.85000,0.48000,0.97336,0.02664
7.87000,0.48000,0.99336,0.00664
7.89000,0.48000,0.98713,0.01287
7.91000,0.48000,0.99063,0.00937
7.93000,0.48000,0.98532,0.01468
7.95000,0.48000,0.98320,0.01680
7.97000,0.48000,0.98656,0.01344
7.99000,0.48000,0.99311,0.00689
8.01000,0.48000,0.98464,0.01536
8.03000,0.48000,0.99361,0.00639
8.05000,0.48000,0.96653,0.03347
8.07000,0.48000,0.99074,0.00926
8.09000,0.48000,0.98716,0.01284
8.11000,0.48000,0.97544,0.02456
8.13000,0.48000,0.98376,0.01624
8.15000,0.48000,0.92503,0.07497
8.17000,0.48000,0.99002,0.00998
8.19000,0.48000,0.92084,0.07916
8.21000,0.48000,0.97816,0.02184
8.23000,0.48000,0.95120,0.04880
8.25000,0.48000,0.98401,0.01599
8.27000,0.48000,0.94962,0.05038
8.29000,0.48000,0.98902,0.01098
8.31000,0.48000,0.97794,0.02206
8.33000,0.48000,0.97456,0.02544
8.35000,0.48000,0.95410,0.04590
8.37000,0.48000,0.97568,0.02432
8.39000,0.48000,0.81367,0.18633
8.41000,0.48000,0.94945,0.05055
8.43000,0.48000,0.78289,0.21711
8.45000,0.48000,0.91929,0.08071
8.47000,0.48000,0.68667,0.31333
8.49000,0.48000,0.86014,0.13986
8.51000,0.48000,0.90687,0.09313
8.53000,0.48000,0.94076,0.05924
8.55000,0.48000,0.75281,0.24719
8.57000,0.48000,0.96447,0.03553
8.59000,0.48000,0.93621,0.06379
8.61000,0.48000,0.95625,0.04375
8.63000,0.48000,0.89223,0.10777
8.65000,0.48000,0.98076,0.01924
8.67000,0.48000,0.96042,0.03958
8.69000,0.48000,0.98031,0.01969
8.71000,0.48000,0.92818,0.07182
8.73000,0.48000,0.97492,0.02508
8.75000,0.48000,0.96064,0.03936
8.77000,0.48000,0.96876,0.03124
8.79000,0.48000,0.94153,0.05847
8.81000,0.48000,0.98886,0.01114
8.83000,0.48000,0.97679,0.02321
8.85000,0.48000,0.97990,0.02010
8.87000,0.48000,0.98781,0.01219
8.89000,0.48000,0.99216,0.00784
8.91000,0.48000,0.99043,0.00957
8.93000,0.48000,0.99208,0.00792
8.95000,0.48000,0.99307,0.00693
8.97000,0.48000,0.99245,0.00755
8.99000,0.48000,0.99617,0.00383
9.01000,0.48000,0.99418,0.00582
9.03000,0.48000,0.99471,0.00529
9.05000,0.48000,0.99673,0.00327
9.07000,0.48000,0.99648,0.00352
9.09000,0.48000,0.99757,0.00243
9.11000,0.48000,0.99606,0.00394
9.13000,0.48000,0.99658,0.00342
9.15000,0.48000,0.99571,0.00429
9.17000,0.48000,0.99417,0.00583
9.19000,0.48000,0.99752,0.00248
9.21000,0.48000,0.99558,0.00442
9.23000,0.48000,0.99670,0.00330
9.25000,0.48000,0.99657,0.00343
9.27000,0.48000,0.99613,0.00387
9.29000,0.48000,0.99752,0.00248
9.31000,0.48000,0.99520,0.00480
9.33000,0.48000,0.99448,0.00552
9.35000,0.48000,0.99750,0.00250
9.37000,0.48000,0.99594,0.00406
9.39000,0.48000,0.99678,0.00322
9.41000,0.48000,0.99620,0.00380
9.43000,0.48000,0.99564,0.00436
9.45000,0.48000,0.99557,0.00443
9.47000,0.48000,0.99559,0.00441
9.49000,0.48000,0.99020,0.00980
9.51000,0.48000,0.99441,0.00559
9.53000,0.48000,0.99375,0.00625
9.55000,0.48000,0.99108,0.00892
9.57000,0.48000,0.98561,0.01439
9.59000,0.48000,0.99502,0.00498
9.61000,0.48000,0.99056,0.00944
9.63000,0.48000,0.98954,0.01046
9.65000,0.48000,0.98926,0.01074
9.67000,0.48000,0.98689,0.01311
9.69000,0.48000,0.98783,0.01217
9.71000,0.48000,0.98904,0.01096
9.73000,0.48000,0.98011,0.01989
9.75000,0.48000,0.99141,0.00859
9.77000,0.48000,0.98767,0.01233
9.79000,0.48000,0.98861,0.01139
9.81000,0.48000,0.98549,0.01451
9.83000,0.48000,0.98728,0.01272
9.85000,0.48000,0.98690,0.01310
9.87000,0.48000,0.98736,0.01264
9.89000,0.48000,0.97926,0.02074
9.91000,0.48000,0.98854,0.01146
9.93000,0.48000,0.99082,0.00918
9.95000,0.48000,0.98325,0.01675
9.97000,0.48000,0.94365,0.05635
9.99000,0.48000,0.94182,0.05818
10.01000,0.48000,0.82043,0.17957
10.03000,0.48000,0.77077,0.22923
10.05000,0.48000,0.70922,0.29078
10.07000,0.48000,0.88474,0.11526
10.09000,0.48000,0.82289,0.17711
10.11000,0.48000,0.62214,0.37786
10.13000,0.48000,0.72832,0.27168
10.15000,0.48000,0.65819,0.34181
10.17000,0.48000,0.90000,0.10000
10.19000,0.48000,0.86007,0.13993
10.21000,0.48000,0.90101,0.09899
10.23000,0.48000,0.73278,0.26722
10.25000,0.48000,0.86304,0.13696
10.27000,0.48000,0.83469,0.16531
10.29000,0.48000,0.85269,0.14731
10.31000,0.48000,0.71196,0.28804
10.33000,0.48000,0.75177,0.24823
10.35000,0.48000,0.71061,0.28939
10.37000,0.48000,0.66318,0.33682
10.39000,0.48000,0.67337,0.32663
10.41000,0.48000,0.71301,0.28699
10.43000,0.48000,0.69813,0.30187
10.45000,0.48000,0.94726,0.05274
10.47000,0.48000,0.95880,0.04120
10.49000,0.48000,0.92504,0.07496
10.51000,0.48000,0.95822,0.04178
10.53000,0.48000,0.94767,0.05233
10.55000,0.48000,0.95764,0.04236
10.57000,0.48000,0.94083,0.05917
10.59000,0.48000,0.93277,0.06723
10.61000,0.48000,0.93974,0.06026
10.63000,0.48000,0.96775,0.03225
10.65000,0.48000,0.94990,0.05010
10.67000,0.48000,0.92619,0.07381
10.69000,0.48000,0.93743,0.06257
10.71000,0.48000,0.97075,0.02925
10.73000,0.48000,0.97687,0.02313
10.75000,0.48000,0.96367,0.03633
10.77000,0.48000,0.96175,0.03825
10.79000,0.48000,0.96125,0.03875
10.81000,0.48000,0.97698,0.02302
10.83000,0.48000,0.98420,0.01580
10.85000,0.48000,0.97737,0.02263
10.87000,0.48000,0.98394,0.01606
10.89000,0.48000,0.96975,0.03025
10.91000,0.48000,0.98480,0.01520
10.93000,0.48000,0.97286,0.02714
10.95000,0.48000,0.97936,0.02064
10.97000,0.48000,0.98266,0.01734
10.99000,0.48000,0.97916,0.02084
11.01000,0.48000,0.98411,0.01589
11.03000,0.48000,0.98445,0.01555
11.05000,0.48000,0.95206,0.04794
11.07000,0.48000,0.98794,0.01206
11.09000,0.48000,0.98082,0.01918
11.11000,0.48000,0.97944,0.02056
11.13000,0.48000,0.95645,0.04355
11.15000,0.48000,0.93977,0.06023
11.17000,0.48000,0.98010,0.01990
11.19000,0.48000,0.98527,0.01473
11.21000,0.48000,0.96881,0.03119
11.23000,0.48000,0.96539,0.03461
11.25000,0.48000,0.95839,0.04161
11.27000,0.48000,0.98043,0.01957
11.29000,0.48000,0.97596,0.02404
11.31000,0.48000,0.96979,0.03021
11.33000,0.48000,0.97680,0.02320
11.35000,0.48000,0.96434,0.03566
11.37000,0.48000,0.97992,0.02008
11.39000,0.48000,0.97141,0.02859
11.41000,0.48000,0.97755,0.02245
11.43000,0.48000,0.98786,0.01214
11.45000,0.48000,0.98322,0.01678
11.47000,0.48000,0.97473,0.02527
11.49000,0.48000,0.98586,0.01414
11.51000,0.48000,0.97658,0.02342
11.53000,0.48000,0.99000,0.01000
11.55000,0.48000,0.98734,0.01266
11.57000,0.48000,0.97039,0.02961
11.59000,0.48000,0.98321,0.01679
11.61000,0.48000,0.97086,0.02914
11.63000,0.48000,0.98175,0.01825
11.65000,0.48000,0.98218,0.01782
11.67000,0.48000,0.97117,0.02883
11.69000,0.48000,0.97702,0.02298
11.71000,0.48000,0.95445,0.04555
11.73000,0.48000,0.96009,0.03991
11.75000,0.48000,0.97080,0.02920
11.77000,0.48000,0.96194,0.03806
11.79000,0.48000,0.97709,0.02291
11.81000,0.48000,0.94347,0.05653
11.83000,0.48000,0.97969,0.02031
11.85000,0.48000,0.96601,0.03399
11.87000,0.48000,0.97402,0.02598
11.89000,0.48000,0.96873,0.03127
11.91000,0.48000,0.96861,0.03139
11.93000,0.48000,0.97240,0.02760
11.95000,0.48000,0.98239,0.01761
11.97000,0.48000,0.95371,0.04629
11.99000,0.48000,0.96495,0.03505
12.01000,0.48000,0.97145,0.02855
12.03000,0.48000,0.95711,0.04289
12.05000,0.48000,0.98026,0.01974
12.07000,0.48000,0.95567,0.04433
12.09000,0.48000,0.95934,0.04066
12.11000,0.48000,0.97540,0.02460
12.13000,0.48000,0.96162,0.03838
12.15000,0.48000,0.97584,0.02416
12.17000,0.48000,0.95314,0.04686
12.19000,0.48000,0.97643,0.02357
12.21000,0.48000,0.96771,0.03229
12.23000,0.48000,0.97843,0.02157
12.25000,0.48000,0.97064,0.02936
12.27000,0.48000,0.96513,0.03487
12.29000,0.48000,0.97526,0.02474
12.31000,0.48000,0.97613,0.02387
12.33000,0.48000,0.93376,0.06624
12.35000,0.48000,0.96528,0.03472
12.37000,0.48000,0.96565,0.03435
12.39000,0.48000,0.97158,0.02842
12.41000,0.48000,0.95624,0.04376
12.43000,0.48000,0.89574,0.10426
12.45000,0.48000,0.96583,0.03417
12.47000,0.48000,0.97810,0.02190
12.49000,0.48000,0.96241,0.03759
12.51000,0.48000,0.96857,0.03143
12.53000,0.48000,0.94842,0.05158
12.55000,0.48000,0.98446,0.01554
12.57000,0.48000,0.97902,0.02098
12.59000,0.48000,0.98012,0.01988
12.61000,0.48000,0.97606,0.02394
12.63000,0.48000,0.97243,0.02757
12.65000,0.48000,0.98109,0.01891
12.67000,0.48000,0.97307,0.02693
12.69000,0.48000,0.97237,0.02763
12.71000,0.48000,0.95633,0.04367
12.73000,0.48000,0.92088,0.07912
12.75000,0.48000,0.88219,0.11781
12.77000,0.48000,0.82407,0.17593
12.79000,0.48000,0.40296,0.59704
12.81000,0.48000,0.72316,0.27684
12.83000,0.48000,0.55330,0.44670
12.85000,0.48000,0.77880,0.22120
12.87000,0.48000,0.12401,0.87599
12.89000,0.48000,0.33583,0.66417
12.91000,0.48000,0.31004,0.68996
12.93000,0.48000,0.43280,0.56720
12.95000,0.48000,0.12572,0.87428
12.97000,0.48000,0.13887,0.86113
12.99000,0.48000,0.18955,0.81045
13.01000,0.48000,0.23206,0.76794
13.03000,0.48000,0.10045,0.89955
13.05000,0.48000,0.10465,0.89535
13.07000,0.48000,0.17136,0.82864
13.09000,0.48000,0.13702,0.86298
13.11000,0.48000,0.02906,0.97094
13.13000,0.48000,0.07135,0.92865
13.15000,0.48000,0.03265,0.96735
13.17000,0.48000,0.01557,0.98443
13.19000,0.48000,0.01132,0.98868
13.21000,0.48000,0.00646,0.99354
13.23000,0.48000,0.00596,0.99404
13.25000,0.48000,0.00481,0.99519
13.27000,0.48000,0.00573,0.99427
13.29000,0.48000,0.00604,0.99396
13.31000,0.48000,0.00814,0.99186
13.33000,0.48000,0.00634,0.99366
13.35000,0.48000,0.00774,0.99226
13.37000,0.48000,0.00575,0.99425
13.39000,0.48000,0.00703,0.99297
13.41000,0.48000,0.00341,0.99659
13.43000,0.48000,0.01193,0.98807
13.45000,0.48000,0.00281,0.99719
13.47000,0.48000,0.00401,0.99599
13.49000,0.48000,0.00109,0.99891
13.51000,0.48000,0.00453,0.99547
13.53000,0.48000,0.00224,0.99776
13.55000,0.48000,0.00273,0.99727
13.57000,0.48000,0.00081,0.99919
13.59000,0.48000,0.00379,0.99621
13.61000,0.48000,0.00152,0.99848
13.63000,0.48000,0.00527,0.99473
13.65000,0.48000,0.00561,0.99439
13.67000,0.48000,0.00726,0.99274
13.69000,0.48000,0.00643,0.99357
13.71000,0.48000,0.01112,0.98888
13.73000,0.48000,0.00376,0.99624
13.75000,0.48000,0.00821,0.99179
13.77000,0.48000,0.00335,0.99665
13.79000,0.48000,0.00362,0.99638
13.81000,0.48000,0.00266,0.99734
13.83000,0.48000,0.00437,0.99563
13.85000,0.48000,0.00363,0.99637
13.87000,0.48000,0.00701,0.99299
13.89000,0.48000,0.00643,0.99357
13.91000,0.48000,0.00561,0.99439
13.93000,0.48000,0.00813,0.99187
13.95000,0.48000,0.00488,0.99512
13.97000,0.48000,0.00934,0.99066
13.99000,0.48000,0.00795,0.99205
14.01000,0.48000,0.01165,0.98835
14.03000,0.48000,0.01217,0.98783
14.05000,0.48000,0.01046,0.98954
14.07000,0.48000,0.01222,0.98778
14.09000,0.48000,0.00885,0.99115
14.11000,0.48000,0.00735,0.99265
14.13000,0.48000,0.01006,0.98994
14.15000,0.48000,0.00791,0.99209
14.17000,0.48000,0.00632,0.99368
14.19000,0.48000,0.00537,0.99463
14.21000,0.48000,0.00444,0.99556
14.23000,0.48000,0.00417,0.99583
14.25000,0.48000,0.00847,0.99153
14.27000,0.48000,0.00533,0.99467
14.29000,0.48000,0.00933,0.99067
14.31000,0.48000,0.00648,0.99352
14.33000,0.48000,0.01233,0.98767
14.35000,0.48000,0.00784,0.99216
14.37000,0.48000,0.01005,0.98995
14.39000,0.48000,0.01332,0.98668
14.41000,0.48000,0.03393,0.96607
14.43000,0.48000,0.01941,0.98059
14.45000,0.48000,0.01229,0.98771
14.47000,0.48000,0.01836,0.98164
14.49000,0.48000,0.01258,0.98742
14.51000,0.48000,0.01065,0.98935
14.53000,0.48000,0.00963,0.99037
14.55000,0.48000,0.01049,0.98951
14.57000,0.48000,0.01110,0.98890
14.59000,0.48000,0.01187,0.98813
14.61000,0.48000,0.00968,0.99032
14.63000,0.48000,0.00701,0.99299
14.65000,0.48000,0.00854,0.99146
14.67000,0.48000,0.00786,0.99214
14.69000,0.48000,0.00341,0.99659
14.71000,0.48000,0.00899,0.99101
14.73000,0.48000,0.00551,0.99449
14.75000,0.48000,0.01250,0.98750
14.77000,0.48000,0.00487,0.99513
14.79000,0.48000,0.02085,0.97915
14.81000,0.48000,0.01176,0.98824
14.83000,0.48000,0.00794,0.99206
14.85000,0.48000,0.00426,0.99574
14.87000,0.48000,0.01132,0.98867
14.89000,0.48000,0.00609,0.99391
14.91000,0.48000,0.01070,0.98930
14.93000,0.48000,0.00409,0.99591
14.95000,0.48000,0.01313,0.98687
14.97000,0.48000,0.00499,0.99501
14.99000,0.48000,0.02995,0.97005
15.01000,0.48000,0.00749,0.99251
15.03000,0.48000,0.00983,0.99017
15.05000,0.48000,0.00563,0.99437
15.07000,0.48000,0.00970,0.99030
15.09000,0.48000,0.00645,0.99355
15.11000,0.48000,0.00760,0.99240
15.13000,0.48000,0.00354,0.99646
15.15000,0.48000,0.01230,0.98770
15.17000,0.48000,0.00561,0.99439
15.19000,0.48000,0.01138,0.98862
15.21000,0.48000,0.00462,0.99538
15.23000,0.48000,0.00874,0.99126
15.25000,0.48000,0.00661,0.99339
15.27000,0.48000,0.02344,0.97656
15.29000,0.48000,0.00729,0.99271
15.31000,0.48000,0.01070,0.98930
15.33000,0.48000,0.00525,0.99475
15.35000,0.48000,0.01054,0.98946
15.37000,0.48000,0.00618,0.99382
15.39000,0.48000,0.00996,0.99004
15.41000,0.48000,0.01446,0.98554
15.43000,0.48000,0.02532,0.97468
15.45000,0.48000,0.01755,0.98245
15.47000,0.48000,0.04081,0.95919
15.49000,0.48000,0.01679,0.98321
15.51000,0.48000,0.01907,0.98093
15.53000,0.48000,0.01269,0.98731
15.55000,0.48000,0.01603,0.98397
15.57000,0.48000,0.01075,0.98925
15.59000,0.48000,0.01380,0.98620
15.61000,0.48000,0.00382,0.99618
15.63000,0.48000,0.01257,0.98743
15.65000,0.48000,0.02576,0.97424
15.67000,0.48000,0.01665,0.98335
15.69000,0.48000,0.00447,0.99553
15.71000,0.48000,0.01213,0.98787
15.73000,0.48000,0.00711,0.99289
15.75000,0.48000,0.01369,0.98631
15.77000,0.48000,0.00930,0.99070
15.79000,0.48000,0.04519,0.95481
15.81000,0.48000,0.04898,0.95102
15.83000,0.48000,0.06587,0.93413
15.85000,0.48000,0.01246,0.98754
15.87000,0.48000,0.02676,0.97324
15.89000,0.48000,0.00791,0.99209
15.91000,0.48000,0.00912,0.99088
15.93000,0.48000,0.00215,0.99785
15.95000,0.48000,0.00654,0.99346
15.97000,0.48000,0.00287,0.99713
15.99000,0.48000,0.00882,0.99118
16.01000,0.48000,0.00304,0.99696
16.03000,0.48000,0.00475,0.99525
16.05000,0.48000,0.00502,0.99498
16.07000,0.48000,0.00593,0.99407
16.09000,0.48000,0.00319,0.99681
16.11000,0.48000,0.00383,0.99617
16.13000,0.48000,0.00427,0.99573
16.15000,0.48000,0.00502,0.99498
16.17000,0.48000,0.00630,0.99370
16.19000,0.48000,0.00584,0.99416
16.21000,0.48000,0.01825,0.98175
16.23000,0.48000,0.01214,0.98786
16.25000,0.48000,0.01173,0.98827
16.27000,0.48000,0.01471,0.98529
16.29000,0.48000,0.00930,0.99070
16.31000,0.48000,0.00772,0.99228
16.33000,0.48000,0.00488,0.99512
16.35000,0.48000,0.00739,0.99261
16.37000,0.48000,0.00677,0.99323
16.39000,0.48000,0.00800,0.99200
16.41000,0.48000,0.01130,0.98870
16.43000,0.48000,0.02700,0.97300
16.45000,0.48000,0.01631,0.98369
16.47000,0.48000,0.01318,0.98682
16.49000,0.48000,0.01796,0.98204
16.51000,0.48000,0.01561,0.98439
16.53000,0.48000,0.01037,0.98963
16.55000,0.48000,0.01479,0.98521
16.57000,0.48000,0.01806,0.98194
16.59000,0.48000,0.04382,0.95618
16.61000,0.48000,0.02526,0.97474
16.63000,0.48000,0.01744,0.98256
16.65000,0.48000,0.04232,0.95768
16.67000,0.48000,0.02378,0.97622
16.69000,0.48000,0.01194,0.98806
16.71000,0.48000,0.01982,0.98018
16.73000,0.48000,0.01614,0.98386
16.75000,0.48000,0.00943,0.99057
16.77000,0.48000,0.03367,0.96633
16.79000,0.48000,0.01728,0.98272
16.81000,0.48000,0.03711,0.96289
16.83000,0.48000,0.00837,0.99163
16.85000,0.48000,0.00681,0.99319
16.87000,0.48000,0.00490,0.99510
16.89000,0.48000,0.00546,0.99454
16.91000,0.48000,0.00513,0.99487
16.93000,0.48000,0.00977,0.99023
16.95000,0.48000,0.00653,0.99347
16.97000,0.48000,0.02017,0.97983
16.99000,0.48000,0.00961,0.99039
17.01000,0.48000,0.01988,0.98012
17.03000,0.48000,0.01175,0.98825
17.05000,0.48000,0.03332,0.96668
17.07000,0.48000,0.01567,0.98433
17.09000,0.48000,0.00718,0.99282
17.11000,0.48000,0.01509,0.98491
17.13000,0.48000,0.00732,0.99268
17.15000,0.48000,0.00379,0.99621
17.17000,0.48000,0.00467,0.99533
17.19000,0.48000,0.00405,0.99595
17.21000,0.48000,0.00394,0.99606
17.23000,0.48000,0.00286,0.99714
17.25000,0.48000,0.00586,0.99414
17.27000,0.48000,0.00314,0.99686
17.29000,0.48000,0.00815,0.99185
17.31000,0.48000,0.00374,0.99626
17.33000,0.48000,0.00819,0.99181
17.35000,0.48000,0.00411,0.99589
17.37000,0.48000,0.00663,0.99337
17.39000,0.48000,0.00468,0.99532
17.41000,0.48000,0.00701,0.99299
17.43000,0.48000,0.00394,0.99606
17.45000,0.48000,0.00741,0.99259
17.47000,0.48000,0.00259,0.99741
17.49000,0.48000,0.00499,0.99501
17.51000,0.48000,0.00313,0.99687
17.53000,0.48000,0.00542,0.99458
17.55000,0.48000,0.00504,0.99496
17.57000,0.48000,0.00444,0.99556
17.59000,0.48000,0.00399,0.99601
17.61000,0.48000,0.00601,0.99399
17.63000,0.48000,0.00540,0.99460
17.65000,0.48000,0.00439,0.99561
17.67000,0.48000,0.00407,0.99593
17.69000,0.48000,0.00365,0.99635
17.71000,0.48000,0.00664,0.99336
17.73000,0.48000,0.00409,0.99591
17.75000,0.48000,0.00519,0.99481
17.77000,0.48000,0.00454,0.99546
17.79000,0.48000,0.00678,0.99322
17.81000,0.48000,0.00283,0.99717
17.83000,0.48000,0.01024,0.98976
17.85000,0.48000,0.00526,0.99474
17.87000,0.48000,0.00349,0.99651
17.89000,0.48000,0.00485,0.99515
17.91000,0.48000,0.00297,0.99703
17.93000,0.48000,0.00396,0.99604
17.95000,0.48000,0.00311,0.99689
17.97000,0.48000,0.00494,0.99506
17.99000,0.48000,0.00338,0.99662
18.01000,0.48000,0.00352,0.99648
18.03000,0.48000,0.00315,0.99685
18.05000,0.48000,0.00809,0.99191
18.07000,0.48000,0.00228,0.99772
18.09000,0.48000,0.01092,0.98908
18.11000,0.48000,0.00523,0.99477
18.13000,0.48000,0.00888,0.99112
18.15000,0.48000,0.00404,0.99596
18.17000,0.48000,0.01009,0.98991
18.19000,0.48000,0.00476,0.99524
18.21000,0.48000,0.01125,0.98875
18.23000,0.48000,0.00511,0.99489
18.25000,0.48000,0.01417,0.98583
18.27000,0.48000,0.00788,0.99211
18.29000,0.48000,0.01325,0.98675
18.31000,0.48000,0.01514,0.98486
18.33000,0.48000,0.01822,0.98178
18.35000,0.48000,0.01330,0.98670
18.37000,0.48000,0.01655,0.98345
18.39000,0.48000,0.01309,0.98691
18.41000,0.48000,0.00559,0.99441
18.43000,0.48000,0.01445,0.98555
18.45000,0.48000,0.00717,0.99283
18.47000,0.48000,0.00881,0.99119
18.49000,0.48000,0.00517,0.99483
18.51000,0.48000,0.01126,0.98874
18.53000,0.48000,0.00305,0.99695
18.55000,0.48000,0.01957,0.98043
18.57000,0.48000,0.00440,0.99560
18.59000,0.48000,0.01803,0.98197
18.61000,0.48000,0.00843,0.99157
18.63000,0.48000,0.01864,0.98136
18.65000,0.48000,0.00686,0.99314
18.67000,0.48000,0.01686,0.98314
18.69000,0.48000,0.00397,0.99603
18.71000,0.48000,0.01249,0.98751
18.73000,0.48000,0.00521,0.99479
18.75000,0.48000,0.00623,0.99377
18.77000,0.48000,0.00545,0.99455
18.79000,0.48000,0.00700,0.99300
18.81000,0.48000,0.00612,0.99388
18.83000,0.48000,0.00982,0.99018
18.85000,0.48000,0.00813,0.99187
18.87000,0.48000,0.00471,0.99529
18.89000,0.48000,0.00819,0.99181
18.91000,0.48000,0.00482,0.99518
18.93000,0.48000,0.00463,0.99537
18.95000,0.48000,0.00540,0.99460
18.97000,0.48000,0.00435,0.99565
18.99000,0.48000,0.00511,0.99489
19.01000,0.48000,0.00532,0.99468
19.03000,0.48000,0.00659,0.99341
19.05000,0.48000,0.00291,0.99709
19.07000,0.48000,0.00923,0.99077
19.09000,0.48000,0.00454,0.99546
19.11000,0.48000,0.03283,0.96717
19.13000,0.48000,0.00811,0.99189
19.15000,0.48000,0.05592,0.94408
19.17000,0.48000,0.02103,0.97897
19.19000,0.48000,0.01391,0.98609
19.21000,0.48000,0.00976,0.99024
19.23000,0.48000,0.00558,0.99442
19.25000,0.48000,0.00489,0.99511
19.27000,0.48000,0.00658,0.99342
19.29000,0.48000,0.01049,0.98951
19.31000,0.48000,0.00822,0.99178
19.33000,0.48000,0.00844,0.99156
19.35000,0.48000,0.00696,0.99304
19.37000,0.48000,0.01115,0.98885
19.39000,0.48000,0.00674,0.99326
19.41000,0.48000,0.01069,0.98931
19.43000,0.48000,0.01012,0.98988
19.45000,0.48000,0.01126,0.98874
19.47000,0.48000,0.01722,0.98278
19.49000,0.48000,0.07463,0.92537
19.51000,0.48000,0.02689,0.97311
19.53000,0.48000,0.05040,0.94960
19.55000,0.48000,0.02574,0.97426
19.57000,0.48000,0.04539,0.95461
19.59000,0.48000,0.00703,0.99297
19.61000,0.48000,0.00967,0.99033
19.63000,0.48000,0.00847,0.99153
19.65000,0.48000,0.00780,0.99220
19.67000,0.48000,0.00596,0.99404
19.69000,0.48000,0.00617,0.99383
19.71000,0.48000,0.00599,0.99401
19.73000,0.48000,0.01048,0.98952
19.75000,0.48000,0.00572,0.99428
19.77000,0.48000,0.01834,0.98166
19.79000,0.48000,0.01038,0.98962
19.81000,0.48000,0.01335,0.98665
19.83000,0.48000,0.00847,0.99153
19.85000,0.48000,0.01109,0.98891
19.87000,0.48000,0.00799,0.99201
19.89000,0.48000,0.01447,0.98553
19.91000,0.48000,0.00465,0.99535
19.93000,0.48000,0.01062,0.98938
19.95000,0.48000,0.00550,0.99450
19.97000,0.48000,0.00611,0.99389
19.99000,0.48000,0.00392,0.99608
20.01000,0.48000,0.00515,0.99485
20.03000,0.48000,0.00275,0.99725
20.05000,0.48000,0.00746,0.99254
20.07000,0.48000,0.00327,0.99673
20.09000,0.48000,0.00643,0.99357
20.11000,0.48000,0.01540,0.98460
20.13000,0.48000,0.01741,0.98259
20.15000,0.48000,0.00643,0.99357
20.17000,0.48000,0.01355,0.98645
20.19000,0.48000,0.01668,0.98332
20.21000,0.48000,0.03470,0.96530
20.23000,0.48000,0.09649,0.90351
20.25000,0.48000,0.10087,0.89913
20.27000,0.48000,0.13801,0.86199
20.29000,0.48000,0.16805,0.83195
20.31000,0.48000,0.18229,0.81771
20.33000,0.48000,0.10113,0.89887
20.35000,0.48000,0.09722,0.90278
20.37000,0.48000,0.08878,0.91122
20.39000,0.48000,0.05185,0.94815
20.41000,0.48000,0.38172,0.61828
20.43000,0.48000,0.29330,0.70670
20.45000,0.48000,0.81112,0.18888
20.47000,0.48000,0.81435,0.18565
20.49000,0.48000,0.94655,0.05345
20.51000,0.48000,0.90093,0.09907
20.53000,0.48000,0.94008,0.05992
20.55000,0.48000,0.84079,0.15921
20.57000,0.48000,0.94025,0.05975
20.59000,0.48000,0.86111,0.13889
20.61000,0.48000,0.93308,0.06692
20.63000,0.48000,0.92508,0.07492
20.65000,0.48000,0.86362,0.13638
20.67000,0.48000,0.85365,0.14635
20.69000,0.48000,0.92233,0.07767
20.71000,0.48000,0.85218,0.14782
20.73000,0.48000,0.88078,0.11922
20.75000,0.48000,0.88512,0.11488
20.77000,0.48000,0.93151,0.06849
20.79000,0.48000,0.92825,0.07175
20.81000,0.48000,0.85374,0.14626
20.83000,0.48000,0.96821,0.03179
20.85000,0.48000,0.93355,0.06645
20.87000,0.48000,0.98634,0.01366
20.89000,0.48000,0.91996,0.08004
20.91000,0.48000,0.97479,0.02521
20.93000,0.48000,0.88357,0.11643
20.95000,0.48000,0.95301,0.04699
20.97000,0.48000,0.94038,0.05962
20.99000,0.48000,0.93842,0.06158
21.01000,0.48000,0.91061,0.08939
21.03000,0.48000,0.90584,0.09416
21.05000,0.48000,0.85683,0.14317
21.07000,0.48000,0.94854,0.05146
21.09000,0.48000,0.94283,0.05717
21.11000,0.48000,0.92119,0.07881
21.13000,0.48000,0.87726,0.12274
21.15000,0.48000,0.71717,0.28283
21.17000,0.48000,0.88976,0.11024
21.19000,0.48000,0.89560,0.10440
21.21000,0.48000,0.88986,0.11014
21.23000,0.48000,0.85895,0.14105
21.25000,0.48000,0.94254,0.05746
21.27000,0.48000,0.90059,0.09941
21.29000,0.48000,0.94822,0.05178
21.31000,0.48000,0.93440,0.06560
21.33000,0.48000,0.97334,0.02666
21.35000,0.48000,0.96381,0.03619
21.37000,0.48000,0.94283,0.05717
21.39000,0.48000,0.97711,0.02289
21.41000,0.48000,0.98760,0.01240
21.43000,0.48000,0.98698,0.01302
21.45000,0.48000,0.97917,0.02083
21.47000,0.48000,0.99551,0.00449
21.49000,0.48000,0.99228,0.00772
21.51000,0.48000,0.98823,0.01177
21.53000,0.48000,0.99337,0.00663
21.55000,0.48000,0.98522,0.01478
21.57000,0.48000,0.99479,0.00521
21.59000,0.48000,0.98980,0.01020
21.61000,0.48000,0.98028,0.01972
21.63000,0.48000,0.98300,0.01700
21.65000,0.48000,0.94877,0.05123
21.67000,0.48000,0.95234,0.04766
21.69000,0.48000,0.93900,0.06100
21.71000,0.48000,0.92400,0.07600
21.73000,0.48000,0.94850,0.05150
21.75000,0.48000,0.92119,0.07881
21.77000,0.48000,0.95018,0.04982
21.79000,0.48000,0.95975,0.04025
21.81000,0.48000,0.96183,0.03817
21.83000,0.48000,0.94825,0.05175
21.85000,0.48000,0.92025,0.07975
21.87000,0.48000,0.95227,0.04773
21.89000,0.48000,0.88333,0.11667
21.91000,0.48000,0.89141,0.10859
21.93000,0.48000,0.83062,0.16938
21.95000,0.48000,0.89634,0.10366
21.97000,0.48000,0.82415,0.17585
21.99000,0.48000,0.86247,0.13753
22.01000,0.48000,0.87792,0.12208
22.03000,0.48000,0.84785,0.15215
22.05000,0.48000,0.87347,0.12653
22.07000,0.48000,0.87371,0.12629
22.09000,0.48000,0.87360,0.12640
22.11000,0.48000,0.22758,0.77242
22.13000,0.48000,0.75507,0.24493
22.15000,0.48000,0.39863,0.60137
22.17000,0.48000,0.52194,0.47806
22.19000,0.48000,0.36703,0.63297
22.21000,0.48000,0.53503,0.46497
22.23000,0.48000,0.12650,0.87350
22.25000,0.48000,0.35870,0.64130
22.27000,0.48000,0.09837,0.90163
22.29000,0.48000,0.18655,0.81345
22.31000,0.48000,0.04234,0.95766
22.33000,0.48000,0.12033,0.87967
22.35000,0.48000,0.06248,0.93752
22.37000,0.48000,0.13837,0.86163
22.39000,0.48000,0.01834,0.98166
22.41000,0.48000,0.19157,0.80843
22.43000,0.48000,0.01842,0.98158
22.45000,0.48000,0.03383,0.96617
22.47000,0.48000,0.01362,0.98638
22.49000,0.48000,0.05717,0.94283
22.51000,0.48000,0.00795,0.99205
22.53000,0.48000,0.01284,0.98716
22.55000,0.48000,0.00602,0.99398
22.57000,0.48000,0.00676,0.99324
22.59000,0.48000,0.00227,0.99773
22.61000,0.48000,0.00538,0.99462
22.63000,0.48000,0.00134,0.99866
22.65000,0.48000,0.00545,0.99455
22.67000,0.48000,0.00619,0.99381
22.69000,0.48000,0.00659,0.99341
22.71000,0.48000,0.00445,0.99555
22.73000,0.48000,0.00607,0.99393
22.75000,0.48000,0.00436,0.99564
22.77000,0.48000,0.00377,0.99623
22.79000,0.48000,0.00351,0.99649
22.81000,0.48000,0.00554,0.99446
22.83000,0.48000,0.00878,0.99122
22.85000,0.48000,0.01198,0.98802
22.87000,0.48000,0.00611,0.99389
22.89000,0.48000,0.01528,0.98472
22.91000,0.48000,0.00513,0.99487
22.93000,0.48000,0.00347,0.99653
22.95000,0.48000,0.00284,0.99716
22.97000,0.48000,0.00305,0.99695
22.99000,0.48000,0.00217,0.99783
23.01000,0.48000,0.00270,0.99730
23.03000,0.48000,0.00298,0.99702
23.05000,0.48000,0.00191,0.99809
23.07000,0.48000,0.00819,0.99181
23.09000,0.48000,0.00301,0.99699
23.11000,0.48000,0.00796,0.99204
23.13000,0.48000,0.00422,0.99578
23.15000,0.48000,0.00395,0.99605
23.17000,0.48000,0.00629,0.99371
23.19000,0.48000,0.00453,0.99547
23.21000,0.48000,0.00260,0.99740
23.23000,0.48000,0.00553,0.99447
23.25000,0.48000,0.00665,0.99335
23.27000,0.48000,0.00629,0.99371
23.29000,0.48000,0.00283,0.99717
23.31000,0.48000,0.00510,0.99490
23.33000,0.48000,0.00201,0.99799
23.35000,0.48000,0.00338,0.99662
23.37000,0.48000,0.00101,0.99899
23.39000,0.48000,0.00258,0.99742
23.41000,0.48000,0.00388,0.99612
23.43000,0.48000,0.00297,0.99703
23.45000,0.48000,0.00418,0.99582
23.47000,0.48000,0.00294,0.99706
23.49000,0.48000,0.00669,0.99331
23.51000,0.48000,0.01219,0.98781
23.53000,0.48000,0.00578,0.99422
23.55000,0.48000,0.00382,0.99618
23.57000,0.48000,0.00431,0.99569
23.59000,0.48000,0.00244,0.99756
23.61000,0.48000,0.00615,0.99385
23.63000,0.48000,0.00317,0.99684
23.65000,0.48000,0.00618,0.99382
23.67000,0.48000,0.00253,0.99747
23.69000,0.48000,0.00300,0.99700
23.71000,0.48000,0.00286,0.99714
23.73000,0.48000,0.00346,0.99654
23.75000,0.48000,0.00246,0.99754
23.77000,0.48000,0.00192,0.99808
23.79000,0.48000,0.00250,0.99750
23.81000,0.48000,0.00610,0.99390
23.83000,0.48000,0.00400,0.99600
23.85000,0.48000,0.00875,0.99125
23.87000,0.48000,0.00821,0.99179
23.89000,0.48000,0.00353,0.99647
23.91000,0.48000,0.00159,0.99841
23.93000,0.48000,0.00082,0.99918
23.95000,0.48000,0.00097,0.99903
23.97000,0.48000,0.00055,0.99945
23.99000,0.48000,0.00143,0.99857
24.01000,0.48000,0.00131,0.99869
24.03000,0.48000,0.00207,0.99793
24.05000,0.48000,0.00112,0.99888
24.07000,0.48000,0.00107,0.99894
24.09000,0.48000,0.00143,0.99857
24.11000,0.48000,0.00172,0.99828
24.13000,0.48000,0.00140,0.99860
24.15000,0.48000,0.00145,0.99855
24.17000,0.48000,0.00118,0.99882
24.19000,0.48000,0.00339,0.99661
24.21000,0.48000,0.00142,0.99858
24.23000,0.48000,0.00257,0.99743
24.25000,0.48000,0.00150,0.99850
24.27000,0.48000,0.00196,0.99804
24.29000,0.48000,0.00071,0.99929
24.31000,0.48000,0.00157,0.99843
24.33000,0.48000,0.00096,0.99904
24.35000,0.48000,0.00256,0.99744
24.37000,0.48000,0.00354,0.99646
24.39000,0.48000,0.00685,0.99315
24.41000,0.48000,0.00813,0.99187
24.43000,0.48000,0.00822,0.99178
24.45000,0.48000,0.00387,0.99613
24.47000,0.48000,0.00521,0.99479
24.49000,0.48000,0.00261,0.99739
24.51000,0.48000,0.00351,0.99649
24.53000,0.48000,0.00084,0.99916
24.55000,0.48000,0.00434,0.99566
24.57000,0.48000,0.00240,0.99760
24.59000,0.48000,0.00364,0.99636
24.61000,0.48000,0.00376,0.99624
24.63000,0.48000,0.00781,0.99219
24.65000,0.48000,0.00183,0.99817
24.67000,0.48000,0.00199,0.99801
24.69000,0.48000,0.00196,0.99804
24.71000,0.48000,0.00220,0.99780
24.73000,0.48000,0.00157,0.99843
24.75000,0.48000,0.00123,0.99876
24.77000,0.48000,0.00147,0.99853
24.79000,0.48000,0.00321,0.99679
24.81000,0.48000,0.00117,0.99883
24.83000,0.48000,0.00139,0.99861
24.85000,0.48000,0.00076,0.99924
24.87000,0.48000,0.00078,0.99922
24.89000,0.48000,0.00113,0.99887
24.91000,0.48000,0.00095,0.99905
24.93000,0.48000,0.00136,0.99864
24.95000,0.48000,0.00262,0.99738
24.97000,0.48000,0.00615,0.99385
24.99000,0.48000,0.00453,0.99547
25.01000,0.48000,0.00347,0.99653
25.03000,0.48000,0.00272,0.99728
25.05000,0.48000,0.00259,0.99741
25.07000,0.48000,0.00200,0.99800
25.09000,0.48000,0.00221,0.99779
25.11000,0.48000,0.00227,0.99773
25.13000,0.48000,0.00232,0.99768
25.15000,0.48000,0.00361,0.99639
25.17000,0.48000,0.00831,0.99169
25.19000,0.48000,0.00534,0.99466
25.21000,0.48000,0.00431,0.99569
25.23000,0.48000,0.00533,0.99467
25.25000,0.48000,0.00543,0.99457
25.27000,0.48000,0.00456,0.99544
25.29000,0.48000,0.00288,0.99712
25.31000,0.48000,0.00688,0.99312
25.33000,0.48000,0.00345,0.99655
25.35000,0.48000,0.01013,0.98987
25.37000,0.48000,0.00448,0.99552
25.39000,0.48000,0.00476,0.99524
25.41000,0.48000,0.00447,0.99553
25.43000,0.48000,0.00333,0.99667
25.45000,0.48000,0.00350,0.99650
25.47000,0.48000,0.00337,0.99663
25.49000,0.48000,0.00305,0.99695
25.51000,0.48000,0.00730,0.99270
25.53000,0.48000,0.00396,0.99604
25.55000,0.48000,0.00777,0.99223
25.57000,0.48000,0.00735,0.99265
25.59000,0.48000,0.00907,0.99093
25.61000,0.48000,0.00448,0.99552
25.63000,0.48000,0.00951,0.99049
25.65000,0.48000,0.00527,0.99473
25.67000,0.48000,0.01048,0.98952
25.69000,0.48000,0.00687,0.99313
25.71000,0.48000,0.00870,0.99130
25.73000,0.48000,0.00414,0.99586
25.75000,0.48000,0.02001,0.97999
25.77000,0.48000,0.01412,0.98588
25.79000,0.48000,0.01121,0.98879
25.81000,0.48000,0.00931,0.99068
25.83000,0.48000,0.01354,0.98646
25.85000,0.48000,0.00704,0.99296
25.87000,0.48000,0.00783,0.99217
25.89000,0.48000,0.01366,0.98634
25.91000,0.48000,0.01323,0.98677
25.93000,0.48000,0.01170,0.98830
25.95000,0.48000,0.01420,0.98580
25.97000,0.48000,0.01312,0.98688
25.99000,0.48000,0.01252,0.98748
26.01000,0.48000,0.00662,0.99338
26.03000,0.48000,0.00417,0.99583
26.05000,0.48000,0.00766,0.99234
26.07000,0.48000,0.00706,0.99294
26.09000,0.48000,0.00402,0.99598
26.11000,0.48000,0.00480,0.99520
26.13000,0.48000,0.00321,0.99679
26.15000,0.48000,0.00829,0.99171
26.17000,0.48000,0.00379,0.99621
26.19000,0.48000,0.00422,0.99578
26.21000,0.48000,0.00353,0.99647
26.23000,0.48000,0.00478,0.99522
26.25000,0.48000,0.00906,0.99094
26.27000,0.48000,0.00510,0.99490
26.29000,0.48000,0.00749,0.99251
26.31000,0.48000,0.01076,0.98924
26.33000,0.48000,0.02439,0.97561
26.35000,0.48000,0.01046,0.98954
26.37000,0.48000,0.00882,0.99118
26.39000,0.48000,0.00819,0.99181
26.41000,0.48000,0.01241,0.98759
26.43000,0.48000,0.00577,0.99423
26.45000,0.48000,0.01083,0.98917
26.47000,0.48000,0.00507,0.99493
26.49000,0.48000,0.00766,0.99234
26.51000,0.48000,0.00530,0.99470
26.53000,0.48000,0.01078,0.98922
26.55000,0.48000,0.00435,0.99565
26.57000,0.48000,0.00714,0.99286
26.59000,0.48000,0.00448,0.99552
26.61000,0.48000,0.00829,0.99171
26.63000,0.48000,0.00472,0.99528
26.65000,0.48000,0.00929,0.99071
26.67000,0.48000,0.00560,0.99440
26.69000,0.48000,0.00562,0.99438
26.71000,0.48000,0.02171,0.97829
26.73000,0.48000,0.00636,0.99364
26.75000,0.48000,0.00695,0.99305
26.77000,0.48000,0.00314,0.99686
26.79000,0.48000,0.00563,0.99437
26.81000,0.48000,0.00364,0.99636
26.83000,0.48000,0.00490,0.99510
26.85000,0.48000,0.00229,0.99771
26.87000,0.48000,0.00265,0.99735
26.89000,0.48000,0.00475,0.99525
26.91000,0.48000,0.00329,0.99671
26.93000,0.48000,0.00520,0.99480
26.95000,0.48000,0.00267,0.99733
26.97000,0.48000,0.00432,0.99568
26.99000,0.48000,0.00369,0.99631
27.01000,0.48000,0.00277,0.99723
27.03000,0.48000,0.00280,0.99720
27.05000,0.48000,0.00334,0.99666
27.07000,0.48000,0.00244,0.99756
27.09000,0.48000,0.00281,0.99719
27.11000,0.48000,0.00357,0.99643
27.13000,0.48000,0.00330,0.99670
27.15000,0.48000,0.00432,0.99568
27.17000,0.48000,0.00353,0.99647
27.19000,0.48000,0.00265,0.99735
27.21000,0.48000,0.00579,0.99421
27.23000,0.48000,0.00393,0.99607
27.25000,0.48000,0.00809,0.99191
27.27000,0.48000,0.00445,0.99555
27.29000,0.48000,0.00402,0.99598
27.31000,0.48000,0.00364,0.99636
27.33000,0.48000,0.00903,0.99097
27.35000,0.48000,0.00318,0.99682
27.37000,0.48000,0.00959,0.99041
27.39000,0.48000,0.00375,0.99625
27.41000,0.48000,0.00560,0.99440
27.43000,0.48000,0.00615,0.99385
27.45000,0.48000,0.01753,0.98247
27.47000,0.48000,0.00518,0.99482
27.49000,0.48000,0.01879,0.98121
27.51000,0.48000,0.00823,0.99177
27.53000,0.48000,0.00488,0.99512
27.55000,0.48000,0.00583,0.99417
27.57000,0.48000,0.00882,0.99118
27.59000,0.48000,0.01429,0.98571
27.61000,0.48000,0.01275,0.98725
27.63000,0.48000,0.01223,0.98777
27.65000,0.48000,0.01671,0.98329
27.67000,0.48000,0.01497,0.98503
27.69000,0.48000,0.01177,0.98823
27.71000,0.48000,0.02023,0.97977
27.73000,0.48000,0.00617,0.99383
27.75000,0.48000,0.05168,0.94832
27.77000,0.48000,0.01207,0.98793
27.79000,0.48000,0.04256,0.95744
27.81000,0.48000,0.05504,0.94496
27.83000,0.48000,0.04002,0.95998
27.85000,0.48000,0.04812,0.95188
27.87000,0.48000,0.07734,0.92266
27.89000,0.48000,0.13338,0.86662
27.91000,0.48000,0.09623,0.90377
27.93000,0.48000,0.07824,0.92176
27.95000,0.48000,0.14897,0.85103
27.97000,0.48000,0.09954,0.90046
27.99000,0.48000,0.06634,0.93366
28.01000,0.48000,0.09898,0.90102
28.03000,0.48000,0.07599,0.92401
28.05000,0.48000,0.35446,0.64554
28.07000,0.48000,0.23079,0.76921
28.09000,0.48000,0.20673,0.79327
28.11000,0.48000,0.11580,0.88420
28.13000,0.48000,0.06003,0.93997
28.15000,0.48000,0.07401,0.92599
28.17000,0.48000,0.07692,0.92308
28.19000,0.48000,0.03580,0.96420
28.21000,0.48000,0.04342,0.95658
28.23000,0.48000,0.01804,0.98196
28.25000,0.48000,0.09924,0.90076
28.27000,0.48000,0.09367,0.90633
28.29000,0.48000,0.03976,0.96024
28.31000,0.48000,0.05280,0.94720
28.33000,0.48000,0.07104,0.92896
28.35000,0.48000,0.08262,0.91738
28.37000,0.48000,0.02555,0.97445
28.39000,0.48000,0.15609,0.84391
28.41000,0.48000,0.09496,0.90504
28.43000,0.48000,0.06934,0.93066
28.45000,0.48000,0.11134,0.88866
28.47000,0.48000,0.04156,0.95844
28.49000,0.48000,0.05463,0.94537
28.51000,0.48000,0.02359,0.97641
28.53000,0.48000,0.02646,0.97354
28.55000,0.48000,0.02132,0.97868
28.57000,0.48000,0.03639,0.96361
28.59000,0.48000,0.02449,0.97551
28.61000,0.48000,0.12034,0.87966
28.63000,0.48000,0.03683,0.96317
28.65000,0.48000,0.10683,0.89317
28.67000,0.48000,0.04798,0.95202
28.69000,0.48000,0.04378,0.95622
28.71000,0.48000,0.02620,0.97380
28.73000,0.48000,0.03752,0.96248
28.75000,0.48000,0.03508,0.96492
28.77000,0.48000,0.08193,0.91807
28.79000,0.48000,0.04733,0.95267
28.81000,0.48000,0.13019,0.86981
28.83000,0.48000,0.03299,0.96701
28.85000,0.48000,0.02184,0.97816
28.87000,0.48000,0.01940,0.98060
28.89000,0.48000,0.01825,0.98175
28.91000,0.48000,0.02232,0.97768
28.93000,0.48000,0.03617,0.96383
28.95000,0.48000,0.03114,0.96886
28.97000,0.48000,0.00801,0.99199
28.99000,0.48000,0.02338,0.97662
29.01000,0.48000,0.01704,0.98296
29.03000,0.48000,0.00475,0.99525
29.05000,0.48000,0.01000,0.99000
29.07000,0.48000,0.00451,0.99549
29.09000,0.48000,0.00665,0.99335
29.11000,0.48000,0.00348,0.99652
29.13000,0.48000,0.01085,0.98915
29.15000,0.48000,0.00402,0.99598
29.17000,0.48000,0.01215,0.98785
29.19000,0.48000,0.00385,0.99615
29.21000,0.48000,0.01223,0.98777
29.23000,0.48000,0.00360,0.99640
29.25000,0.48000,0.00830,0.99170
29.27000,0.48000,0.00365,0.99635
29.29000,0.48000,0.02029,0.97971
29.31000,0.48000,0.00362,0.99638
29.33000,0.48000,0.01269,0.98731
29.35000,0.48000,0.00261,0.99739
29.37000,0.48000,0.00776,0.99224
29.39000,0.48000,0.00193,0.99807
29.41000,0.48000,0.00378,0.99622
29.43000,0.48000,0.00156,0.99844
29.45000,0.48000,0.00206,0.99794
29.47000,0.48000,0.00057,0.99943
29.49000,0.48000,0.00151,0.99849
29.51000,0.48000,0.00034,0.99966
29.53000,0.48000,0.00187,0.99813
29.55000,0.48000,0.00088,0.99912
29.57000,0.48000,0.00124,0.99876
29.59000,0.48000,0.00033,0.99967
29.61000,0.48000,0.00105,0.99895
29.63000,0.48000,0.00024,0.99976
29.65000,0.48000,0.00122,0.99878
29.67000,0.48000,0.00019,0.99981
29.69000,0.48000,0.00120,0.99880
29.71000,0.48000,0.00023,0.99977
29.73000,0.48000,0.00177,0.99823
29.75000,0.48000,0.00031,0.99969
29.77000,0.48000,0.00145,0.99855
29.79000,0.48000,0.00023,0.99977
29.81000,0.48000,0.00161,0.99839
29.83000,0.48000,0.00015,0.99985
29.85000,0.48000,0.00080,0.99920
29.87000,0.48000,0.00020,0.99980
29.89000,0.48000,0.00082,0.99918
29.91000,0.48000,0.00088,0.99912
29.93000,0.48000,0.00166,0.99834
29.95000,0.48000,0.00076,0.99924
29.97000,0.48000,0.00076,0.99924
29.99000,0.48000,0.00041,0.99959
30.01000,0.48000,0.00177,0.99823
30.03000,0.48000,0.00075,0.99925
30.05000,0.48000,0.00069,0.99931
30.07000,0.48000,0.00174,0.99826
30.09000,0.48000,0.00144,0.99856
30.11000,0.48000,0.00550,0.99450
30.13000,0.48000,0.00214,0.99786
30.15000,0.48000,0.00213,0.99787
30.17000,0.48000,0.00160,0.99840
30.19000,0.48000,0.00241,0.99759
30.21000,0.48000,0.00067,0.99933
30.23000,0.48000,0.00276,0.99724
30.25000,0.48000,0.00106,0.99894
30.27000,0.48000,0.00161,0.99839
30.29000,0.48000,0.00088,0.99912
30.31000,0.48000,0.00017,0.99983
30.33000,0.48000,0.00133,0.99867
30.35000,0.48000,0.00030,0.99970
30.37000,0.48000,0.00070,0.99930
30.39000,0.48000,0.00044,0.99956
30.41000,0.48000,0.00160,0.99840
30.43000,0.48000,0.00319,0.99681
30.45000,0.48000,0.00064,0.99936
30.47000,0.48000,0.00343,0.99657
30.49000,0.48000,0.00122,0.99878
30.51000,0.48000,0.00413,0.99587
30.53000,0.48000,0.00037,0.99963
30.55000,0.48000,0.00163,0.99837
30.57000,0.48000,0.00087,0.99913
30.59000,0.48000,0.00192,0.99808
30.61000,0.48000,0.00064,0.99936
30.63000,0.48000,0.00132,0.99868
30.65000,0.48000,0.00135,0.99865
30.67000,0.48000,0.00071,0.99929
30.69000,0.48000,0.00038,0.99962
30.71000,0.48000,0.00135,0.99865
30.73000,0.48000,0.00129,0.99871
30.75000,0.48000,0.00210,0.99790
30.77000,0.48000,0.00077,0.99923
30.79000,0.48000,0.00182,0.99818
30.81000,0.48000,0.00233,0.99767
30.83000,0.48000,0.00178,0.99822
30.85000,0.48000,0.00242,0.99758
30.87000,0.48000,0.00223,0.99777
30.89000,0.48000,0.00566,0.99434
30.91000,0.48000,0.00764,0.99236
30.93000,0.48000,0.02742,0.97258
30.95000,0.48000,0.02008,0.97992
30.97000,0.48000,0.08582,0.91418
30.99000,0.48000,0.08233,0.91767
31.01000,0.48000,0.08283,0.91717
31.03000,0.48000,0.08988,0.91012
31.05000,0.48000,0.12896,0.87104
31.07000,0.48000,0.19648,0.80352
31.09000,0.48000,0.10611,0.89389
31.11000,0.48000,0.46442,0.53558
31.13000,0.48000,0.24764,0.75236
31.15000,0.48000,0.69248,0.30752
31.17000,0.48000,0.49479,0.50521
31.19000,0.48000,0.90855,0.09145
31.21000,0.48000,0.54569,0.45431
31.23000,0.48000,0.83970,0.16030
31.25000,0.48000,0.64297,0.35703
31.27000,0.48000,0.98138,0.01862
31.29000,0.48000,0.96264,0.03736
31.31000,0.48000,0.96125,0.03875
31.33000,0.48000,0.93241,0.06759
31.35000,0.48000,0.96295,0.03705
31.37000,0.48000,0.90694,0.09306
31.39000,0.48000,0.94965,0.05035
31.41000,0.48000,0.89683,0.10317
31.43000,0.48000,0.87772,0.12228
31.45000,0.48000,0.92375,0.07625
31.47000,0.48000,0.94210,0.05790
31.49000,0.48000,0.81793,0.18207
31.51000,0.48000,0.77543,0.22457
31.53000,0.48000,0.88343,0.11657
31.55000,0.48000,0.91602,0.08398
31.57000,0.48000,0.75703,0.24297
31.59000,0.48000,0.86335,0.13665
31.61000,0.48000,0.66809,0.33191
31.63000,0.48000,0.86482,0.13518
31.65000,0.48000,0.46350,0.53650
31.67000,0.48000,0.70398,0.29602
31.69000,0.48000,0.56791,0.43209
31.71000,0.48000,0.87557,0.12443
31.73000,0.48000,0.64894,0.35106
31.75000,0.48000,0.78318,0.21682
31.77000,0.48000,0.55807,0.44193
31.79000,0.48000,0.91230,0.08770
31.81000,0.48000,0.76809,0.23191
31.83000,0.48000,0.93451,0.06549
31.85000,0.48000,0.56848,0.43152
31.87000,0.48000,0.85538,0.14462
31.89000,0.48000,0.57937,0.42063
31.91000,0.48000,0.74380,0.25620
31.93000,0.48000,0.72711,0.27289
31.95000,0.48000,0.74551,0.25449
31.97000,0.48000,0.77427,0.22573
31.99000,0.48000,0.91792,0.08208
32.01000,0.48000,0.83113,0.16887
32.03000,0.48000,0.89660,0.10340
32.05000,0.48000,0.94132,0.05868
32.07000,0.48000,0.92519,0.07481
32.09000,0.48000,0.96156,0.03844
32.11000,0.48000,0.90568,0.09432
32.13000,0.48000,0.94169,0.05831
32.15000,0.48000,0.96019,0.03981
32.17000,0.48000,0.94027,0.05973
32.19000,0.48000,0.92217,0.07783
32.21000,0.48000,0.97325,0.02675
32.23000,0.48000,0.92144,0.07856
32.25000,0.48000,0.89760,0.10240
32.27000,0.48000,0.95316,0.04684
32.29000,0.48000,0.93267,0.06733
32.31000,0.48000,0.81444,0.18556
32.33000,0.48000,0.86380,0.13620
32.35000,0.48000,0.90756,0.09244
32.37000,0.48000,0.78282,0.21718
32.39000,0.48000,0.75081,0.24919
32.41000,0.48000,0.87654,0.12346
32.43000,0.48000,0.84583,0.15417
32.45000,0.48000,0.84678,0.15322
32.47000,0.48000,0.83706,0.16294
32.49000,0.48000,0.91784,0.08216
32.51000,0.48000,0.82824,0.17176
32.53000,0.48000,0.89429,0.10571
32.55000,0.48000,0.86582,0.13418
32.57000,0.48000,0.87132,0.12868
32.59000,0.48000,0.74309,0.25691
32.61000,0.48000,0.78716,0.21284
32.63000,0.48000,0.79777,0.20223
32.65000,0.48000,0.72670,0.27330
32.67000,0.48000,0.73479,0.26521
32.69000,0.48000,0.87651,0.12349
32.71000,0.48000,0.82035,0.17965
32.73000,0.48000,0.82869,0.17131
32.75000,0.48000,0.90789,0.09211
32.77000,0.48000,0.92834,0.07166
32.79000,0.48000,0.81021,0.18979
32.81000,0.48000,0.93748,0.06252
32.83000,0.48000,0.84203,0.15797
32.85000,0.48000,0.89045,0.10955
32.87000,0.48000,0.91542,0.08458
32.89000,0.48000,0.96225,0.03775
32.91000,0.48000,0.94229,0.05771
32.93000,0.48000,0.94483,0.05517
32.95000,0.48000,0.92399,0.07601
32.97000,0.48000,0.93213,0.06787
32.99000,0.48000,0.86139,0.13861
33.01000,0.48000,0.92918,0.07082
33.03000,0.48000,0.94162,0.05838
33.05000,0.48000,0.97079,0.02921
33.07000,0.48000,0.90785,0.09215
33.09000,0.48000,0.97011,0.02989
33.11000,0.48000,0.95593,0.04407
33.13000,0.48000,0.97078,0.02922
33.15000,0.48000,0.90086,0.09914
33.17000,0.48000,0.97867,0.02133
33.19000,0.48000,0.94692,0.05308
33.21000,0.48000,0.98489,0.01511
33.23000,0.48000,0.96044,0.03956
33.25000,0.48000,0.99349,0.00651
33.27000,0.48000,0.96167,0.03833
33.29000,0.48000,0.97994,0.02006
33.31000,0.48000,0.96503,0.03497
33.33000,0.48000,0.97005,0.02995
33.35000,0.48000,0.97826,0.02174
33.37000,0.48000,0.92339,0.07661
33.39000,0.48000,0.95755,0.04245
33.41000,0.48000,0.98014,0.01986
33.43000,0.48000,0.94672,0.05328
33.45000,0.48000,0.95017,0.04983
33.47000,0.48000,0.94258,0.05742
33.49000,0.48000,0.93258,0.06742
33.51000,0.48000,0.95762,0.04238
33.53000,0.48000,0.93521,0.06479
33.55000,0.48000,0.92994,0.07006
33.57000,0.48000,0.93912,0.06088
33.59000,0.48000,0.93519,0.06481
33.61000,0.48000,0.87059,0.12941
33.63000,0.48000,0.95206,0.04794
33.65000,0.48000,0.91338,0.08662
33.67000,0.48000,0.92407,0.07593
33.69000,0.48000,0.93231,0.06769
33.71000,0.48000,0.92472,0.07528
33.73000,0.48000,0.87380,0.12620
33.75000,0.48000,0.93097,0.06903
33.77000,0.48000,0.97734,0.02266
33.79000,0.48000,0.91703,0.08297
33.81000,0.48000,0.97596,0.02404
33.83000,0.48000,0.95802,0.04198
33.85000,0.48000,0.97105,0.02895
33.87000,0.48000,0.93736,0.06264
33.89000,0.48000,0.95257,0.04743
33.91000,0.48000,0.96585,0.03415
33.93000,0.48000,0.99060,0.00940
33.95000,0.48000,0.96091,0.03909
33.97000,0.48000,0.98240,0.01760
33.99000,0.48000,0.96009,0.03991
34.01000,0.48000,0.96180,0.03820
34.03000,0.48000,0.97058,0.02942
34.05000,0.48000,0.93099,0.06901
34.07000,0.48000,0.97251,0.02749
34.09000,0.48000,0.98582,0.01418
34.11000,0.48000,0.95847,0.04153
34.13000,0.48000,0.95889,0.04111
34.15000,0.48000,0.95648,0.04352
34.17000,0.48000,0.96209,0.03791
34.19000,0.48000,0.98749,0.01251
34.21000,0.48000,0.97183,0.02817
34.23000,0.48000,0.98120,0.01880
34.25000,0.48000,0.95559,0.04441
34.27000,0.48000,0.98049,0.01951
34.29000,0.48000,0.97961,0.02039
34.31000,0.48000,0.94924,0.05076
34.33000,0.48000,0.95914,0.04086
34.35000,0.48000,0.97686,0.02314
34.37000,0.48000,0.96411,0.03589
34.39000,0.48000,0.95060,0.04940
34.41000,0.48000,0.93410,0.06590
34.43000,0.48000,0.96125,0.03875
34.45000,0.48000,0.98062,0.01938
34.47000,0.48000,0.96139,0.03861
34.49000,0.48000,0.97817,0.02183
34.51000,0.48000,0.95982,0.04018
34.53000,0.48000,0.97569,0.02431
34.55000,0.48000,0.95800,0.04200
34.57000,0.48000,0.90868,0.09132
34.59000,0.48000,0.92780,0.07220
34.61000,0.48000,0.73941,0.26059
34.63000,0.48000,0.62829,0.37171
34.65000,0.48000,0.56258,0.43742
34.67000,0.48000,0.69795,0.30205
34.69000,0.48000,0.61481,0.38519
34.71000,0.48000,0.87940,0.12060
34.73000,0.48000,0.70365,0.29635
34.75000,0.48000,0.79964,0.20036
34.77000,0.48000,0.52802,0.47198
34.79000,0.48000,0.82978,0.17022
34.81000,0.48000,0.52692,0.47308
34.83000,0.48000,0.46748,0.53252
34.85000,0.48000,0.35085,0.64915
34.87000,0.48000,0.53774,0.46226
34.89000,0.48000,0.33838,0.66162
34.91000,0.48000,0.32644,0.67356
34.93000,0.48000,0.13028,0.86972
34.95000,0.48000,0.28213,0.71787
34.97000,0.48000,0.04445,0.95555
34.99000,0.48000,0.03680,0.96320
35.01000,0.48000,0.01530,0.98470
35.03000,0.48000,0.02474,0.97526
35.05000,0.48000,0.01846,0.98154
35.07000,0.48000,0.02137,0.97863
35.09000,0.48000,0.00638,0.99362
35.11000,0.48000,0.00574,0.99426
35.13000,0.48000,0.00262,0.99738
35.15000,0.48000,0.00218,0.99782
35.17000,0.48000,0.00290,0.99710
35.19000,0.48000,0.00305,0.99695
35.21000,0.48000,0.00270,0.99730
35.23000,0.48000,0.00524,0.99476
35.25000,0.48000,0.00896,0.99104
35.27000,0.48000,0.00483,0.99517
35.29000,0.48000,0.00903,0.99097
35.31000,0.48000,0.01327,0.98673
35.33000,0.48000,0.01353,0.98647
35.35000,0.48000,0.01226,0.98774
35.37000,0.48000,0.01697,0.98303
35.39000,0.48000,0.02305,0.97695
35.41000,0.48000,0.03409,0.96591
35.43000,0.48000,0.02067,0.97933
35.45000,0.48000,0.08738,0.91262
35.47000,0.48000,0.01622,0.98378
35.49000,0.48000,0.02194,0.97806
35.51000,0.48000,0.00897,0.99103
35.53000,0.48000,0.00893,0.99107
35.55000,0.48000,0.00788,0.99212
35.57000,0.48000,0.00499,0.99501
35.59000,0.48000,0.00634,0.99366
35.61000,0.48000,0.00462,0.99538
35.63000,0.48000,0.00607,0.99393
35.65000,0.48000,0.00319,0.99681
35.67000,0.48000,0.00773,0.99227
35.69000,0.48000,0.00268,0.99732
35.71000,0.48000,0.00181,0.99819
35.73000,0.48000,0.00087,0.99913
35.75000,0.48000,0.00160,0.99840
35.77000,0.48000,0.00139,0.99861
35.79000,0.48000,0.00153,0.99847
35.81000,0.48000,0.00207,0.99793
35.83000,0.48000,0.00203,0.99797
35.85000,0.48000,0.00393,0.99607
35.87000,0.48000,0.00512,0.99488
35.89000,0.48000,0.00293,0.99707
35.91000,0.48000,0.00146,0.99854
35.93000,0.48000,0.00081,0.99919
35.95000,0.48000,0.00055,0.99945
35.97000,0.48000,0.00111,0.99889
35.99000,0.48000,0.00043,0.99957
36.01000,0.48000,0.00090,0.99910
36.03000,0.48000,0.00040,0.99960
36.05000,0.48000,0.00164,0.99836
36.07000,0.48000,0.00074,0.99926
36.09000,0.48000,0.00117,0.99883
36.11000,0.48000,0.00021,0.99979
36.13000,0.48000,0.00154,0.99846
36.15000,0.48000,0.00048,0.99952
36.17000,0.48000,0.00142,0.99858
36.19000,0.48000,0.00095,0.99905
36.21000,0.48000,0.00254,0.99746
36.23000,0.48000,0.00095,0.99905
36.25000,0.48000,0.00093,0.99907
36.27000,0.48000,0.00120,0.99880
36.29000,0.48000,0.00092,0.99908
36.31000,0.48000,0.00103,0.99897
36.33000,0.48000,0.00090,0.99910
36.35000,0.48000,0.00131,0.99869
36.37000,0.48000,0.00220,0.99780
36.39000,0.48000,0.00608,0.99392
36.41000,0.48000,0.00947,0.99053
36.43000,0.48000,0.01078,0.98922
36.45000,0.48000,0.02045,0.97955
36.47000,0.48000,0.02078,0.97922
36.49000,0.48000,0.04102,0.95898
36.51000,0.48000,0.06817,0.93183
36.53000,0.48000,0.06527,0.93473
36.55000,0.48000,0.13550,0.86450
36.57000,0.48000,0.22019,0.77981
36.59000,0.48000,0.03038,0.96962
36.61000,0.48000,0.03945,0.96055
36.63000,0.48000,0.01491,0.98509
36.65000,0.48000,0.04007,0.95993
36.67000,0.48000,0.01820,0.98180
36.69000,0.48000,0.07122,0.92878
36.71000,0.48000,0.04358,0.95642
36.73000,0.48000,0.15693,0.84307
36.75000,0.48000,0.18022,0.81978
36.77000,0.48000,0.54123,0.45877
36.79000,0.48000,0.44035,0.55965
36.81000,0.48000,0.47162,0.52838
36.83000,0.48000,0.18407,0.81593
36.85000,0.48000,0.23748,0.76252
36.87000,0.48000,0.31244,0.68756
36.89000,0.48000,0.23606,0.76394
36.91000,0.48000,0.17715,0.82285
36.93000,0.48000,0.06349,0.93651
36.95000,0.48000,0.04676,0.95324
36.97000,0.48000,0.03236,0.96764
36.99000,0.48000,0.02148,0.97852
37.01000,0.48000,0.01799,0.98201
37.03000,0.48000,0.01015,0.98985
37.05000,0.48000,0.01396,0.98604
37.07000,0.48000,0.01148,0.98852
37.09000,0.48000,0.01015,0.98985
37.11000,0.48000,0.00605,0.99395
37.13000,0.48000,0.00575,0.99425
37.15000,0.48000,0.00866,0.99134
37.17000,0.48000,0.00886,0.99114
37.19000,0.48000,0.01005,0.98995
37.21000,0.48000,0.01016,0.98984
37.23000,0.48000,0.00600,0.99400
37.25000,0.48000,0.00819,0.99181
37.27000,0.48000,0.00586,0.99414
37.29000,0.48000,0.00698,0.99302
37.31000,0.48000,0.00560,0.99440
37.33000,0.48000,0.01077,0.98923
37.35000,0.48000,0.00687,0.99313
37.37000,0.48000,0.03080,0.96920
37.39000,0.48000,0.00930,0.99070
37.41000,0.48000,0.01923,0.98077
37.43000,0.48000,0.00535,0.99465
37.45000,0.48000,0.00376,0.99624
37.47000,0.48000,0.00305,0.99695
37.49000,0.48000,0.00431,0.99569
37.51000,0.48000,0.00261,0.99739
37.53000,0.48000,0.00405,0.99595
37.55000,0.48000,0.00345,0.99655
37.57000,0.48000,0.00628,0.99372
37.59000,0.48000,0.00557,0.99443
37.61000,0.48000,0.00729,0.99271
37.63000,0.48000,0.00229,0.99771
37.65000,0.48000,0.00476,0.99524
37.67000,0.48000,0.00283,0.99717
37.69000,0.48000,0.00279,0.99721
37.71000,0.48000,0.00159,0.99841
37.73000,0.48000,0.00490,0.99510
37.75000,0.48000,0.00290,0.99710
37.77000,0.48000,0.00276,0.99724
37.79000,0.48000,0.00697,0.99303
37.81000,0.48000,0.00890,0.99110
37.83000,0.48000,0.00482,0.99518
37.85000,0.48000,0.00860,0.99140
37.87000,0.48000,0.00723,0.99277
37.89000,0.48000,0.00978,0.99022
37.91000,0.48000,0.00601,0.99399
37.93000,0.48000,0.00627,0.99373
37.95000,0.48000,0.00540,0.99460
37.97000,0.48000,0.00652,0.99348
37.99000,0.48000,0.00541,0.99459
38.01000,0.48000,0.00608,0.99392
38.03000,0.48000,0.00814,0.99186
38.05000,0.48000,0.00491,0.99509
38.07000,0.48000,0.00624,0.99376
38.09000,0.48000,0.00164,0.99836
38.11000,0.48000,0.00801,0.99199
38.13000,0.48000,0.00260,0.99740
38.15000,0.48000,0.00438,0.99562
38.17000,0.48000,0.00319,0.99681
38.19000,0.48000,0.00586,0.99414
38.21000,0.48000,0.00376,0.99624
38.23000,0.48000,0.00503,0.99497
38.25000,0.48000,0.00405,0.99595
38.27000,0.48000,0.00935,0.99065
38.29000,0.48000,0.00196,0.99804
38.31000,0.48000,0.01106,0.98894
38.33000,0.48000,0.00206,0.99794
38.35000,0.48000,0.00654,0.99346
38.37000,0.48000,0.00511,0.99489
38.39000,0.48000,0.00670,0.99330
38.41000,0.48000,0.00438,0.99562
38.43000,0.48000,0.00265,0.99735
38.45000,0.48000,0.00563,0.99437
38.47000,0.48000,0.00404,0.99596
38.49000,0.48000,0.00486,0.99514
38.51000,0.48000,0.00723,0.99277
38.53000,0.48000,0.00521,0.99479
38.55000,0.48000,0.00545,0.99455
38.57000,0.48000,0.00407,0.99593
38.59000,0.48000,0.00919,0.99081
38.61000,0.48000,0.00749,0.99251
38.63000,0.48000,0.00741,0.99259
38.65000,0.48000,0.00537,0.99463
38.67000,0.48000,0.00854,0.99146
38.69000,0.48000,0.00654,0.99346
38.71000,0.48000,0.00744,0.99256
38.73000,0.48000,0.00461,0.99539
38.75000,0.48000,0.01216,0.98784
38.77000,0.48000,0.00482,0.99518
38.79000,0.48000,0.01365,0.98635
38.81000,0.48000,0.00359,0.99641
38.83000,0.48000,0.01567,0.98433
38.85000,0.48000,0.00486,0.99514
38.87000,0.48000,0.01502,0.98498
38.89000,0.48000,0.00459,0.99541
38.91000,0.48000,0.02070,0.97930
38.93000,0.48000,0.00999,0.99001
38.95000,0.48000,0.02786,0.97214
38.97000,0.48000,0.01837,0.98163
38.99000,0.48000,0.02430,0.97570
39.01000,0.48000,0.00957,0.99043
39.03000,0.48000,0.03193,0.96807
39.05000,0.48000,0.01427,0.98573
39.07000,0.48000,0.02942,0.97058
39.09000,0.48000,0.03514,0.96486
39.11000,0.48000,0.08726,0.91274
39.13000,0.48000,0.09808,0.90192
39.15000,0.48000,0.21914,0.78086
39.17000,0.48000,0.11933,0.88067
39.19000,0.48000,0.32041,0.67959
39.21000,0.48000,0.31803,0.68197
39.23000,0.48000,0.33216,0.66784
39.25000,0.48000,0.49792,0.50208
39.27000,0.48000,0.64191,0.35809
39.29000,0.48000,0.74877,0.25123
39.31000,0.48000,0.52357,0.47643
39.33000,0.48000,0.59154,0.40846
39.35000,0.48000,0.68089,0.31911
39.37000,0.48000,0.55040,0.44960
39.39000,0.48000,0.75691,0.24309
39.41000,0.48000,0.77472,0.22528
39.43000,0.48000,0.92581,0.07419
39.45000,0.48000,0.91565,0.08435
39.47000,0.48000,0.94477,0.05523
39.49000,0.48000,0.89833,0.10167
39.51000,0.48000,0.87852,0.12148
39.53000,0.48000,0.93758,0.06242
39.55000,0.48000,0.94948,0.05052
39.57000,0.48000,0.79480,0.20520
39.59000,0.48000,0.91027,0.08973
39.61000,0.48000,0.71466,0.28534
39.63000,0.48000,0.85144,0.14856
39.65000,0.48000,0.48917,0.51083
39.67000,0.48000,0.74453,0.25547
39.69000,0.48000,0.51721,0.48279
39.71000,0.48000,0.85418,0.14582
39.73000,0.48000,0.62370,0.37630
39.75000,0.48000,0.75995,0.24005
39.77000,0.48000,0.53504,0.46496
39.79000,0.48000,0.89879,0.10121
39.81000,0.48000,0.73117,0.26883
39.83000,0.48000,0.92480,0.07520
39.85000,0.48000,0.55051,0.44949
39.87000,0.48000,0.85046,0.14954
39.89000,0.48000,0.56626,0.43374
39.91000,0.48000,0.75178,0.24822
39.93000,0.48000,0.68353,0.31647
39.95000,0.48000,0.77052,0.22948
39.97000,0.48000,0.71719,0.28281
39.99000,0.48000,0.92165,0.07835
40.01000,0.48000,0.80092,0.19908
40.03000,0.48000,0.89392,0.10608
40.05000,0.48000,0.93850,0.06150
40.07000,0.48000,0.91264,0.08736
40.09000,0.48000,0.95563,0.04437
40.11000,0.48000,0.90904,0.09096
40.13000,0.48000,0.91537,0.08463
40.15000,0.48000,0.93004,0.06996
40.17000,0.48000,0.90154,0.09846
40.19000,0.48000,0.86988,0.13012
40.21000,0.48000,0.85209,0.14791
40.23000,0.48000,0.83656,0.16344
40.25000,0.48000,0.58376,0.41624
40.27000,0.48000,0.81294,0.18706
40.29000,0.48000,0.65570,0.34430
40.31000,0.48000,0.51054,0.48946
40.33000,0.48000,0.50777,0.49223
40.35000,0.48000,0.83856,0.16144
40.37000,0.48000,0.43433,0.56567
40.39000,0.48000,0.77934,0.22066
40.41000,0.48000,0.71395,0.28605
40.43000,0.48000,0.87827,0.12173
40.45000,0.48000,0.68776,0.31224
40.47000,0.48000,0.83625,0.16375
40.49000,0.48000,0.84019,0.15981
40.51000,0.48000,0.89968,0.10032
40.53000,0.48000,0.75558,0.24442
40.55000,0.48000,0.85490,0.14510
40.57000,0.48000,0.78957,0.21043
40.59000,0.48000,0.71733,0.28267
40.61000,0.48000,0.69843,0.30157
40.63000,0.48000,0.89994,0.10006
40.65000,0.48000,0.80230,0.19770
40.67000,0.48000,0.88957,0.11043
40.69000,0.48000,0.94311,0.05689
40.71000,0.48000,0.94170,0.05830
40.73000,0.48000,0.85382,0.14618
40.75000,0.48000,0.96001,0.03999
40.77000,0.48000,0.91615,0.08385
40.79000,0.48000,0.94939,0.05061
40.81000,0.48000,0.95908,0.04092
40.83000,0.48000,0.98496,0.01504
40.85000,0.48000,0.97487,0.02513
40.87000,0.48000,0.97879,0.02121
40.89000,0.48000,0.95851,0.04149
40.91000,0.48000,0.97572,0.02428
40.93000,0.48000,0.92255,0.07745
40.95000,0.48000,0.95618,0.04382
40.97000,0.48000,0.96566,0.03434
40.99000,0.48000,0.94083,0.05917
41.01000,0.48000,0.92883,0.07117
41.03000,0.48000,0.96138,0.03862
41.05000,0.48000,0.96848,0.03152
41.07000,0.48000,0.92854,0.07146
41.09000,0.48000,0.93251,0.06749
41.11000,0.48000,0.91402,0.08598
41.13000,0.48000,0.97087,0.02913
41.15000,0.48000,0.86783,0.13217
41.17000,0.48000,0.93918,0.06082
41.19000,0.48000,0.95585,0.04415
41.21000,0.48000,0.98015,0.01985
41.23000,0.48000,0.88695,0.11305
41.25000,0.48000,0.98423,0.01577
41.27000,0.48000,0.93007,0.06993
41.29000,0.48000,0.98572,0.01428
41.31000,0.48000,0.94275,0.05725
41.33000,0.48000,0.96262,0.03738
41.35000,0.48000,0.94022,0.05978
41.37000,0.48000,0.97694,0.02306
41.39000,0.48000,0.98092,0.01908
41.41000,0.48000,0.96558,0.03442
41.43000,0.48000,0.98064,0.01936
41.45000,0.48000,0.99024,0.00976
41.47000,0.48000,0.97053,0.02947
41.49000,0.48000,0.96449,0.03551
41.51000,0.48000,0.96747,0.03253
41.53000,0.48000,0.96170,0.03830
41.55000,0.48000,0.98700,0.01300
41.57000,0.48000,0.96422,0.03578
41.59000,0.48000,0.98205,0.01795
41.61000,0.48000,0.96315,0.03685
41.63000,0.48000,0.98178,0.01822
41.65000,0.48000,0.97565,0.02435
41.67000,0.48000,0.95356,0.04644
41.69000,0.48000,0.96495,0.03505
41.71000,0.48000,0.97997,0.02003
41.73000,0.48000,0.96840,0.03160
41.75000,0.48000,0.95615,0.04385
41.77000,0.48000,0.93643,0.06357
41.79000,0.48000,0.96748,0.03252
41.81000,0.48000,0.97660,0.02340
41.83000,0.48000,0.95934,0.04066
41.85000,0.48000,0.97100,0.02900
41.87000,0.48000,0.96405,0.03595
41.89000,0.48000,0.96892,0.03108
41.91000,0.48000,0.96999,0.03001
41.93000,0.48000,0.92094,0.07906
41.95000,0.48000,0.97424,0.02576
41.97000,0.48000,0.98422,0.01578
41.99000,0.48000,0.96420,0.03580
42.01000,0.48000,0.96383,0.03617
42.03000,0.48000,0.95044,0.04956
42.05000,0.48000,0.97577,0.02423
42.07000,0.48000,0.96316,0.03684
42.09000,0.48000,0.95483,0.04517
42.11000,0.48000,0.96386,0.03614
42.13000,0.48000,0.97154,0.02846
42.15000,0.48000,0.94827,0.05173
42.17000,0.48000,0.97260,0.02740
42.19000,0.48000,0.90772,0.09228
42.21000,0.48000,0.98141,0.01859
42.23000,0.48000,0.96445,0.03555
42.25000,0.48000,0.96981,0.03019
42.27000,0.48000,0.95785,0.04215
42.29000,0.48000,0.93611,0.06389
42.31000,0.48000,0.97719,0.02281
42.33000,0.48000,0.98753,0.01247
42.35000,0.48000,0.96770,0.03230
42.37000,0.48000,0.98011,0.01989
42.39000,0.48000,0.97828,0.02172
42.41000,0.48000,0.97579,0.02421
42.43000,0.48000,0.97699,0.02301
42.45000,0.48000,0.95842,0.04158
42.47000,0.48000,0.98172,0.01828
42.49000,0.48000,0.97882,0.02118
42.51000,0.48000,0.98141,0.01859
42.53000,0.48000,0.97793,0.02207
42.55000,0.48000,0.96618,0.03382
42.57000,0.48000,0.98320,0.01680
42.59000,0.48000,0.98124,0.01876
42.61000,0.48000,0.95513,0.04487
42.63000,0.48000,0.97794,0.02206
42.65000,0.48000,0.95252,0.04748
42.67000,0.48000,0.97647,0.02353
42.69000,0.48000,0.98376,0.01624
