# Time (seconds),f0,f1,f2
0.0099999,-0.55810546875,0.85595703125,-0.018310546875
0.029999900000000003,-0.451904296875,0.979736328125,0.080322265625
0.0499999,-0.5361328125,0.773681640625,0.013916015625
0.0699999,-0.475830078125,0.93212890625,0.14697265625
0.08999990000000001,-0.45068359375,0.8193359375,0.04296875
0.10999990000000001,-0.60888671875,0.902099609375,0.0888671875
0.1299999,-0.45849609375,0.9267578125,0.091796875
0.14999990000000002,-0.5087890625,0.8388671875,-0.04931640625
0.1699999,-0.454345703125,0.998779296875,0.07421875
0.1899999,-0.432861328125,0.8798828125,0.04052734375
0.20999990000000002,-0.519775390625,0.758544921875,0.0986328125
0.2299999,-0.4208984375,1.065673828125,0.0556640625
0.2499999,-0.507568359375,0.816650390625,0.07421875
0.2699999,-0.598388671875,0.83837890625,0.0380859375
0.28999990000000003,-0.37255859375,1.025390625,0.001708984375
0.3099999,-0.48828125,0.851806640625,0.066162109375
0.3299999,-0.4638671875,0.846435546875,-0.047119140625
0.34999990000000003,-0.387451171875,0.901123046875,0.205078125
0.3699999,-0.528564453125,0.7978515625,0.004150390625
0.3899999,-0.441650390625,0.90576171875,0.14599609375
0.40999990000000003,-0.5576171875,0.83984375,0.063720703125
0.4299999,-0.486572265625,0.939453125,-0.018798828125
0.4499999,-0.40234375,0.95166015625,0.049560546875
0.4699999,-0.568359375,0.822021484375,0.034423828125
0.4899999,-0.418212890625,1.04443359375,0.140380859375
0.5099999,-0.498779296875,0.807861328125,0.038330078125
0.5299999,-0.557861328125,0.983154296875,0.121337890625
0.5499999,-0.406005859375,0.91064453125,-0.007568359375
0.5699999,-0.567626953125,0.802734375,-0.032470703125
0.5899998999999999,-0.39990234375,0.93017578125,-0.036376953125
0.6099998999999999,-0.4619140625,0.850830078125,0.025390625
0.6299999,-0.49169921875,0.778076171875,0.078857421875
0.6499999,-0.4521484375,0.959716796875,0.0205078125
0.6699999,-0.4873046875,0.77978515625,0.0537109375
0.6899999,-0.598388671875,0.82421875,-0.025390625
0.7099999,-0.3759765625,0.984130859375,-0.00927734375
0.7299998999999999,-0.578125,0.803955078125,-0.0234375
0.7499998999999999,-0.41943359375,0.787841796875,0.06787109375
0.7699999,-0.5087890625,0.90771484375,0.15380859375
0.7899999,-0.497802734375,0.88134765625,0.08056640625
0.8099999,-0.54150390625,0.839111328125,0.050537109375
0.8299999,-0.51904296875,0.8251953125,-0.01025390625
0.8499998999999999,-0.53173828125,0.916015625,0.004638671875
0.8699998999999999,-0.4638671875,0.9462890625,0.094482421875
0.8899999,-0.524658203125,0.76123046875,0.0244140625
0.9099999,-0.4677734375,0.98974609375,0.15771484375
0.9299999,-0.45947265625,0.803466796875,0.0390625
0.9499999,-0.611083984375,0.889892578125,0.092041015625
0.9699998999999999,-0.44873046875,0.944580078125,0.050048828125
0.9899998999999999,-0.499755859375,0.83642578125,-0.037109375
1.0099999,-0.4580078125,0.97119140625,0.072509765625
1.0299999,-0.430419921875,0.89111328125,0.093505859375
1.0499999,-0.5224609375,0.766845703125,0.108642578125
1.0699999,-0.42431640625,1.021484375,0.01953125
1.0899999,-0.509521484375,0.837646484375,0.097412109375
1.1099999,-0.588134765625,0.81396484375,-0.0009765625
1.1299999,-0.3779296875,1.0244140625,0.033203125
1.1499999,-0.4677734375,0.8515625,0.074462890625
1.1699998999999999,-0.471923828125,0.843017578125,-0.003662109375
1.1899998999999999,-0.396484375,0.89501953125,0.196533203125
1.2099999,-0.552490234375,0.8359375,-0.004150390625
1.2299999,-0.445068359375,0.9130859375,0.13623046875
1.2499999,-0.564697265625,0.848876953125,0.0517578125
1.2699999,-0.453125,0.976806640625,0.022216796875
1.2899999,-0.4091796875,0.916015625,0.028564453125
1.3099999,-0.55419921875,0.795166015625,0.024658203125
1.3299999,-0.415771484375,1.065185546875,0.115234375
1.3499999,-0.495361328125,0.780029296875,0.01171875
1.3699999,-0.591796875,0.9814453125,0.114013671875
1.3899999,-0.37939453125,0.931884765625,-0.030517578125
1.4099999,-0.568115234375,0.796875,-0.013916015625
1.4299998999999999,-0.391845703125,0.883544921875,-0.0419921875
1.4499999,-0.458984375,0.85498046875,0.044921875
1.4699999,-0.4599609375,0.778076171875,0.05615234375
1.4899999,-0.4677734375,0.927978515625,0.0234375
1.5099999,-0.498779296875,0.797119140625,0.082763671875
1.5299999,-0.582275390625,0.84033203125,-0.02587890625
1.5499999,-0.3759765625,0.992919921875,0.015625
1.5699999,-0.59912109375,0.794921875,-0.0205078125
1.5899999,-0.435302734375,0.817626953125,0.098388671875
1.6099999,-0.516845703125,0.915283203125,0.1533203125
1.6299999,-0.5322265625,0.908935546875,0.099609375
1.6499999,-0.56103515625,0.8349609375,0.071533203125
1.6699999,-0.52490234375,0.831298828125,-0.034423828125
1.6899998999999999,-0.495361328125,0.96826171875,0.015869140625
1.7099999,-0.46044921875,0.895263671875,0.079345703125
1.7299999,-0.512451171875,0.76123046875,0.04443359375
1.7499999,-0.452392578125,1.033203125,0.140625
1.7699999,-0.464111328125,0.806640625,0.0537109375
1.7899999,-0.62744140625,0.85546875,0.069580078125
1.8099999,-0.44580078125,0.961669921875,-0.00439453125
1.8299999,-0.498046875,0.83447265625,-0.012939453125
1.8499999,-0.468994140625,0.902099609375,0.02734375
1.8699999,-0.428955078125,0.893310546875,0.1484375
1.8899999,-0.525634765625,0.781982421875,0.097412109375
1.9099999,-0.436279296875,0.958251953125,0.0009765625
1.9299998999999999,-0.506103515625,0.855712890625,0.094970703125
1.9499999,-0.54931640625,0.802490234375,-0.01953125
1.9699999,-0.4208984375,1,0.02685546875
1.9899999,-0.48486328125,0.827392578125,0.0703125
2.0099999,-0.47607421875,0.90673828125,0.08154296875
2.0299999,-0.429931640625,0.85595703125,0.1328125
2.0499999,-0.429931640625,0.85595703125,0.1328125
2.0699999,-0.40673828125,0.9287109375,0.06689453125
2.0899999,-0.40673828125,0.9287109375,0.06689453125
2.1099999,-0.420654296875,1.039794921875,0.053466796875
2.1299999,-0.420654296875,1.039794921875,0.053466796875
2.1499999,-0.417724609375,0.884765625,0.0224609375
2.1699999,-0.521484375,0.772705078125,0.036865234375
2.1899999,-0.4072265625,1.0478515625,0.076416015625
2.2099999,-0.50927734375,0.7587890625,-0.004150390625
2.2299999,-0.638427734375,0.977783203125,0.065185546875
2.2499999,-0.363037109375,0.953125,-0.055419921875
2.2699999,-0.550537109375,0.82861328125,0.019775390625
2.2899999,-0.409912109375,0.828125,0.014404296875
2.3099999,-0.471435546875,0.88720703125,0.112548828125
2.3299999,-0.44189453125,0.771484375,0.035888671875
2.3499999,-0.4951171875,0.86083984375,0.053955078125
2.3699999,-0.528564453125,0.836181640625,0.108642578125
2.3899999,-0.522216796875,0.928466796875,-0.0068359375
2.4099999,-0.414306640625,0.9599609375,0.08447265625
2.4299999,-0.633544921875,0.76416015625,-0.002197265625
2.4499999,-0.41943359375,0.94140625,0.148193359375
2.4699999,-0.208251953125,0.70556640625,-0.21337890625
2.4899999,0.34912109375,1.085693359375,-0.26025390625
2.5099999,-0.166748046875,1.033935546875,0.790771484375
2.5299999,1.261474609375,2.00830078125,0.58544921875
2.5499999,0.50244140625,1.604248046875,0.044921875
2.5699999,0.02197265625,1.038330078125,0.1748046875
2.5899999,-0.380126953125,0.82080078125,0.084228515625
2.6099999,-1.52099609375,0.505859375,-0.100341796875
2.6299999,-2.04931640625,0.41552734375,-0.180419921875
2.6499999,-1.445068359375,-0.079833984375,0.552734375
2.6699999,-0.730712890625,-0.3154296875,0.745849609375
2.6899999,-1.109375,0.477294921875,-0.2666015625
2.7099999,0.294189453125,1.753662109375,0.552978515625
2.7299999,-0.279541015625,1.06787109375,0.04833984375
2.7499999,-0.120849609375,0.89599609375,0.042236328125
2.7699999,-0.551513671875,1.00634765625,0.1064453125
2.7899999,-0.368408203125,0.8408203125,0.09521484375
2.8099999,-0.850830078125,1.134521484375,0.263427734375
2.8299999,-0.921630859375,1.23876953125,0.504150390625
2.8499999,-0.115966796875,2.115478515625,-0.268798828125
2.8699999,1.525390625,0.350830078125,0.625244140625
2.8899999,-0.02294921875,1.563720703125,0.407958984375
2.9099999,-0.396484375,1.025634765625,-0.03759765625
2.9299999,-0.43212890625,1.055419921875,-0.048095703125
2.9499999,-0.74755859375,0.88134765625,0.0966796875
2.9699999,-0.307861328125,0.5478515625,-0.326416015625
2.9899999,0.3984375,1.1923828125,-0.224365234375
3.0099999,-0.443359375,1.34130859375,0.140869140625
3.0299999,0.895263671875,0.77294921875,0.011474609375
3.0499999,-0.453857421875,1.544189453125,-0.302490234375
3.0699999,-0.23681640625,0.97900390625,0.162841796875
3.0899999,-0.524658203125,0.92041015625,-0.09423828125
3.1099999,-0.535888671875,0.990234375,-0.007568359375
3.1299999,-0.501220703125,0.9755859375,-0.034912109375
3.1499999,-0.388916015625,1.03173828125,0.064697265625
3.1699999,-0.532958984375,1.3388671875,0.146484375
3.1899999,-0.277099609375,0.688232421875,-0.07763671875
3.2099999,-0.28076171875,0.751220703125,0.7626953125
3.2299999,0.157470703125,1.110107421875,-0.1796875
3.2499999,-0.057861328125,1.424560546875,0.350341796875
3.2699999,-0.55419921875,1.249267578125,0.2646484375
3.2899999,-0.569580078125,1.024658203125,0.071533203125
3.3099999,-0.37890625,0.948486328125,0.06298828125
3.3299999000000002,-0.73193359375,0.973388671875,0.134033203125
3.3499999,-0.1728515625,0.935791015625,-0.41650390625
3.3699999,-2.125732421875,0.80908203125,-0.66162109375
3.3899999,-0.734619140625,-0.224853515625,0.098876953125
3.4099999,-1.3388671875,0.228759765625,0.20849609375
3.4299999,-1.029541015625,0.8134765625,0.21923828125
3.4499999,-0.638427734375,0.992919921875,-0.212158203125
3.4699999,-0.44873046875,0.539306640625,-0.149658203125
3.4899999,-0.738037109375,0.952392578125,0.287353515625
3.5099999,0.05224609375,1.205078125,-0.6513671875
3.5299999,-0.090087890625,0.728515625,-0.43359375
3.5499999,0.0126953125,0.72802734375,-0.65185546875
3.5699999,-0.624267578125,0.72509765625,0.46728515625
3.5899999,-1.4599609375,0.458740234375,-0.320068359375
3.6099999,-0.68212890625,1.0390625,-0.330322265625
3.6299999,-0.774658203125,0.81689453125,-0.006103515625
3.6499999,-0.226806640625,1.1142578125,0.019287109375
3.6699999,-0.322998046875,0.923828125,0.0341796875
3.6899999,-0.5458984375,0.8525390625,-0.1552734375
3.7099999,-0.222900390625,0.756591796875,0.071044921875
3.7299999,-0.148193359375,1.3603515625,0.4033203125
3.7499999,-0.444580078125,0.955810546875,-0.118896484375
3.7699999,-0.10986328125,1.141357421875,-0.153076171875
3.7899999,-0.73779296875,0.870849609375,-0.424560546875
3.8099999,-0.1396484375,0.70751953125,-0.21826171875
3.8299999000000002,-0.573974609375,0.716064453125,-0.229248046875
3.8499999,-0.515625,1.054443359375,0.281982421875
3.8699999,-0.386474609375,0.990966796875,0.12255859375
3.8899999,-0.35498046875,0.759521484375,-0.12548828125
3.9099999,-0.420654296875,0.986572265625,-0.09619140625
3.9299999,-0.36328125,0.767822265625,0.07861328125
3.9499999,-0.596435546875,0.683349609375,0.160888671875
3.9699999,-0.514892578125,1.702392578125,1.166748046875
3.9899999,-1.318603515625,1.2744140625,0.14501953125
4.0099999,-0.427978515625,1.0732421875,-0.6572265625
4.029999900000001,-0.1484375,0.424560546875,0.052001953125
4.0499999,-0.825439453125,1.33740234375,0.18115234375
4.069999900000001,-0.535400390625,0.863037109375,0.048095703125
4.0899999000000005,-0.32958984375,0.933837890625,0.200439453125
4.1099999,-0.62255859375,1.78857421875,0.41796875
4.1299999000000005,-0.5439453125,0.434326171875,0.291259765625
4.1499999,-0.572509765625,1.309326171875,0.86962890625
4.1699999000000005,0.006591796875,0.716796875,0.210205078125
4.1899999,-0.59619140625,0.572509765625,1.05126953125
4.209999900000001,-0.766357421875,0.71826171875,0.130859375
4.2299999,-0.552734375,0.341796875,0.023193359375
4.249999900000001,-0.81494140625,0.8427734375,0.295654296875
4.2699999,-0.667724609375,0.56787109375,-0.50830078125
4.289999900000001,0.211669921875,1.32373046875,-0.7119140625
4.3099999,-0.595458984375,0.6171875,0.0888671875
4.329999900000001,-0.0068359375,0.42138671875,-0.536865234375
4.3499999,0.0859375,1.274658203125,0.029296875
4.369999900000001,-0.607666015625,1.364013671875,-0.2255859375
4.3899999,-0.259521484375,0.705810546875,0.906005859375
4.409999900000001,-0.618896484375,0.566650390625,0.085693359375
4.4299999,-1.35888671875,0.712890625,0.02783203125
4.449999900000001,-0.567138671875,1.135986328125,-0.255615234375
4.4699999,-0.81396484375,0.777587890625,-0.280029296875
4.489999900000001,-0.356689453125,0.958984375,0.568115234375
4.5099999,-0.9013671875,0.48291015625,0.38623046875
4.529999900000001,-0.959716796875,0.511474609375,-0.276123046875
4.5499999,-0.959716796875,0.511474609375,-0.276123046875
4.569999900000001,-0.372802734375,0.64306640625,-0.16796875
4.5899999000000005,-0.372802734375,0.64306640625,-0.16796875
4.609999900000001,-0.16748046875,1.11669921875,0.182861328125
4.6299999000000005,-0.642578125,1.58251953125,0.37109375
4.6499999,-0.391845703125,0.54150390625,0.28125
4.6699999000000005,-0.10400390625,0.893798828125,-0.447021484375
4.6899999,-0.10400390625,0.893798828125,-0.447021484375
4.709999900000001,-0.42333984375,1.23681640625,-0.17626953125
4.7299999,-0.42333984375,1.23681640625,-0.17626953125
4.749999900000001,-0.79638671875,0.49658203125,-0.33984375
4.7699999,-0.79638671875,0.49658203125,-0.33984375
4.789999900000001,-1.694580078125,0.113037109375,-0.323974609375
4.8099999,-0.646484375,0.957275390625,-0.50927734375
4.829999900000001,-0.64111328125,0.438720703125,-0.61328125
4.8499999,-0.307373046875,1.135498046875,-0.43701171875
4.869999900000001,-0.57666015625,0.955322265625,0.3505859375
4.8899999,-0.415283203125,0.95068359375,0.479248046875
4.909999900000001,-0.61962890625,0.68603515625,0.020751953125
4.9299999,-0.523681640625,0.932373046875,0.13037109375
4.949999900000001,-0.45849609375,0.842529296875,-0.00341796875
4.9699999,-0.611083984375,0.805419921875,0.07568359375
4.989999900000001,-0.584228515625,0.95654296875,0.085205078125
5.0099999,-0.547607421875,0.8466796875,0.054443359375
5.029999900000001,-0.51171875,1.04638671875,0.25244140625
5.0499999,-0.340087890625,0.560791015625,-0.451171875
5.069999900000001,-0.63720703125,0.552734375,0.159423828125
5.0899999000000005,-0.648193359375,1.781494140625,-0.1298828125
5.109999900000001,-0.5205078125,0.730712890625,0.4189453125
5.1299999000000005,-0.06103515625,0.38623046875,-0.074462890625
5.1499999,0.45361328125,1.081298828125,-0.012939453125
5.1699999000000005,-0.373046875,0.415283203125,-0.102783203125
5.1899999,-0.90087890625,1.129150390625,0.01123046875
5.209999900000001,-0.941162109375,0.836181640625,0.10498046875
5.2299999,-0.447509765625,1.009765625,0.244140625
5.249999900000001,-0.428955078125,1.067138671875,0.547119140625
5.2699999,-0.7119140625,1.38232421875,0.173583984375
5.289999900000001,-0.41943359375,0.5927734375,0.296630859375
5.3099999,-0.369873046875,1.399658203125,0.562255859375
5.329999900000001,-0.75830078125,0.521484375,-0.265869140625
5.3499999,-0.15234375,1.231689453125,0.373046875
5.369999900000001,-1.083740234375,0.810302734375,-0.0810546875
5.3899999,-0.642333984375,0.17724609375,-0.334228515625
5.409999900000001,-0.1318359375,1.09912109375,0.28466796875
5.4299999,-0.51904296875,0.78076171875,-0.14892578125
5.449999900000001,-0.5859375,1.14013671875,0.2431640625
5.4699999,-0.638916015625,0.94287109375,0.0859375
5.489999900000001,-0.344970703125,0.903076171875,0.244140625
5.5099999,-0.18359375,0.81640625,-0.07861328125
5.529999900000001,-0.349609375,0.806396484375,0.079833984375
5.5499999,0.087158203125,0.545166015625,-0.09423828125
5.569999900000001,-1.103271484375,1.14794921875,0.253173828125
5.5899999000000005,-0.114013671875,1.25,0.5625
5.609999900000001,-0.415771484375,1.296630859375,-0.598388671875
5.6299999000000005,-0.323486328125,0.85888671875,0.220458984375
5.6499999,-0.0517578125,0.736083984375,0.08642578125
5.6699999000000005,-0.7978515625,1.093994140625,0.05859375
5.6899999,-0.23193359375,0.978271484375,0.33251953125
5.709999900000001,-0.65966796875,1.78466796875,-0.059814453125
5.7299999,-1.01025390625,0.974853515625,0.203857421875
5.749999900000001,-0.522216796875,1.921875,0.239990234375
5.7699999,-2.14599609375,-0.019287109375,0.299072265625
5.789999900000001,-0.84326171875,0.164306640625,-0.462158203125
5.8099999,-1.072021484375,1.355224609375,0.383056640625
5.829999900000001,-0.589111328125,0.727783203125,0.000732421875
5.8499999,-0.5478515625,1.734130859375,0.1904296875
5.869999900000001,-0.680908203125,0.819091796875,0.3212890625
5.8899999,-0.386474609375,1.0205078125,-0.57861328125
5.909999900000001,-1.254638671875,0.474853515625,0.06201171875
5.9299999,-1.022705078125,0.212890625,0.105712890625
5.949999900000001,-0.78173828125,1.1943359375,0.475341796875
5.9699999,-0.35595703125,0.464111328125,-0.244873046875
5.989999900000001,-0.42919921875,1.236083984375,0.0947265625
6.0099999,-0.125,0.9443359375,0.078857421875
6.029999900000001,-0.34033203125,0.917236328125,-0.025390625
6.0499999,-0.395263671875,0.963623046875,0.05126953125
6.069999900000001,-0.3369140625,0.89404296875,0.0302734375
6.0899999000000005,-0.555908203125,0.87353515625,0.0322265625
6.109999900000001,-0.399658203125,0.763671875,-0.075439453125
6.1299999000000005,-0.1328125,0.504638671875,-0.162109375
6.149999900000001,-1.2333984375,1.313232421875,0.181396484375
6.1699999000000005,-0.47216796875,1.318115234375,-0.182373046875
6.1899999,-0.4091796875,0.353759765625,0.5185546875
6.209999900000001,-0.611328125,0.928955078125,-0.086669921875
6.2299999,-0.4716796875,1.011474609375,-0.005615234375
6.249999900000001,-0.323974609375,0.97705078125,0.01171875
6.2699999,-0.34716796875,1.085693359375,-0.05224609375
6.289999900000001,-0.885498046875,0.348876953125,-0.828369140625
6.3099999,-0.0478515625,0.457275390625,0.03125
6.329999900000001,0.16552734375,1.94775390625,-0.303955078125
6.3499999,-0.381103515625,0.64208984375,-0.2138671875
6.369999900000001,0.10595703125,1.090087890625,0.464599609375
6.3899999,1.17041015625,1.076416015625,-0.041259765625
6.409999900000001,-0.21533203125,1.283447265625,1.157958984375
6.4299999,0.983154296875,0.889404296875,-0.161376953125
6.449999900000001,-0.449951171875,1.0048828125,1.133056640625
6.4699999,0.684814453125,0.576416015625,-0.020263671875
6.489999900000001,-0.638671875,0.977294921875,-0.001708984375
6.5099999,-0.893310546875,0.76171875,-0.14697265625
6.529999900000001,0.181884765625,0.986328125,-0.60986328125
6.5499999,-0.182373046875,0.523193359375,-0.198974609375
6.569999900000001,0.126708984375,0.7822265625,0.25537109375
6.5899999000000005,-0.344970703125,1.0498046875,0.581298828125
6.609999900000001,-1.425048828125,0.75244140625,-0.31005859375
6.6299999000000005,-1.096923828125,1.906982421875,0.580810546875
6.649999900000001,-0.82666015625,0.38671875,-0.052001953125
6.6699999000000005,0.05615234375,1.197021484375,-0.7685546875
6.6899999,0.202880859375,1.439208984375,-0.09423828125
6.709999900000001,-1.89794921875,0.5654296875,-0.12744140625
6.7299999,-0.9619140625,1.22314453125,0.45068359375
6.749999900000001,-0.698974609375,0.6220703125,-0.23681640625
6.7699999,-0.697265625,1.232421875,0.05908203125
6.789999900000001,-0.439697265625,0.99658203125,-0.34375
6.8099999,0.495849609375,0.710693359375,0.637939453125
6.829999900000001,-0.42724609375,0.940673828125,-0.4208984375
6.8499999,0.39794921875,0.86328125,0.05859375
6.869999900000001,-0.0830078125,0.91650390625,0.238525390625
6.8899999,-0.90625,1.455810546875,0.295166015625
6.909999900000001,-0.1826171875,0.831787109375,0.16552734375
6.9299999,-0.295166015625,1.6357421875,0.341552734375
6.949999900000001,-0.392822265625,0.400146484375,-0.454345703125
6.9699999,-0.760986328125,1.059814453125,-0.389404296875
6.989999900000001,-0.563232421875,0.486328125,0.36767578125
7.0099999,-0.486572265625,0.5078125,-0.10498046875
7.029999900000001,-0.668701171875,0.664794921875,0.5693359375
7.0499999,-0.905029296875,0.334228515625,-0.2109375
7.069999900000001,-0.838134765625,0.6494140625,0.11865234375
7.0899999000000005,-1.544189453125,2.06005859375,0.552001953125
7.109999900000001,-0.19775390625,0.656982421875,-0.251708984375
7.1299999000000005,-1.418212890625,0.944580078125,0.153564453125
7.149999900000001,-0.0498046875,0.32275390625,-0.518310546875
7.1699999000000005,-1.7548828125,1.345458984375,0.1494140625
7.1899999,0.074951171875,0.895751953125,-0.349853515625
7.209999900000001,0.074951171875,0.895751953125,-0.349853515625
7.2299999,0.939208984375,1.0576171875,0.401611328125
7.249999900000001,0.939208984375,1.0576171875,0.401611328125
7.2699999,-1.452880859375,1.596923828125,0.2451171875
7.289999900000001,-1.452880859375,1.596923828125,0.2451171875
7.3099999,1.15283203125,0.90380859375,-0.53271484375
7.329999900000001,-1.41015625,1.0302734375,-0.03662109375
7.3499999,1.1953125,0.89404296875,0.2568359375
7.369999900000001,-1.34521484375,0.786376953125,0.430908203125
7.3899999,-1.19482421875,1.37060546875,0.61669921875
7.409999900000001,0.98095703125,0.909423828125,-0.115234375
7.4299999,-1.32763671875,0.8583984375,-0.015869140625
7.449999900000001,0.84521484375,0.427978515625,0.31005859375
7.4699999,-1.31103515625,1.266357421875,0.614990234375
7.489999900000001,-0.524169921875,1.109619140625,-0.3525390625
7.5099999,0.54248046875,0.880859375,-0.07080078125
7.529999900000001,-1.635986328125,0.553466796875,0.32421875
7.5499999,-0.323974609375,0.48095703125,0.8330078125
7.569999900000001,-0.981689453125,1.44091796875,-0.44140625
7.5899999000000005,0.0029296875,0.595947265625,-0.76513671875
7.609999900000001,0.055419921875,0.94189453125,0.519287109375
7.6299999000000005,-1.348876953125,0.725830078125,-0.001953125
7.649999900000001,0.866455078125,0.179443359375,-0.117431640625
7.6699999000000005,-0.73583984375,1.485107421875,-0.739990234375
7.6899999,-0.4150390625,0.567138671875,0.177734375
7.709999900000001,-0.719482421875,0.893310546875,0.156494140625
7.7299999,-0.49169921875,0.906494140625,0.812744140625
7.749999900000001,-0.6328125,1.07568359375,-0.12646484375
7.7699999,-0.843994140625,0.590576171875,0.28271484375
7.789999900000001,-0.767578125,0.61669921875,0.08154296875
7.8099999,-0.28369140625,1.06787109375,0.432373046875
7.829999900000001,-1.164306640625,1.625,0.0712890625
7.8499999,-0.219482421875,0.32275390625,0.3193359375
7.869999900000001,0.67919921875,0.991455078125,-0.044677734375
7.8899999,-0.296142578125,0.837158203125,-1.151123046875
7.909999900000001,-1.153564453125,2.259521484375,0.44287109375
7.9299999,1.182373046875,0.31689453125,0.022216796875
7.949999900000001,-2.287841796875,1.404052734375,0.148193359375
7.9699999,1.449462890625,0.482177734375,1.0380859375
7.989999900000001,-1.6962890625,-0.038330078125,-0.7158203125
8.0099999,-2.612060546875,1.57421875,0.143798828125
8.0299999,0.4423828125,1.3955078125,0.11279296875
8.049999900000001,1.7294921875,0.658935546875,-0.2568359375
8.069999900000001,-0.97216796875,1.216796875,1.070068359375
8.0899999,-1.5556640625,0.437255859375,0.1455078125
8.1099999,-1.19482421875,-0.024658203125,-0.06787109375
8.129999900000001,-0.791259765625,0.332763671875,0.083984375
8.149999900000001,-0.84521484375,1.006591796875,0.05810546875
8.1699999,-0.74169921875,0.839111328125,0.05224609375
8.1899999,-0.59326171875,0.895263671875,0.01318359375
8.2099999,-0.498046875,0.9833984375,0.02587890625
8.229999900000001,-0.513427734375,0.8408203125,0.059814453125
8.2499999,-0.236083984375,0.86474609375,0.135986328125
8.2699999,-0.726806640625,1.568603515625,-0.292724609375
8.2899999,-0.419189453125,0.49365234375,0.426025390625
8.309999900000001,-0.006103515625,1.25,0.138916015625
8.3299999,-1.203369140625,1.074951171875,-0.605712890625
8.3499999,-1.015869140625,1.495361328125,0.260498046875
8.3699999,1.143310546875,0.113037109375,-0.376220703125
8.389999900000001,-0.93408203125,0.9013671875,0.023193359375
8.4099999,-0.698486328125,0.949462890625,0.01953125
8.4299999,-0.396728515625,0.657958984375,-0.00537109375
8.4499999,-0.5126953125,0.9892578125,0.09619140625
8.469999900000001,-0.485595703125,0.848388671875,-0.027587890625
8.4899999,-0.453369140625,0.947265625,-0.000244140625
8.5099999,-0.463623046875,0.840576171875,0.008056640625
8.5299999,-0.539794921875,0.932373046875,0.093994140625
8.549999900000001,-0.567626953125,0.904052734375,0.04052734375
8.569999900000001,-0.554931640625,0.845703125,0.0830078125
8.5899999,-0.453857421875,0.923828125,0.1328125
8.6099999,-0.41259765625,0.842529296875,0.067626953125
8.629999900000001,-0.394287109375,0.917724609375,0.06103515625
8.649999900000001,-0.50634765625,0.857177734375,0.06298828125
8.6699999,-0.521484375,0.80029296875,0.030517578125
8.6899999,-0.6240234375,0.910888671875,0.1025390625
8.709999900000001,-0.58544921875,0.879638671875,0.071044921875
8.729999900000001,-0.515625,0.88818359375,-0.013671875
8.7499999,-0.450927734375,0.955078125,0.015625
8.7699999,-0.438232421875,0.86865234375,0.06787109375
8.7899999,-0.346923828125,0.94580078125,0.08935546875
8.809999900000001,-0.408447265625,0.90087890625,0.0078125
8.8299999,-0.3515625,0.923095703125,0.074951171875
8.8499999,-0.42431640625,0.83544921875,0.04736328125
8.8699999,-0.328125,0.892333984375,0.0751953125
8.889999900000001,-0.426513671875,0.93017578125,0.06640625
8.9099999,-0.5712890625,0.94482421875,0.1318359375
8.9299999,-0.48095703125,0.841552734375,0.0302734375
8.9499999,-0.458984375,0.802734375,0.014892578125
8.969999900000001,-0.62744140625,0.95654296875,0.048828125
8.9899999,-0.54931640625,0.867919921875,0.0107421875
9.0099999,-0.531005859375,0.76171875,0.090087890625
9.0299999,-0.563720703125,0.90380859375,-0.0048828125
9.049999900000001,-0.35595703125,0.757568359375,0.089111328125
9.069999900000001,-0.467041015625,0.9296875,0.023193359375
9.0899999,-0.41552734375,0.893798828125,0.072998046875
9.1099999,-0.428466796875,0.838623046875,-0.01220703125
9.129999900000001,-0.536376953125,0.89599609375,0.0419921875
9.149999900000001,-0.47265625,0.743408203125,0.015380859375
9.1699999,-0.389892578125,0.993408203125,0.052490234375
9.1899999,-0.456787109375,0.90673828125,0.018310546875
9.209999900000001,-0.5576171875,0.90673828125,0.0927734375
9.229999900000001,-0.58984375,0.791015625,0.040771484375
9.2499999,-0.599853515625,0.904296875,0.00244140625
9.2699999,-0.47119140625,0.895263671875,0.0576171875
9.2899999,-0.433837890625,0.90234375,-0.016357421875
9.309999900000001,-0.4765625,0.91845703125,0.096435546875
9.3299999,-0.560791015625,0.884033203125,0.0869140625
9.3499999,-0.490234375,0.8740234375,0.125732421875
9.3699999,-0.376953125,0.744873046875,0.038330078125
9.389999900000001,-0.3173828125,0.926513671875,0.072265625
9.4099999,-0.61474609375,0.859375,0.063232421875
9.4299999,-0.527587890625,0.826416015625,0.038818359375
9.4499999,-0.38037109375,0.8388671875,-0.010986328125
9.469999900000001,-0.402099609375,0.917236328125,0.0048828125
9.4899999,-0.597900390625,0.8525390625,0.025634765625
9.5099999,-0.498779296875,0.782470703125,-0.039306640625
9.5299999,-0.375732421875,0.9326171875,0.17236328125
9.549999900000001,-0.384765625,0.84912109375,0.0888671875
9.569999900000001,-0.517578125,0.89501953125,0.0263671875
9.5899999,-0.622314453125,0.915283203125,0.01416015625
9.6099999,-0.447509765625,0.90234375,0.0078125
9.629999900000001,-0.490966796875,0.769287109375,0.056396484375
9.649999900000001,-0.52978515625,0.879638671875,0.082275390625
9.6699999,-0.3740234375,0.8662109375,0.05224609375
9.6899999,-0.40869140625,0.904052734375,0.0888671875
9.709999900000001,-0.512939453125,0.874755859375,0.01220703125
9.729999900000001,-0.512939453125,0.874755859375,0.01220703125
9.7499999,-0.430419921875,0.901611328125,0.05224609375
9.7699999,-0.430419921875,0.901611328125,0.05224609375
9.7899999,-0.535888671875,0.8486328125,0.005126953125
9.809999900000001,-0.535888671875,0.8486328125,0.005126953125
9.8299999,-0.5029296875,0.82275390625,0.100341796875
9.8499999,-0.5029296875,0.82275390625,0.100341796875
9.8699999,-0.506591796875,0.841064453125,0.04150390625
9.889999900000001,-0.374267578125,0.93603515625,0.173095703125
9.9099999,-0.498046875,0.84375,0.09228515625
9.9299999,-0.5380859375,0.822998046875,0.089599609375
9.9499999,-0.471435546875,0.865234375,0.0244140625
9.969999900000001,-0.4423828125,0.864990234375,0.061767578125
9.9899999,-0.527099609375,0.844482421875,0.095947265625
10.0099999,-0.4521484375,0.972412109375,0.008544921875
10.0299999,-0.401123046875,0.875244140625,0.04296875
10.049999900000001,-0.599609375,0.849365234375,0.074462890625
10.069999900000001,-0.4013671875,0.8916015625,-0.0048828125
10.0899999,-0.424072265625,0.88525390625,0.07470703125
10.1099999,-0.607421875,0.81005859375,0.02587890625
10.129999900000001,-0.427734375,0.863525390625,0.01220703125
10.149999900000001,-0.45654296875,0.847412109375,0.07666015625
10.1699999,-0.539306640625,0.8095703125,0.0322265625
10.1899999,-0.49462890625,0.84423828125,0.034912109375
10.209999900000001,-0.441162109375,0.8896484375,0.116943359375
10.229999900000001,-0.54443359375,0.80859375,0.098388671875
10.2499999,-0.447998046875,0.923583984375,0.120849609375
10.2699999,-0.418701171875,0.86572265625,0.16357421875
10.2899999,-0.498046875,0.79052734375,0.05029296875
10.309999900000001,-0.406982421875,1.033447265625,0.07470703125
10.3299999,-0.49853515625,0.79443359375,0.0478515625
10.3499999,-0.446044921875,0.846923828125,0.06494140625
10.3699999,-0.51123046875,0.86572265625,0.072509765625
10.389999900000001,-0.50048828125,0.79150390625,0.048828125
10.4099999,-0.62353515625,0.87158203125,0.018310546875
10.4299999,-0.498291015625,0.90087890625,0.020751953125
10.4499999,-0.53125,0.831787109375,-0.023193359375
10.469999900000001,-0.51416015625,0.9072265625,0.001953125
10.4899999,-0.449462890625,0.98291015625,0.03955078125
10.5099999,-0.50732421875,0.83740234375,0.0048828125
10.5299999,-0.468994140625,0.900146484375,0.039306640625
10.549999900000001,-0.434326171875,0.885009765625,0.08984375
10.569999900000001,-0.540283203125,0.781005859375,0.09228515625
10.5899999,-0.42919921875,1.05126953125,0.154052734375
10.6099999,-0.4482421875,0.78564453125,0.070068359375
10.629999900000001,-0.555908203125,0.862060546875,0.01171875
10.649999900000001,-0.453857421875,0.921875,0.131591796875
10.6699999,-0.539306640625,0.841064453125,0.069580078125
10.6899999,-0.59619140625,0.880859375,-0.0693359375
10.709999900000001,-0.3408203125,0.968017578125,0.005126953125
10.729999900000001,-0.549560546875,0.820556640625,0.0380859375
10.7499999,-0.399169921875,0.864013671875,-0.02392578125
10.7699999,-0.451904296875,0.8603515625,0.0498046875
10.7899999,-0.523681640625,0.81005859375,0.082763671875
10.809999900000001,-0.435302734375,1.010009765625,0.090087890625
10.8299999,-0.48583984375,0.759521484375,0.013671875
10.8499999,-0.589599609375,0.931396484375,0.09375
10.8699999,-0.538818359375,0.872802734375,0.056640625
10.889999900000001,-0.529296875,0.83154296875,-0.02685546875
10.9099999,-0.494140625,0.964111328125,0.02490234375
10.9299999,-0.452880859375,0.9248046875,0.089599609375
10.9499999,-0.539794921875,0.811767578125,0.012451171875
10.969999900000001,-0.48779296875,0.859619140625,0.119873046875
10.9899999,-0.448974609375,0.8291015625,0.0947265625
11.0099999,-0.51318359375,0.858642578125,0.067138671875
11.0299999,-0.4658203125,0.892578125,0.063232421875
11.049999900000001,-0.522216796875,0.852783203125,0.041259765625
11.069999900000001,-0.543701171875,0.832275390625,-0.0166015625
11.0899999,-0.41650390625,0.982177734375,0.015869140625
11.1099999,-0.47119140625,0.849365234375,0.0751953125
11.129999900000001,-0.470947265625,0.856201171875,0.01611328125
11.149999900000001,-0.400634765625,0.87744140625,0.192626953125
11.1699999,-0.516845703125,0.791748046875,0.008056640625
11.1899999,-0.4521484375,0.923828125,0.14013671875
11.209999900000001,-0.527099609375,0.841552734375,0.08203125
11.229999900000001,-0.582763671875,0.866455078125,-0.054931640625
11.2499999,-0.366943359375,0.969970703125,0.041015625
11.2699999,-0.55322265625,0.856689453125,0.070556640625
11.2899999,-0.421142578125,0.873046875,0.11669921875
11.309999900000001,-0.461181640625,0.89208984375,0.15478515625
11.3299999,-0.41748046875,0.7978515625,0.0224609375
11.3499999,-0.51025390625,0.870361328125,0.078369140625
11.3699999,-0.52294921875,0.8515625,0.088134765625
11.389999900000001,-0.53125,0.92529296875,0.000732421875
11.4099999,-0.42041015625,0.94482421875,0.055419921875
11.4299999,-0.59814453125,0.808349609375,-0.010498046875
11.4499999,-0.4248046875,0.84814453125,0.1357421875
11.469999900000001,-0.5146484375,0.885986328125,0.122802734375
11.4899999,-0.490966796875,0.9140625,0.09130859375
11.5099999,-0.55322265625,0.8291015625,0.056640625
11.5299999,-0.5244140625,0.833740234375,-0.00830078125
11.549999900000001,-0.527587890625,0.92236328125,0.0009765625
11.569999900000001,-0.452880859375,0.937744140625,0.085205078125
11.5899999,-0.52099609375,0.80224609375,0.02734375
11.6099999,-0.483642578125,0.927978515625,0.15625
11.629999900000001,-0.46337890625,0.797119140625,0.04150390625
11.649999900000001,-0.567626953125,0.92138671875,0.085205078125
11.6699999,-0.4765625,0.901611328125,0.096923828125
11.6899999,-0.516357421875,0.83935546875,-0.0458984375
11.709999900000001,-0.480224609375,1.001220703125,0.079833984375
11.729999900000001,-0.44873046875,0.892578125,0.00537109375
11.7499999,-0.521728515625,0.77490234375,0.083740234375
11.7699999,-0.43701171875,1.08056640625,0.12109375
11.7899999,-0.48291015625,0.797607421875,0.04345703125
11.809999900000001,-0.602783203125,0.921630859375,0.06396484375
11.8299999,-0.385009765625,0.95849609375,-0.025634765625
11.8499999,-0.51318359375,0.843505859375,0.04248046875
11.8699999,-0.457763671875,0.955078125,-0.01416015625
11.889999900000001,-0.43701171875,0.86669921875,0.12353515625
11.9099999,-0.47802734375,0.7880859375,0.047119140625
11.9299999,-0.43408203125,0.935791015625,0.069091796875
11.9499999,-0.53662109375,0.822509765625,0.052490234375
11.969999900000001,-0.575927734375,0.87744140625,-0.029052734375
11.9899999,-0.3779296875,0.9443359375,0.033203125
12.0099999,-0.567626953125,0.8623046875,0.06982421875
12.0299999,-0.42236328125,0.906982421875,0.13671875
12.049999900000001,-0.4814453125,0.870849609375,0.14599609375
12.069999900000001,-0.453125,0.850830078125,0.039794921875
12.0899999,-0.50244140625,0.88916015625,0.08056640625
12.1099999,-0.31982421875,0.96484375,-0.304443359375
12.129999900000001,-0.07568359375,0.8583984375,-0.791259765625
12.149999900000001,-1.532958984375,0.880126953125,-0.787841796875
12.1699999,-1.5556640625,0.0791015625,-0.242431640625
12.1899999,-0.908447265625,0.810791015625,0.133544921875
12.209999900000001,0.005615234375,1.348876953125,0.278076171875
12.229999900000001,-0.58056640625,0.9912109375,0.4150390625
12.2499999,-0.58056640625,0.9912109375,0.4150390625
12.2699999,-0.117919921875,0.884765625,-0.529541015625
12.289999900000002,-0.117919921875,0.884765625,-0.529541015625
12.309999900000001,-0.4248046875,0.88916015625,0.05859375
12.3299999,-0.4248046875,0.88916015625,0.05859375
12.3499999,-0.671875,0.7041015625,0.130615234375
12.3699999,-0.671875,0.7041015625,0.130615234375
12.389999900000001,-0.92138671875,0.615478515625,0.177001953125
12.4099999,0.3134765625,0.81640625,0.378662109375
12.4299999,-0.9853515625,0.661865234375,-0.525634765625
12.4499999,-1.377685546875,0.492431640625,0.096923828125
12.469999900000001,0.337158203125,1.10498046875,0.435546875
12.4899999,-0.75732421875,1.244873046875,-0.1728515625
12.5099999,-0.59912109375,1.041748046875,0.293701171875
12.5299999,-0.431640625,0.852783203125,0.3251953125
12.549999900000001,-0.17236328125,0.7158203125,0.043701171875
12.569999900000001,-0.764404296875,0.98681640625,-0.082275390625
12.5899999,-0.096923828125,0.853515625,0.583984375
12.6099999,-0.568115234375,1.098388671875,-0.337890625
12.629999900000001,-0.37939453125,0.97900390625,0.296630859375
12.649999900000001,-0.678955078125,0.974609375,-0.26123046875
12.6699999,-0.784423828125,0.993408203125,0.083251953125
12.6899999,-0.586181640625,1.453125,0.35205078125
12.709999900000001,-0.443359375,1.02490234375,0.084228515625
12.729999900000001,-0.298095703125,1.04541015625,0.211669921875
12.7499999,-0.43408203125,0.87939453125,-0.06982421875
12.7699999,-0.5126953125,0.829345703125,-0.006103515625
12.789999900000002,-0.302001953125,0.28515625,-0.062255859375
12.809999900000001,-0.275634765625,0.4150390625,0.014892578125
12.8299999,-0.763916015625,1.0986328125,0.0478515625
12.8499999,-0.368896484375,1.2763671875,0.07275390625
12.8699999,-0.820068359375,0.955810546875,0.178955078125
12.889999900000001,-0.057861328125,0.837158203125,-0.3291015625
12.9099999,-0.667724609375,0.599609375,0.01513671875
12.9299999,-0.53662109375,0.744384765625,-0.30322265625
12.9499999,-0.504150390625,1.120849609375,0.55029296875
12.969999900000001,-0.78955078125,1.0126953125,-0.225830078125
12.9899999,-0.013427734375,1.0927734375,-0.076416015625
13.0099999,-0.673583984375,0.79345703125,0.012939453125
13.0299999,-0.225341796875,0.757080078125,-0.369384765625
13.049999900000001,-0.4326171875,1.1943359375,0.472900390625
13.069999900000001,-0.757080078125,1.017578125,-0.228271484375
13.0899999,-0.3447265625,1.04541015625,-0.296630859375
13.1099999,-0.461181640625,0.3955078125,-0.1787109375
13.129999900000001,-0.695556640625,0.888916015625,-0.234130859375
13.149999900000001,-0.76806640625,1.89794921875,-0.401123046875
13.1699999,-0.7607421875,0.843505859375,0.298583984375
13.1899999,-0.197021484375,0.142578125,0.4775390625
13.209999900000001,-0.68212890625,1.072265625,-0.0107421875
13.229999900000001,-0.05810546875,0.28369140625,0.188232421875
13.2499999,-0.562744140625,0.88818359375,0.1337890625
13.2699999,-0.3330078125,0.861083984375,0.67333984375
13.289999900000002,-1.836669921875,0.794677734375,-0.33642578125
13.309999900000001,-0.33349609375,1.248046875,0.153076171875
13.3299999,-0.647705078125,0.247314453125,0.47998046875
13.3499999,-0.252685546875,0.98828125,0.12353515625
13.3699999,-0.49267578125,0.343017578125,0.224853515625
13.389999900000001,-0.208984375,1.115478515625,0.401611328125
13.4099999,-0.88037109375,0.74658203125,0.644775390625
13.4299999,-0.41650390625,1.147216796875,-0.093505859375
13.4499999,-1.750244140625,1.0224609375,-0.314208984375
13.469999900000001,-0.487548828125,0.638671875,0.0185546875
13.4899999,-0.899169921875,1.906982421875,0.810546875
13.5099999,-0.072998046875,1.135986328125,-0.197509765625
13.5299999,0.3251953125,-0.541748046875,-0.068359375
13.549999900000001,0.079345703125,1.31396484375,-0.462646484375
13.569999900000001,-0.618896484375,1.046142578125,-0.026611328125
13.5899999,-0.234130859375,1.447265625,0.294921875
13.6099999,-0.7548828125,0.996826171875,-0.0341796875
13.629999900000001,-0.70068359375,1.09130859375,-0.40478515625
13.649999900000001,-0.212890625,0.8349609375,0.2431640625
13.6699999,-0.270263671875,0.79541015625,-0.0185546875
13.6899999,-0.4365234375,0.887939453125,0.072509765625
13.709999900000001,-0.458251953125,0.878173828125,0.053466796875
13.729999900000001,-0.60302734375,0.841796875,0.035400390625
13.7499999,-0.606201171875,0.883056640625,0.060302734375
13.7699999,-0.593994140625,0.817626953125,0.08203125
13.789999900000002,-0.552001953125,0.85693359375,0.049560546875
13.809999900000001,-0.586669921875,0.82470703125,0.02294921875
13.8299999,-0.432861328125,0.91162109375,0.052734375
13.8499999,-0.498779296875,0.850830078125,-0.048583984375
13.8699999,-0.41259765625,0.9072265625,0.10986328125
13.889999900000001,-0.406494140625,0.78271484375,0.132080078125
13.9099999,-0.33056640625,0.89501953125,0.30029296875
13.9299999,-0.6298828125,1.010498046875,-0.16064453125
13.9499999,-0.170166015625,0.207763671875,0.079345703125
13.969999900000001,-0.543701171875,0.687255859375,0.067138671875
13.9899999,-0.001953125,0.32177734375,0.061279296875
14.0099999,-1.23583984375,1.933837890625,0.83544921875
14.0299999,-0.35791015625,0.84228515625,0.404541015625
14.049999900000001,-2.140869140625,1.025390625,0.028076171875
14.069999900000001,-0.412841796875,1.124267578125,0.036376953125
14.0899999,-1.311767578125,0.55126953125,0.354736328125
14.1099999,-0.267822265625,1.2119140625,-0.193115234375
14.129999900000001,-2.5,1.15234375,-0.178466796875
14.149999900000001,-0.468017578125,0.5703125,0.7275390625
14.1699999,0.533447265625,0.715087890625,-0.15625
14.1899999,0.69580078125,0.13671875,0.394287109375
14.209999900000001,-0.764404296875,1.01513671875,0.518310546875
14.229999900000001,-0.23681640625,1.39501953125,0.404541015625
14.2499999,-0.3720703125,1.448974609375,0.264892578125
14.2699999,-1.416259765625,2.18701171875,0.65283203125
14.289999900000002,1.1796875,0.26220703125,0.5224609375
14.309999900000001,-1.473876953125,1.3193359375,0.0419921875
14.3299999,-1.310302734375,0.713623046875,0.67578125
14.3499999,-0.334228515625,0.918212890625,-0.3642578125
14.3699999,-0.982421875,1.2099609375,0.16796875
14.389999900000001,-2.78515625,1.341552734375,0.019775390625
14.4099999,0.662353515625,0.59912109375,-0.207275390625
14.4299999,-1.302490234375,1.4423828125,-0.02734375
14.4499999,0.03125,-0.304931640625,0.056640625
14.469999900000001,-0.464599609375,0.760009765625,0.8427734375
14.4899999,-0.25,0.671142578125,-0.164794921875
14.5099999,-0.65087890625,0.999267578125,0.106689453125
14.5299999,-0.294677734375,1.2568359375,-0.77978515625
14.549999900000001,-0.500732421875,0.48388671875,0.115234375
14.569999900000001,-0.7412109375,0.86669921875,0.243896484375
14.5899999,-0.81005859375,1.106201171875,-0.15869140625
14.6099999,-0.318603515625,0.628662109375,0.007568359375
14.629999900000001,-0.876708984375,1.178466796875,0.39794921875
14.649999900000001,-0.4404296875,0.97119140625,-0.310302734375
14.6699999,-0.568115234375,0.949951171875,-0.26708984375
14.6899999,-0.59375,0.821044921875,0.022216796875
14.709999900000001,-0.174560546875,0.586669921875,0.720458984375
14.729999900000001,-0.10986328125,1.150634765625,-0.00390625
14.7499999,1.202392578125,-0.61279296875,-0.000732421875
14.7699999,-0.768310546875,-0.156494140625,-0.0966796875
14.789999900000002,-1.193603515625,1.158203125,-0.250244140625
14.809999900000001,-0.08154296875,1.79833984375,0.873779296875
14.8299999,0.119873046875,1.22705078125,-0.87353515625
14.8499999,-1.04345703125,1.038330078125,0.052490234375
14.8699999,-0.431884765625,1.412353515625,0.65771484375
14.889999900000001,-0.00341796875,1.081787109375,-0.572998046875
14.9099999,-1.09033203125,1.135009765625,-0.08349609375
14.9299999,-1.09033203125,1.135009765625,-0.08349609375
14.9499999,-0.513916015625,0.848876953125,-0.358154296875
14.969999900000001,-0.513916015625,0.848876953125,-0.358154296875
14.9899999,-0.364990234375,1.104248046875,0.07861328125
15.0099999,-0.364990234375,1.104248046875,0.07861328125
15.0299999,-0.501953125,0.568603515625,0.04638671875
15.049999900000001,-1.021240234375,1.012451171875,0.416015625
15.069999900000001,-0.78271484375,2.140869140625,-0.711181640625
15.0899999,-0.076904296875,0.9970703125,0.201171875
15.1099999,-0.63427734375,-0.12744140625,0.14892578125
15.129999900000001,-0.712158203125,1.44921875,0.498779296875
15.149999900000001,-0.5400390625,1.283447265625,0.045166015625
15.1699999,-0.2314453125,-0.805419921875,0.37744140625
15.1899999,-0.546875,0.833984375,0.0234375
15.209999900000001,0.075927734375,1.5166015625,-0.2939453125
15.229999900000001,0.818115234375,-0.0673828125,-0.031982421875
15.2499999,-0.515625,0.451171875,-0.61962890625
15.2699999,-1.226806640625,1.195068359375,-0.17822265625
15.289999900000002,-1.029296875,1.86083984375,0.960693359375
15.309999900000001,0.273193359375,0.708251953125,-0.34326171875
15.3299999,-0.8369140625,1.01220703125,0.435791015625
15.3499999,-2.67138671875,1.18701171875,-0.0185546875
15.3699999,0.193359375,0.19384765625,0.446533203125
15.389999900000001,-1.259765625,1.387451171875,0.2216796875
15.4099999,-2.38623046875,1.705078125,-0.016357421875
15.4299999,0.30810546875,0.561767578125,-0.21728515625
15.4499999,-0.844970703125,1.2041015625,0.1240234375
15.469999900000001,1.05126953125,0.374267578125,-0.105712890625
15.4899999,-0.515869140625,0.172607421875,0.3388671875
15.5099999,-0.398681640625,1.514892578125,-0.114501953125
15.5299999,-0.4169921875,0.260009765625,0.009521484375
15.549999900000001,-0.462158203125,2.319580078125,0.436767578125
15.569999900000001,-0.083251953125,0.61865234375,-0.551513671875
15.5899999,-1.50048828125,1.5029296875,-0.070068359375
15.6099999,1.991455078125,-0.59033203125,-0.27978515625
15.629999900000001,-0.943603515625,1.47998046875,0.457275390625
15.649999900000001,0.080322265625,0.84033203125,0.12158203125
15.6699999,-0.966552734375,1.273681640625,0.305419921875
15.6899999,1.82861328125,0.216064453125,-0.111572265625
15.709999900000001,-1.134521484375,1.4697265625,-0.154052734375
15.729999900000001,0.1083984375,0.06982421875,0.298583984375
15.7499999,-1.2744140625,1.55908203125,0.11083984375
15.7699999,1.033935546875,-0.633056640625,-0.014892578125
15.789999900000002,-0.88525390625,1.21142578125,0.885498046875
15.809999900000001,0.1396484375,0.61865234375,-0.581298828125
15.8299999,-0.761962890625,1.524658203125,0.23681640625
15.8499999,-0.001708984375,-0.201416015625,-0.03173828125
15.869999900000002,-1.35595703125,2.609375,-0.789306640625
15.889999900000001,0.68701171875,-0.4619140625,-0.022216796875
15.9099999,-0.992431640625,1.473876953125,-0.41064453125
15.9299999,-0.440673828125,0.24755859375,0.06689453125
15.9499999,-1.1328125,1.517578125,-1.419189453125
15.969999900000001,-0.697509765625,0.49462890625,-0.0009765625
15.9899999,-0.235595703125,1.255126953125,-0.396728515625
16.0099999,-0.641357421875,0.7138671875,0.062255859375
16.0299999,-0.280029296875,1.248779296875,-0.56298828125
16.0499999,-0.794189453125,0.3359375,0.435546875
16.0699999,-0.3876953125,1.413330078125,0.06787109375
16.089999900000002,-0.65625,-0.064697265625,1.0068359375
16.109999900000002,-0.390625,1.0263671875,-0.429931640625
16.1299999,-0.353515625,1.017333984375,-0.228759765625
16.1499999,-0.246337890625,0.224853515625,0.07763671875
16.1699999,-0.51611328125,0.792724609375,-0.010498046875
16.1899999,-0.1962890625,1.231689453125,-0.29931640625
16.2099999,-0.14990234375,0.880615234375,0.359375
16.2299999,-0.405517578125,0.494140625,0.09814453125
16.249999900000002,-0.659912109375,0.741943359375,0.2158203125
16.269999900000002,-0.5166015625,1.41552734375,-0.135498046875
16.2899999,-0.104736328125,1.221923828125,-0.51904296875
16.3099999,-0.54052734375,0.72021484375,-0.31640625
16.3299999,-0.2119140625,1.75537109375,0.337890625
16.3499999,-0.16015625,1.42822265625,0.178466796875
16.3699999,-1.34521484375,2.265869140625,1.53857421875
16.3899999,-0.335205078125,0.127685546875,0.045166015625
16.4099999,-1.15234375,1.25341796875,0.406494140625
16.429999900000002,-0.352783203125,2.442138671875,-0.296875
16.4499999,-0.058837890625,1.1455078125,-0.32177734375
16.4699999,-0.648193359375,-0.197998046875,0.0341796875
16.4899999,-0.88037109375,0.99365234375,0.2236328125
16.5099999,-0.4599609375,1.53759765625,0.16357421875
16.5299999,1.154296875,-0.272216796875,0.15234375
16.5499999,-0.68408203125,0.169189453125,-0.707763671875
16.5699999,-0.911376953125,1.052001953125,-0.49462890625
16.589999900000002,-0.09375,1.099609375,1.07275390625
16.609999900000002,-0.37353515625,0.834228515625,-0.296142578125
16.6299999,-0.99951171875,1.3486328125,-0.220703125
16.6499999,-0.78271484375,2.11279296875,1.343017578125
16.6699999,-0.155517578125,0.770751953125,-0.330810546875
16.6899999,-0.6298828125,1.2265625,0.00732421875
16.7099999,-0.936279296875,2.049072265625,1.0966796875
16.7299999,-0.23681640625,0.5029296875,-0.313720703125
16.749999900000002,-0.66796875,1.122314453125,0.1083984375
16.769999900000002,-1.494140625,2.3759765625,0.90771484375
16.7899999,-0.45458984375,0.487548828125,-0.498291015625
16.8099999,-0.684326171875,1.248046875,-0.01220703125
16.8299999,-0.722900390625,2.216064453125,1.27294921875
16.8499999,-0.28955078125,0.6591796875,-0.417236328125
16.8699999,-0.968994140625,1.35107421875,-0.28857421875
16.8899999,0.36279296875,0.486572265625,0.5712890625
16.9099999,-0.28369140625,0.598876953125,-0.488037109375
16.929999900000002,-0.998291015625,1.0185546875,-0.43798828125
16.9499999,1.65869140625,-0.61083984375,0.406494140625
16.9699999,-0.993896484375,0.77978515625,0.74365234375
16.9899999,-0.34375,1.16015625,0.223388671875
17.0099999,-0.647705078125,0.368896484375,0.0322265625
17.0299999,-0.46337890625,1.174560546875,0.118408203125
17.0499999,-0.352783203125,0.92041015625,-0.27099609375
17.0699999,-0.505859375,0.8798828125,0.044921875
17.089999900000002,-0.427978515625,0.92822265625,0.027099609375
17.109999900000002,-0.48876953125,0.834716796875,0.087646484375
17.1299999,-0.523193359375,0.8740234375,0.14794921875
17.1499999,-0.518310546875,0.89990234375,0.102783203125
17.1699999,-0.4873046875,0.82080078125,0.086669921875
17.1899999,-0.52294921875,0.957763671875,0.02734375
17.2099999,-0.39208984375,0.85302734375,0.033203125
17.2299999,-0.53076171875,0.90087890625,0.037353515625
17.249999900000002,-0.500244140625,0.866455078125,0.01611328125
17.269999900000002,-0.528564453125,0.85302734375,0.016845703125
17.2899999,-0.677001953125,0.847412109375,0.004150390625
17.3099999,-0.656005859375,0.83349609375,0.04150390625
17.3299999,-0.627685546875,0.881591796875,0.08642578125
17.3499999,-0.58935546875,0.892578125,0.101806640625
17.3699999,-0.6279296875,0.907470703125,0.0693359375
17.3899999,-0.588623046875,0.844970703125,0.033203125
17.409999900000003,-0.587890625,0.834228515625,0.0185546875
17.429999900000002,-0.5341796875,0.8515625,-0.0625
17.4499999,-0.533935546875,0.797119140625,0.100830078125
17.4699999,-0.533935546875,0.797119140625,0.100830078125
17.4899999,-0.491943359375,0.856689453125,-0.0810546875
17.5099999,-0.491943359375,0.856689453125,-0.0810546875
17.5299999,-0.47265625,0.929931640625,0.068115234375
17.5499999,-0.47265625,0.929931640625,0.068115234375
17.5699999,-0.3759765625,0.8193359375,0.007080078125
17.589999900000002,-0.5166015625,0.9189453125,0.1103515625
17.609999900000002,-0.42578125,0.84765625,0.006103515625
17.6299999,-0.56103515625,0.9091796875,0.032958984375
17.6499999,-0.44384765625,0.843505859375,-0.02587890625
17.6699999,-0.48486328125,0.90478515625,0.00244140625
17.6899999,-0.40478515625,0.878173828125,0.1328125
17.7099999,-0.2822265625,0.92041015625,0.025390625
17.7299999,-0.529296875,0.8486328125,0.060302734375
17.749999900000002,-0.54052734375,0.92236328125,0.0498046875
17.769999900000002,-0.465087890625,0.767578125,0.03759765625
17.7899999,-0.40380859375,0.969482421875,0.088623046875
17.8099999,-0.495849609375,0.8564453125,0.075439453125
17.8299999,-0.518798828125,0.87109375,0.106689453125
17.8499999,-0.543212890625,0.941162109375,0.044677734375
17.8699999,-0.505615234375,0.862548828125,0.05029296875
17.8899999,-0.356201171875,0.8447265625,0.183349609375
17.909999900000003,-0.354736328125,0.901123046875,0.06005859375
17.929999900000002,-0.543701171875,0.87646484375,-0.00244140625
17.9499999,-0.54345703125,0.84912109375,0.034912109375
17.9699999,-0.409423828125,0.9892578125,0.056884765625
17.9899999,-0.38916015625,0.911865234375,-0.070068359375
18.0099999,-0.4990234375,0.855224609375,0.02587890625
18.0299999,-0.49755859375,0.838134765625,0.057373046875
18.0499999,-0.454833984375,0.908203125,-0.006103515625
18.0699999,-0.366943359375,0.928955078125,0.04345703125
18.089999900000002,-0.610107421875,0.842041015625,0.03955078125
18.109999900000002,-0.4619140625,0.87255859375,0.0703125
18.1299999,-0.399169921875,0.955078125,0.127197265625
18.1499999,-0.51171875,0.841796875,0.0703125
18.1699999,-0.527099609375,0.849365234375,0.04931640625
18.1899999,-0.50146484375,0.910888671875,0.067626953125
18.2099999,-0.336181640625,0.937744140625,-0.064208984375
18.2299999,-0.56103515625,0.8017578125,0.06396484375
18.249999900000002,-0.44873046875,0.859619140625,0.0751953125
18.269999900000002,-0.429443359375,0.955322265625,0.05517578125
18.2899999,-0.517333984375,0.864013671875,0.138427734375
18.3099999,-0.530517578125,0.8369140625,0.0771484375
18.3299999,-0.475341796875,0.898681640625,0.0244140625
18.3499999,-0.431884765625,0.87158203125,0.033447265625
18.3699999,-0.50439453125,0.857177734375,0.08251953125
18.3899999,-0.447998046875,1.003662109375,0.05908203125
18.409999900000003,-0.337158203125,0.9345703125,-0.010498046875
18.429999900000002,-0.55615234375,0.793212890625,-0.04443359375
18.4499999,-0.5751953125,0.889892578125,-0.06640625
18.4699999,-0.482177734375,0.88134765625,0.03466796875
18.4899999,-0.530517578125,0.824951171875,-0.010009765625
18.5099999,-0.64697265625,0.879638671875,0.036376953125
18.5299999,-0.44921875,0.899658203125,0.085205078125
18.5499999,-0.51953125,0.8212890625,0.05419921875
18.5699999,-0.610107421875,0.94140625,0.066162109375
18.589999900000002,-0.448974609375,0.92138671875,0.098876953125
18.609999900000002,-0.539306640625,0.7919921875,0.0634765625
18.6299999,-0.602783203125,0.978515625,0.06005859375
18.6499999,-0.48779296875,0.88330078125,0.0771484375
18.6699999,-0.531982421875,0.823486328125,0.07275390625
18.6899999,-0.63623046875,0.8515625,-0.01171875
18.7099999,-0.50244140625,0.888916015625,0.055908203125
18.7299999,-0.52783203125,0.82958984375,-0.013671875
18.749999900000002,-0.609375,0.794677734375,-0.053466796875
18.769999900000002,-0.43701171875,0.965087890625,-0.03173828125
18.7899999,-0.518798828125,0.822509765625,-0.041015625
18.8099999,-0.515625,0.901611328125,0.02001953125
18.8299999,-0.3935546875,0.972412109375,0.019287109375
18.8499999,-0.49755859375,0.83935546875,0.047119140625
18.8699999,-0.43896484375,1.02783203125,0.042724609375
18.8899999,-0.408935546875,0.877197265625,0.024658203125
18.909999900000003,-0.58251953125,0.836181640625,0.056884765625
18.929999900000002,-0.421142578125,0.91748046875,0.14599609375
18.9499999,-0.4384765625,0.878662109375,0.113037109375
18.9699999,-0.474365234375,0.791015625,0.048583984375
18.9899999,-0.42919921875,1.008056640625,0.051513671875
19.0099999,-0.490966796875,0.768798828125,0.01953125
19.0299999,-0.5654296875,0.94482421875,0.11083984375
19.0499999,-0.55224609375,0.848388671875,0.053955078125
19.0699999,-0.51171875,0.819580078125,0.0205078125
19.089999900000002,-0.622314453125,0.775390625,-0.045654296875
19.109999900000002,-0.441650390625,0.9931640625,-0.038818359375
19.1299999,-0.502197265625,0.844482421875,0.0126953125
19.1499999,-0.466796875,0.99462890625,0.07080078125
19.1699999,-0.455810546875,0.888916015625,0.024658203125
19.1899999,-0.5283203125,0.791259765625,0.08544921875
19.2099999,-0.453857421875,1.000732421875,0.18408203125
19.2299999,-0.458740234375,0.838623046875,0.07177734375
19.249999900000002,-0.524169921875,0.840087890625,0.00927734375
19.269999900000002,-0.47216796875,0.909912109375,0.127685546875
19.2899999,-0.535888671875,0.82861328125,0.088134765625
19.3099999,-0.581787109375,0.880615234375,-0.063232421875
19.3299999,-0.33154296875,0.96728515625,0.003662109375
19.3499999,-0.573486328125,0.812744140625,0.0390625
19.3699999,-0.394775390625,0.852294921875,-0.012451171875
19.3899999,-0.457763671875,0.872802734375,0.063232421875
19.409999900000003,-0.510498046875,0.789794921875,0.07763671875
19.429999900000002,-0.4345703125,0.9951171875,0.0458984375
19.4499999,-0.482666015625,0.745849609375,0.0029296875
19.4699999,-0.609130859375,0.89501953125,0.076904296875
19.4899999,-0.522705078125,0.90771484375,0.03564453125
19.5099999,-0.530517578125,0.836669921875,-0.016845703125
19.5299999,-0.4765625,0.98291015625,0.033935546875
19.5499999,-0.468505859375,0.88037109375,0.094970703125
19.5699999,-0.512451171875,0.806396484375,0.045654296875
19.589999900000002,-0.46484375,0.948974609375,0.162109375
19.609999900000002,-0.471435546875,0.800537109375,0.047119140625
19.6299999,-0.552001953125,0.895751953125,0.092529296875
19.6499999,-0.46923828125,0.89404296875,0.101318359375
19.6699999,-0.537353515625,0.833251953125,-0.0224609375
19.6899999,-0.49609375,0.9208984375,0.04638671875
19.7099999,-0.439453125,0.919921875,-0.0009765625
19.7299999,-0.505615234375,0.821044921875,0.067138671875
19.749999900000002,-0.465087890625,0.940185546875,0.129638671875
19.769999900000002,-0.436767578125,0.839111328125,0.09765625
19.7899999,-0.57568359375,0.8818359375,0.008544921875
19.8099999,-0.438720703125,0.915283203125,0.09521484375
19.8299999,-0.565673828125,0.835205078125,0.0224609375
19.8499999,-0.46484375,0.978759765625,0.034912109375
19.8699999,-0.420166015625,0.92041015625,0.023193359375
19.8899999,-0.568359375,0.8369140625,0.0703125
19.909999900000003,-0.414794921875,1.025146484375,0.140625
19.929999900000002,-0.50927734375,0.816650390625,0.094482421875
19.9499999,-0.583251953125,0.93505859375,0.1455078125
19.9699999,-0.455810546875,0.861083984375,0.071533203125
19.9899999,-0.62353515625,0.7744140625,-0.044677734375
20.0099999,-0.62353515625,0.7744140625,-0.044677734375
20.0299999,-0.440185546875,0.885986328125,0.064697265625
20.0499999,-0.440185546875,0.885986328125,0.064697265625
20.0699999,-0.376708984375,1.0068359375,0.119873046875
20.089999900000002,-0.376708984375,1.0068359375,0.119873046875
20.109999900000002,-0.686767578125,1.475341796875,0.19287109375
20.1299999,-1.3388671875,1.33740234375,-2.95263671875
20.1499999,-0.712890625,-0.630859375,-0.849853515625
20.1699999,-0.353759765625,0.66162109375,0.50390625
20.1899999,-1.324462890625,2.63720703125,0.65673828125
20.2099999,-0.381103515625,0.9736328125,-0.192626953125
20.2299999,-0.3681640625,0.949951171875,-0.007568359375
20.249999900000002,-0.513427734375,0.943603515625,0.099853515625
20.269999900000002,-0.581298828125,0.867919921875,0.1318359375
20.2899999,-0.56298828125,0.863037109375,-0.027099609375
20.3099999,-0.716552734375,0.8583984375,-0.130126953125
20.3299999,-0.7783203125,-0.43896484375,0.149658203125
20.3499999,-0.224853515625,0.326416015625,0.405517578125
20.3699999,0.38671875,0.890869140625,1.591796875
20.3899999,-0.36279296875,1.38916015625,0.1943359375
20.409999900000003,-0.69921875,1.10498046875,-0.4345703125
20.429999900000002,-0.837646484375,0.763671875,-0.343505859375
20.4499999,-0.113037109375,0.271240234375,0.138916015625
20.4699999,-0.376220703125,1.266845703125,-0.33203125
20.4899999,-0.851806640625,1.156005859375,-0.1962890625
20.5099999,-0.576171875,0.9599609375,0.121826171875
20.5299999,-0.6953125,0.993896484375,-0.568115234375
20.5499999,-0.419921875,1.79833984375,0.632568359375
20.5699999,-0.415771484375,0.9609375,0.11083984375
20.589999900000002,-0.585693359375,0.81982421875,-0.01806640625
20.609999900000002,-0.514892578125,1.047119140625,0.17822265625
20.6299999,-1.00341796875,0.935302734375,-0.23193359375
20.6499999,-0.6630859375,0.76220703125,0.258056640625
20.6699999,-0.5087890625,0.629150390625,0.053955078125
20.6899999,-0.48291015625,0.87744140625,0.076416015625
20.7099999,-0.4951171875,0.913818359375,0.06298828125
20.7299999,-0.435302734375,0.86865234375,0.110595703125
20.749999900000002,-0.548095703125,0.87060546875,0.066162109375
20.769999900000002,-0.651123046875,0.8251953125,0.068115234375
20.7899999,-0.556640625,0.99609375,0.0419921875
20.8099999,-0.34423828125,0.718017578125,0.060791015625
20.8299999,-0.346435546875,0.9501953125,-0.033203125
20.8499999,-0.4951171875,0.8212890625,0.035400390625
20.8699999,-0.542724609375,0.837646484375,0.0771484375
20.8899999,-0.628173828125,0.8994140625,-0.0244140625
20.909999900000003,-0.486572265625,1.00927734375,0.099609375
20.929999900000002,-0.333740234375,0.861572265625,0.220703125
20.9499999,-0.52197265625,0.87353515625,-0.079345703125
20.9699999,-0.263427734375,0.74072265625,-0.19970703125
20.9899999,-0.33447265625,0.630859375,0.45068359375
21.0099999,-0.450439453125,0.92333984375,-0.083740234375
21.0299999,-0.1337890625,0.933837890625,0.308837890625
21.0499999,-0.673828125,0.918212890625,0.163818359375
21.0699999,-0.78125,0.919189453125,0.389404296875
21.089999900000002,-0.131591796875,0.7578125,0.465576171875
21.109999900000002,-0.275146484375,1.131103515625,0.003173828125
21.1299999,-0.49267578125,0.9931640625,0.107421875
21.1499999,-0.537109375,0.8671875,-0.498291015625
21.1699999,-0.59814453125,0.5078125,0.10205078125
21.1899999,-0.335693359375,0.66943359375,0.017822265625
21.2099999,-0.70361328125,0.840576171875,-0.1806640625
21.2299999,-0.52783203125,0.91455078125,0.089111328125
21.249999900000002,-0.806884765625,0.87109375,-0.096923828125
21.269999900000002,-0.453125,0.828369140625,0.187255859375
21.2899999,-0.55712890625,0.965576171875,-0.1044921875
21.3099999,-0.31787109375,0.9453125,0.2060546875
21.3299999,-0.427001953125,1.07080078125,0.21630859375
21.3499999,-0.603759765625,0.859375,0.06884765625
21.3699999,-0.626953125,0.8818359375,-0.026123046875
21.3899999,-0.57177734375,0.8662109375,0.075439453125
21.409999900000003,-0.3486328125,0.748046875,0.312255859375
21.429999900000002,-0.3212890625,0.817138671875,-0.158203125
21.4499999,-0.45361328125,0.862060546875,0.089599609375
21.4699999,-0.697509765625,1.1025390625,0.057373046875
21.4899999,-0.595703125,0.985595703125,-0.25927734375
21.5099999,-0.1806640625,0.6591796875,-0.0126953125
21.5299999,-0.41455078125,1.00439453125,-0.10205078125
21.5499999,-0.55419921875,0.740966796875,-0.01904296875
21.5699999,-0.602783203125,0.745361328125,-0.003173828125
21.589999900000002,-0.879150390625,0.99365234375,-0.001708984375
21.609999900000002,-0.02734375,0.5849609375,0.566162109375
21.6299999,-0.18115234375,1.07958984375,-0.1982421875
21.6499999,-0.602294921875,0.902099609375,-0.488525390625
21.6699999,-0.804931640625,0.847412109375,0.381591796875
21.6899999,-0.918701171875,0.87353515625,0.240478515625
21.7099999,-0.02587890625,0.771484375,0.4296875
21.7299999,-0.18701171875,0.927734375,-0.065673828125
21.749999900000002,-0.484375,0.997314453125,0.240478515625
21.769999900000002,-0.419921875,1.1044921875,-0.13818359375
21.7899999,-0.2548828125,0.70458984375,0.00927734375
21.8099999,-0.6171875,1.109619140625,-0.25830078125
21.8299999,-0.280517578125,0.608154296875,-0.444091796875
21.8499999,-0.20166015625,0.97509765625,-0.259033203125
21.8699999,-0.18359375,0.76611328125,-0.248046875
21.8899999,-0.623291015625,0.9384765625,0.25390625
21.909999900000003,-0.40087890625,1.038818359375,0.54150390625
21.929999900000002,-0.40576171875,1.076416015625,-0.195556640625
21.9499999,-0.09619140625,0.375,-0.011962890625
21.9699999,-0.804443359375,0.999267578125,-0.152587890625
21.9899999,-0.713134765625,0.989501953125,0.329345703125
22.0099999,-0.556884765625,0.95556640625,0.123291015625
22.0299999,-0.543212890625,1.0126953125,-0.5908203125
22.0499999,-0.62548828125,0.76513671875,0.155029296875
22.0699999,-0.26708984375,0.561279296875,-0.073486328125
22.089999900000002,-0.544921875,0.881591796875,0.203857421875
22.109999900000002,-0.423583984375,0.8037109375,0.21337890625
22.1299999,-0.218505859375,0.65771484375,0.274169921875
22.1499999,-0.3349609375,1.033447265625,-0.1826171875
22.1699999,-0.31884765625,0.965087890625,-0.02587890625
22.1899999,-0.551513671875,0.807373046875,0.0361328125
22.2099999,-0.7607421875,0.98095703125,0.002685546875
22.2299999,-0.422119140625,0.85546875,0.182861328125
22.249999900000002,-0.709228515625,0.810546875,0.19677734375
22.269999900000002,-0.4580078125,0.79833984375,0.02978515625
22.2899999,-0.3955078125,0.877197265625,0.091796875
22.3099999,-0.387451171875,0.865966796875,-0.084716796875
22.3299999,-0.383544921875,0.806884765625,0.2685546875
22.3499999,-0.50146484375,0.8603515625,0.017822265625
22.3699999,-0.287353515625,0.8955078125,0.32763671875
22.3899999,-0.6083984375,0.94970703125,0.108154296875
22.409999900000003,-0.326416015625,0.75048828125,0.4169921875
22.429999900000002,-0.488525390625,0.820556640625,-0.131591796875
22.4499999,-0.432373046875,0.947021484375,0.144775390625
22.4699999,-0.826904296875,0.925048828125,0.105712890625
22.4899999,-0.826904296875,0.925048828125,0.105712890625
22.5099999,-0.425048828125,1.0390625,-0.192626953125
22.5299999,-0.425048828125,1.0390625,-0.192626953125
22.5499999,-0.393310546875,1.010498046875,0.08984375
22.5699999,-0.393310546875,1.010498046875,0.08984375
22.589999900000002,-0.642578125,0.935546875,-0.079833984375
22.609999900000002,-0.642578125,0.935546875,-0.079833984375
22.6299999,-0.438720703125,0.645751953125,0.011962890625
22.6499999,-0.77490234375,0.773193359375,-0.352783203125
22.6699999,-0.77490234375,0.773193359375,-0.352783203125
22.6899999,-1.0458984375,0.955322265625,-0.194091796875
22.7099999,-1.0458984375,0.955322265625,-0.194091796875
22.7299999,-0.450927734375,0.833740234375,0.29931640625
22.749999900000002,-0.7255859375,0.92041015625,-0.05322265625
22.769999900000002,-0.19091796875,0.8125,0.261962890625
22.7899999,-0.217041015625,0.931396484375,-0.041015625
22.8099999,-0.4873046875,0.929931640625,0.101318359375
22.8299999,-0.5537109375,0.955078125,-0.070068359375
22.8499999,-0.447509765625,0.703369140625,0.012939453125
22.8699999,-0.45947265625,0.72412109375,0.087890625
22.8899999,-0.65673828125,0.875244140625,-0.151123046875
22.909999900000003,-0.4140625,0.903076171875,0.111328125
22.929999900000002,-0.524658203125,1.11767578125,-0.0771484375
22.9499999,-0.439453125,0.786865234375,-0.14208984375
22.9699999,-0.352294921875,0.64501953125,-0.045166015625
22.9899999,-0.45654296875,0.967529296875,-0.035400390625
23.0099999,-0.5078125,0.802978515625,0.060546875
23.0299999,-0.615478515625,0.789306640625,0.079833984375
23.0499999,-0.5927734375,0.943359375,-0.051513671875
23.0699999,-0.3935546875,0.890625,0.043701171875
23.089999900000002,-0.533203125,0.820068359375,0.042236328125
23.109999900000002,-0.6220703125,0.942626953125,0.0078125
23.1299999,-0.419921875,0.736572265625,0.0107421875
23.1499999,-0.344970703125,0.6669921875,0.011474609375
23.1699999,-0.37744140625,0.929443359375,-0.00732421875
23.1899999,-0.696044921875,0.904296875,-0.18701171875
23.2099999,-0.446533203125,0.850830078125,0.00732421875
23.2299999,-0.43603515625,0.8583984375,0.060546875
23.249999900000002,-0.351318359375,0.861328125,-0.12158203125
23.269999900000002,-0.55322265625,0.810791015625,0.083984375
23.2899999,-0.4443359375,0.83154296875,0.16796875
23.3099999,-0.395751953125,0.964599609375,0.020751953125
23.3299999,-0.300537109375,1.0390625,0.03759765625
23.3499999,-0.57177734375,0.857666015625,0.028564453125
23.3699999,-0.415283203125,0.767578125,0.097900390625
23.3899999,-0.289794921875,0.592041015625,0.1533203125
23.409999900000003,-0.39404296875,0.9287109375,-0.049560546875
23.429999900000002,-0.64990234375,1.022705078125,-0.048583984375
23.4499999,-0.603271484375,0.904296875,-0.077880859375
23.4699999,-0.243896484375,0.86279296875,0.0048828125
23.4899999,-0.650146484375,0.817626953125,0.188720703125
23.5099999,-0.55615234375,1.01806640625,-0.122802734375
23.5299999,-0.727783203125,0.994384765625,-0.04931640625
23.5499999,-0.5439453125,0.864013671875,0.304931640625
23.5699999,-0.156494140625,0.758544921875,0.0380859375
23.589999900000002,-0.54833984375,0.714111328125,0.28369140625
23.609999900000002,-0.3408203125,1.183349609375,-0.418212890625
23.6299999,-0.830810546875,0.907958984375,-0.08642578125
23.6499999,-0.00244140625,0.66064453125,0.418701171875
23.6699999,-0.604736328125,0.81884765625,-0.027587890625
23.6899999,-0.757568359375,0.905517578125,-0.044677734375
23.7099999,-0.36962890625,0.62841796875,-0.11669921875
23.7299999,-0.58984375,0.702880859375,-0.09033203125
23.749999900000002,-1.041015625,0.928955078125,0.123046875
23.769999900000002,-0.326171875,0.6962890625,0.0634765625
23.7899999,-0.37353515625,0.483642578125,-0.01220703125
23.8099999,-0.788818359375,0.90576171875,0.041015625
23.8299999,-0.0166015625,0.672119140625,0.45947265625
23.8499999,-0.483642578125,0.934326171875,-0.12548828125
23.8699999,-1.03662109375,1.04833984375,-0.230224609375
23.8899999,-0.5517578125,-0.034423828125,0.1953125
23.909999900000003,-0.288818359375,0.739990234375,-0.048583984375
23.929999900000002,0.210205078125,0.7158203125,1.63818359375
23.9499999,-0.311279296875,1.0556640625,0.10302734375
23.9699999,-0.569580078125,0.833251953125,0.79541015625
23.9899999,-0.299072265625,0.923583984375,0.111328125
24.0099999,-0.051513671875,0.110107421875,0.21044921875
24.0299999,-1.033935546875,1.1689453125,-0.247802734375
24.0499999,-0.699951171875,1.644287109375,0.71484375
24.069999900000003,-0.9052734375,0.818115234375,0.447509765625
24.089999900000002,-0.223876953125,0.186767578125,0.264892578125
24.109999900000002,-0.21826171875,1.33642578125,-0.1123046875
24.1299999,0.36083984375,0.703857421875,1.045654296875
24.1499999,-0.216796875,0.090087890625,0.5283203125
24.1699999,-0.966552734375,1.108154296875,-2.161865234375
24.1899999,-0.2216796875,0.80224609375,-0.28955078125
24.2099999,-0.959716796875,1.56201171875,-1.645751953125
24.2299999,-0.271728515625,-0.390625,0.916748046875
24.249999900000002,0.197509765625,0.778076171875,-0.62109375
24.269999900000002,-0.3623046875,0.9697265625,1.0244140625
24.2899999,-0.3134765625,0.626953125,0.25830078125
24.3099999,-0.11767578125,0.878662109375,0.428955078125
24.3299999,-0.2294921875,0.55859375,0.58203125
24.3499999,0.09326171875,0.96533203125,0.15771484375
24.3699999,-0.162353515625,0.6025390625,-0.220703125
24.3899999,-0.148681640625,0.724609375,0.002685546875
24.409999900000003,-0.00830078125,1.41015625,0.55712890625
24.429999900000002,-0.268798828125,0.42529296875,0.484619140625
24.4499999,-0.364013671875,1.025146484375,-0.265869140625
24.4699999,-0.45361328125,0.272216796875,-0.0244140625
24.4899999,-0.051025390625,1.34912109375,0.1611328125
24.5099999,-0.059814453125,1.3251953125,0.58203125
24.5299999,-0.5517578125,0.55126953125,0.408935546875
24.5499999,-0.3037109375,0.963623046875,-0.447021484375
24.569999900000003,-0.687744140625,0.730224609375,-0.011962890625
24.589999900000002,-0.60693359375,0.46533203125,-0.623046875
24.609999900000002,-0.779541015625,1.0576171875,0.064697265625
24.6299999,-0.55419921875,1.396728515625,0.25732421875
24.6499999,-0.382080078125,1.054931640625,0.06396484375
24.6699999,-0.77099609375,0.759033203125,0.12890625
24.6899999,-0.501220703125,0.765625,-0.009765625
24.7099999,-0.722900390625,0.69677734375,-0.3134765625
24.7299999,-0.375732421875,0.7939453125,0.02392578125
24.749999900000002,-0.146484375,0.57958984375,0.31396484375
24.769999900000002,-0.183837890625,0.579833984375,0.334228515625
24.7899999,0.01318359375,1.17138671875,0.23486328125
24.8099999,-0.502197265625,0.66845703125,0.242919921875
24.8299999,0.123779296875,1.2587890625,0.10205078125
24.8499999,-0.798095703125,0.7939453125,-0.734619140625
24.8699999,-0.036376953125,1.291748046875,-0.1318359375
24.8899999,-1.1865234375,1.353759765625,-1.0400390625
24.909999900000003,-0.590576171875,1.04150390625,-0.69775390625
24.929999900000002,-1.0634765625,1.25439453125,-0.606201171875
24.9499999,-0.70947265625,0.56298828125,-0.4091796875
24.9699999,-0.841552734375,1.0966796875,-0.2890625
24.9899999,-0.685302734375,0.6455078125,-0.37109375
25.0099999,-0.730712890625,1.075927734375,-0.10009765625
25.0299999,-0.405029296875,0.910400390625,-0.088623046875
25.0499999,-0.505859375,0.765869140625,0.1083984375
25.069999900000003,-0.052001953125,0.772216796875,0.274658203125
25.089999900000002,-0.607421875,1.191162109375,-0.1328125
25.109999900000002,-0.753173828125,0.556396484375,-0.08154296875
25.1299999,-0.753173828125,0.556396484375,-0.08154296875
25.1499999,-0.705322265625,0.908447265625,0.17431640625
25.1699999,-0.705322265625,0.908447265625,0.17431640625
25.1899999,-0.39501953125,0.73974609375,0.25732421875
25.2099999,-0.39501953125,0.73974609375,0.25732421875
25.2299999,-0.298095703125,0.605712890625,-0.115234375
25.249999900000002,-0.298095703125,0.605712890625,-0.115234375
25.269999900000002,-0.58447265625,1.357421875,-0.228515625
25.2899999,-0.51123046875,0.8017578125,-0.57373046875
25.3099999,-0.44091796875,1.147216796875,-0.053955078125
25.3299999,-0.62744140625,0.7490234375,0.02734375
25.3499999,-0.75830078125,1.072265625,0.069580078125
25.3699999,-0.3359375,0.398193359375,0.20556640625
25.3899999,-0.208251953125,1.755126953125,0.14892578125
25.409999900000003,-0.2705078125,0.545654296875,-0.009765625
25.429999900000002,-0.6640625,1.095458984375,-0.81787109375
25.4499999,-0.388916015625,1.309326171875,0.038330078125
25.4699999,-0.747802734375,0.484130859375,0.330322265625
25.4899999,-0.55322265625,0.794189453125,0.412353515625
25.5099999,-0.708984375,1.33251953125,-0.388427734375
25.5299999,-0.579345703125,1.26513671875,0.22802734375
25.5499999,-0.443359375,0.154052734375,0.067626953125
25.569999900000003,-0.73583984375,0.99853515625,-0.130126953125
25.589999900000002,-0.622802734375,1.4970703125,0.5556640625
25.609999900000002,-0.646240234375,0.932373046875,0.08740234375
25.6299999,-0.50732421875,0.970703125,0.138427734375
25.6499999,-0.552734375,0.4091796875,0.226806640625
25.6699999,-0.62451171875,0.76171875,0.004638671875
25.6899999,-0.352294921875,1.452392578125,0.917236328125
25.7099999,-0.694091796875,1.495361328125,-0.287109375
25.7299999,-0.1484375,0.736572265625,1.409423828125
25.749999900000002,-0.682373046875,1.0244140625,-0.208740234375
25.769999900000002,-0.7841796875,0.61279296875,0.499267578125
25.7899999,-0.38330078125,0.22802734375,0.201904296875
25.8099999,-0.464111328125,0.8154296875,0.60888671875
25.8299999,-0.4892578125,0.87158203125,-0.363037109375
25.8499999,-0.25048828125,1.06396484375,0.142333984375
25.8699999,-0.447021484375,0.97314453125,-0.087158203125
25.8899999,-0.310546875,1.646484375,0.052490234375
25.909999900000003,-0.568115234375,1.11083984375,-0.16552734375
25.929999900000002,-0.44921875,0.73583984375,0.07666015625
25.9499999,-0.6337890625,1.0810546875,0.080810546875
25.9699999,-0.54345703125,0.876708984375,-0.055908203125
25.9899999,-0.20556640625,0.84716796875,1.373779296875
26.0099999,-0.386474609375,1.384033203125,-0.15966796875
26.0299999,-0.795654296875,1.69580078125,-0.114990234375
26.0499999,-0.179931640625,1.5146484375,0.151123046875
26.069999900000003,-0.827880859375,1.892578125,-1.275146484375
26.089999900000002,-0.288330078125,1.05126953125,0.244873046875
26.109999900000002,-0.391845703125,1.3876953125,-0.24365234375
26.1299999,-0.63818359375,0.765625,0.786376953125
26.1499999,-0.390380859375,0.914306640625,0.251220703125
26.1699999,-0.471435546875,0.2607421875,0.61669921875
26.1899999,-0.64404296875,0.779296875,0.132080078125
26.2099999,-0.398193359375,1.550537109375,0.789794921875
26.2299999,-0.603759765625,1.177490234375,-0.221923828125
26.249999900000002,-0.212158203125,0.865478515625,0.951904296875
26.269999900000002,-0.75634765625,0.922119140625,-0.179931640625
26.2899999,-0.62353515625,0.41455078125,0.39453125
26.3099999,-0.45263671875,0.47509765625,0.06298828125
26.3299999,-0.541259765625,0.8173828125,0.491943359375
26.3499999,-0.466064453125,0.98046875,-0.294677734375
26.3699999,-0.510498046875,0.638916015625,0.1533203125
26.3899999,-0.4501953125,0.80224609375,-0.2734375
26.409999900000003,-0.500732421875,0.787841796875,0.101318359375
26.429999900000002,-0.54541015625,1.00927734375,0.130615234375
26.4499999,-0.763671875,0.99951171875,-0.181396484375
26.4699999,-0.435791015625,1.171142578125,0.61669921875
26.4899999,-0.577392578125,1.25732421875,0.118896484375
26.5099999,-0.62890625,1.126708984375,-0.497314453125
26.5299999,-0.64404296875,0.531005859375,0.000732421875
26.5499999,-0.6005859375,0.934326171875,0.36328125
26.569999900000003,-0.73828125,0.870849609375,-0.713623046875
26.589999900000002,-0.4775390625,0.3017578125,0.156982421875
26.609999900000002,-0.485595703125,1.0185546875,0.48828125
26.6299999,-0.26904296875,1.55322265625,0.066650390625
26.6499999,-0.639892578125,1.208740234375,-0.48779296875
26.6699999,-0.611083984375,1.18310546875,-0.156005859375
26.6899999,-0.21728515625,1.78857421875,1.151611328125
26.7099999,-0.6376953125,1.56494140625,0.138671875
26.7299999,-1.427001953125,1.758544921875,-1.822509765625
26.749999900000002,-0.854736328125,0.552490234375,0.03369140625
26.769999900000002,-0.975830078125,1.033447265625,-0.760498046875
26.7899999,0.100341796875,0.011474609375,0.13623046875
26.8099999,-0.053466796875,0.7548828125,-0.781005859375
26.8299999,-0.841552734375,1.6728515625,-0.93994140625
26.8499999,-0.29345703125,1.378662109375,0.306640625
26.8699999,-0.83984375,0.546875,0.889404296875
26.8899999,-0.310791015625,-0.226318359375,-0.197265625
26.909999900000003,-0.3310546875,1.431640625,-0.36376953125
26.929999900000002,-0.071044921875,0.36083984375,1.029541015625
26.9499999,-0.617431640625,0.120361328125,-0.46826171875
26.9699999,-1.04638671875,1.62255859375,-0.7900390625
26.9899999,-0.1435546875,-0.0029296875,0.236083984375
27.0099999,-0.41845703125,1.547607421875,-0.0546875
27.0299999,-0.679931640625,0.382568359375,-1.064697265625
27.0499999,-0.164794921875,1.194580078125,-0.476318359375
27.069999900000003,-0.52783203125,1.26806640625,-0.815185546875
27.089999900000002,-0.602294921875,0.9873046875,0.12939453125
27.109999900000002,-0.895751953125,1.02880859375,-0.408935546875
27.1299999,-0.92236328125,0.777587890625,0.216796875
27.1499999,-0.5546875,0.6708984375,0.45068359375
27.1699999,-0.279541015625,0.75927734375,-0.1279296875
27.1899999,-0.671142578125,0.709228515625,0.29833984375
27.2099999,-0.212890625,0.7158203125,0.1513671875
27.2299999,-0.208984375,0.935791015625,-0.055908203125
27.249999900000002,-0.731689453125,1.069091796875,-0.221435546875
27.269999900000002,-0.480224609375,0.875732421875,0.105712890625
27.2899999,-0.6767578125,0.84423828125,0.4755859375
27.3099999,-0.3203125,0.825439453125,-0.004150390625
27.3299999,-0.404296875,1.15625,0.0302734375
27.3499999,-0.39501953125,1.078369140625,0.072998046875
27.3699999,-0.702880859375,0.517822265625,0.025390625
27.3899999,-0.835205078125,0.845458984375,-0.0439453125
27.409999900000003,-0.13330078125,0.5146484375,0.030517578125
27.429999900000002,-0.487548828125,1.109375,0.260986328125
27.4499999,-0.079833984375,0.880126953125,0.3466796875
27.4699999,-0.467529296875,0.99658203125,0.00390625
27.4899999,-0.782958984375,0.894775390625,-0.266357421875
27.5099999,-0.826171875,0.813720703125,0.22119140625
27.5299999,-0.370361328125,0.843017578125,0.061279296875
27.5499999,-0.625732421875,1.087158203125,-0.06982421875
27.569999900000003,-0.21728515625,0.56396484375,-0.123291015625
27.589999900000002,-0.744140625,0.970947265625,-0.120849609375
27.609999900000002,-0.606689453125,0.980224609375,0.4873046875
27.6299999,-0.482421875,0.931396484375,-0.03125
27.6499999,-0.3544921875,1.055908203125,0.10498046875
27.6699999,-0.3544921875,1.055908203125,0.10498046875
27.6899999,-0.9443359375,0.789794921875,0.61181640625
27.7099999,-0.9443359375,0.789794921875,0.61181640625
27.7299999,-0.630859375,0.97216796875,0.607177734375
27.749999900000002,-0.630859375,0.97216796875,0.607177734375
27.769999900000002,0.057861328125,0.61962890625,0.042724609375
27.7899999,-0.369140625,1.28271484375,0.17333984375
27.8099999,-0.773193359375,0.43798828125,0.837158203125
27.8299999,-0.76953125,1.061279296875,0.492919921875
27.8499999,-0.543701171875,1.435791015625,-0.3759765625
27.8699999,-0.65185546875,0.91259765625,-0.48681640625
27.8899999,-0.197509765625,-0.002685546875,0.73828125
27.909999900000003,-0.556396484375,0.998046875,0.078125
27.929999900000002,-0.26513671875,0.783935546875,-0.037841796875
27.9499999,-0.358154296875,0.933837890625,0.128662109375
27.9699999,-0.708251953125,0.934326171875,0.008544921875
27.9899999,-0.597900390625,0.71484375,0.08642578125
28.0099999,-0.62255859375,0.793212890625,0.062744140625
28.0299999,-0.4267578125,0.800537109375,0.051025390625
28.0499999,-0.41552734375,0.91748046875,0.003662109375
28.069999900000003,-0.44970703125,0.86962890625,0.0966796875
28.089999900000002,-0.36083984375,0.958740234375,-0.002685546875
28.109999900000002,-0.449951171875,0.90576171875,0.1162109375
28.1299999,-0.472412109375,0.880859375,0.0830078125
28.1499999,-0.55322265625,0.821533203125,0.00830078125
28.1699999,-0.484130859375,0.902587890625,0.0263671875
28.1899999,-0.4423828125,0.9423828125,-0.00341796875
28.2099999,-0.52294921875,0.88134765625,0.129638671875
28.2299999,-0.56298828125,0.844970703125,0.001220703125
28.249999900000002,-0.566650390625,0.95068359375,0.023681640625
28.269999900000002,-0.42578125,0.982666015625,0.0849609375
28.2899999,-0.495849609375,0.84228515625,0.02685546875
28.3099999,-0.501220703125,0.87451171875,0.151123046875
28.3299999,-0.5693359375,0.91162109375,0.098876953125
28.3499999,-0.56201171875,1.008544921875,0.025146484375
28.3699999,-0.3828125,0.913818359375,0.11962890625
28.3899999,-0.46044921875,0.849853515625,0.077392578125
28.409999900000003,-0.5224609375,0.906494140625,0.001708984375
28.429999900000002,-0.554443359375,0.935546875,0.081298828125
28.4499999,-0.434326171875,0.974853515625,0.069580078125
28.4699999,-0.439453125,0.80810546875,0.028564453125
28.4899999,-0.559326171875,0.850830078125,0.03759765625
28.5099999,-0.6025390625,0.878173828125,-0.03271484375
28.5299999,-0.427490234375,0.909912109375,0.00927734375
28.5499999,-0.4970703125,0.760009765625,0.056396484375
28.569999900000003,-0.55615234375,0.879638671875,0.084716796875
28.589999900000002,-0.363525390625,0.862548828125,0.01611328125
28.609999900000002,-0.4013671875,0.925537109375,0.073486328125
28.6299999,-0.51123046875,0.8828125,0.0068359375
28.6499999,-0.61767578125,0.906005859375,0.013427734375
28.6699999,-0.434326171875,0.8837890625,0.046875
28.6899999,-0.486083984375,0.75830078125,0.041015625
28.7099999,-0.50537109375,0.794677734375,-0.002197265625
28.7299999,-0.389404296875,1.034912109375,0.1357421875
28.749999900000002,-0.462646484375,0.854736328125,0.0751953125
28.769999900000002,-0.6015625,0.853271484375,0.083740234375
28.7899999,-0.404052734375,0.86474609375,0.01513671875
28.8099999,-0.44384765625,0.876953125,0.12353515625
28.8299999,-0.522705078125,0.847900390625,0.02880859375
28.8499999,-0.466796875,0.997314453125,0.114501953125
28.8699999,-0.3671875,0.9638671875,0.023681640625
28.8899999,-0.56494140625,0.81884765625,-0.000732421875
28.909999900000003,-0.50439453125,0.944580078125,-0.010986328125
28.929999900000002,-0.32958984375,0.946533203125,-0.0361328125
28.9499999,-0.56103515625,0.787109375,-0.048828125
28.9699999,-0.537353515625,0.931640625,-0.0302734375
28.9899999,-0.42138671875,0.924072265625,-0.02197265625
29.0099999,-0.521728515625,0.841064453125,-0.039794921875
29.0299999,-0.572265625,0.8369140625,-0.0390625
29.0499999,-0.434814453125,0.958740234375,-0.05908203125
29.069999900000003,-0.52294921875,0.828125,-0.03564453125
29.089999900000002,-0.543212890625,0.873291015625,0.005126953125
29.109999900000002,-0.36328125,0.984619140625,0.0166015625
29.1299999,-0.53173828125,0.826416015625,0.020751953125
29.1499999,-0.438232421875,1.034912109375,0.070068359375
29.1699999,-0.37451171875,0.9228515625,0.0654296875
29.1899999,-0.597900390625,0.865478515625,0.064453125
29.2099999,-0.40625,0.876708984375,-0.00537109375
29.2299999,-0.427734375,0.8447265625,0.046630859375
29.249999900000002,-0.581298828125,0.781005859375,0.064453125
29.269999900000002,-0.400634765625,0.833740234375,0.144775390625
29.2899999,-0.490478515625,0.86767578125,0.126953125
29.3099999,-0.453369140625,0.79296875,0.072998046875
29.3299999,-0.4326171875,1.01708984375,0.092041015625
29.3499999,-0.458984375,0.785400390625,0.030517578125
29.3699999,-0.57421875,0.90869140625,0.10107421875
29.3899999,-0.470458984375,0.908203125,0.089111328125
29.409999900000003,-0.52587890625,0.86328125,0.049072265625
29.429999900000002,-0.614990234375,0.844482421875,-0.002197265625
29.4499999,-0.348876953125,1.003173828125,-0.01416015625
29.4699999,-0.529052734375,0.8203125,0.018798828125
29.4899999,-0.4267578125,1.033203125,0.058837890625
29.5099999,-0.41650390625,0.871826171875,0.025634765625
29.5299999,-0.57080078125,0.825439453125,0.049072265625
29.5499999,-0.422607421875,1.01025390625,0.177978515625
29.569999900000003,-0.467041015625,0.876220703125,0.123046875
29.589999900000002,-0.416015625,0.795654296875,0.02099609375
29.609999900000002,-0.496337890625,0.884033203125,0.050048828125
29.6299999,-0.495361328125,0.8193359375,0.084716796875
29.6499999,-0.600341796875,0.825439453125,-0.033447265625
29.6699999,-0.41552734375,0.958251953125,-0.022216796875
29.6899999,-0.537109375,0.84716796875,-0.004638671875
29.7099999,-0.419677734375,0.926513671875,0.009033203125
29.7299999,-0.478759765625,0.843994140625,0.06201171875
29.749999900000002,-0.513427734375,0.776611328125,0.072021484375
29.769999900000002,-0.449951171875,1.00927734375,0.15869140625
29.7899999,-0.459716796875,0.801025390625,0.03076171875
29.8099999,-0.581298828125,0.906982421875,0.0947265625
29.8299999,-0.4609375,0.904052734375,0.109619140625
29.8499999,-0.525634765625,0.8349609375,-0.034912109375
29.8699999,-0.510498046875,0.900634765625,0.019775390625
29.8899999,-0.429931640625,0.9482421875,0.003173828125
29.909999900000003,-0.477783203125,0.830078125,0.07373046875
29.929999900000002,-0.464111328125,0.88330078125,0.072021484375
29.9499999,-0.40673828125,0.865966796875,0.1640625
29.9699999,-0.515625,0.80712890625,-0.007568359375
29.9899999,-0.456787109375,0.927001953125,0.150146484375
30.0099999,-0.54248046875,0.846435546875,0.087646484375
