Time (seconds), Duration (seconds),pred_unlabelled,pred_anomaly
0.01000,0.48000,0.99411,0.00589
0.03000,0.48000,0.96740,0.03260
0.05000,0.48000,0.99532,0.00468
0.07000,0.48000,0.99202,0.00798
0.09000,0.48000,0.99549,0.00451
0.11000,0.48000,0.99319,0.00681
0.13000,0.48000,0.98291,0.01709
0.15000,0.48000,0.99189,0.00811
0.17000,0.48000,0.99388,0.00612
0.19000,0.48000,0.99268,0.00732
0.21000,0.48000,0.98612,0.01388
0.23000,0.48000,0.97363,0.02637
0.25000,0.48000,0.99017,0.00983
0.27000,0.48000,0.99068,0.00932
0.29000,0.48000,0.98880,0.01120
0.31000,0.48000,0.98508,0.01492
0.33000,0.48000,0.98097,0.01903
0.35000,0.48000,0.99120,0.00880
0.37000,0.48000,0.98329,0.01671
0.39000,0.48000,0.98767,0.01233
0.41000,0.48000,0.97828,0.02172
0.43000,0.48000,0.98761,0.01239
0.45000,0.48000,0.98187,0.01813
0.47000,0.48000,0.98645,0.01355
0.49000,0.48000,0.97743,0.02257
0.51000,0.48000,0.98638,0.01362
0.53000,0.48000,0.98314,0.01686
0.55000,0.48000,0.98358,0.01642
0.57000,0.48000,0.98536,0.01464
0.59000,0.48000,0.97609,0.02391
0.61000,0.48000,0.98360,0.01640
0.63000,0.48000,0.98762,0.01238
0.65000,0.48000,0.98839,0.01161
0.67000,0.48000,0.98670,0.01330
0.69000,0.48000,0.98078,0.01922
0.71000,0.48000,0.99057,0.00943
0.73000,0.48000,0.99224,0.00776
0.75000,0.48000,0.99202,0.00798
0.77000,0.48000,0.99029,0.00971
0.79000,0.48000,0.98278,0.01722
0.81000,0.48000,0.99186,0.00814
0.83000,0.48000,0.98244,0.01756
0.85000,0.48000,0.99037,0.00963
0.87000,0.48000,0.97895,0.02105
0.89000,0.48000,0.98240,0.01760
0.91000,0.48000,0.98209,0.01791
0.93000,0.48000,0.97915,0.02085
0.95000,0.48000,0.98461,0.01539
0.97000,0.48000,0.95931,0.04069
0.99000,0.48000,0.97580,0.02420
1.01000,0.48000,0.96108,0.03892
1.03000,0.48000,0.98549,0.01451
1.05000,0.48000,0.97104,0.02896
1.07000,0.48000,0.93414,0.06586
1.09000,0.48000,0.94923,0.05077
1.11000,0.48000,0.98092,0.01908
1.13000,0.48000,0.95485,0.04515
1.15000,0.48000,0.98689,0.01311
1.17000,0.48000,0.89868,0.10132
1.19000,0.48000,0.97020,0.02980
1.21000,0.48000,0.97363,0.02637
1.23000,0.48000,0.97705,0.02295
1.25000,0.48000,0.98652,0.01348
1.27000,0.48000,0.97829,0.02171
1.29000,0.48000,0.97944,0.02056
1.31000,0.48000,0.98566,0.01434
1.33000,0.48000,0.98264,0.01736
1.35000,0.48000,0.98992,0.01008
1.37000,0.48000,0.98442,0.01558
1.39000,0.48000,0.99307,0.00693
1.41000,0.48000,0.98833,0.01167
1.43000,0.48000,0.98680,0.01320
1.45000,0.48000,0.98696,0.01304
1.47000,0.48000,0.98590,0.01410
1.49000,0.48000,0.98909,0.01091
1.51000,0.48000,0.99075,0.00925
1.53000,0.48000,0.97432,0.02568
1.55000,0.48000,0.98660,0.01340
1.57000,0.48000,0.99115,0.00885
1.59000,0.48000,0.99062,0.00938
1.61000,0.48000,0.99545,0.00455
1.63000,0.48000,0.95216,0.04784
1.65000,0.48000,0.98277,0.01723
1.67000,0.48000,0.98952,0.01048
1.69000,0.48000,0.98946,0.01054
1.71000,0.48000,0.99084,0.00916
1.73000,0.48000,0.96474,0.03526
1.75000,0.48000,0.98243,0.01757
1.77000,0.48000,0.98586,0.01414
1.79000,0.48000,0.98808,0.01192
1.81000,0.48000,0.97848,0.02152
1.83000,0.48000,0.97315,0.02685
1.85000,0.48000,0.98211,0.01789
1.87000,0.48000,0.98981,0.01019
1.89000,0.48000,0.98657,0.01343
1.91000,0.48000,0.98540,0.01460
1.93000,0.48000,0.98150,0.01850
1.95000,0.48000,0.99212,0.00788
1.97000,0.48000,0.98569,0.01431
1.99000,0.48000,0.98451,0.01549
2.01000,0.48000,0.98296,0.01704
2.03000,0.48000,0.99207,0.00793
2.05000,0.48000,0.98643,0.01357
2.07000,0.48000,0.98976,0.01024
2.09000,0.48000,0.97093,0.02907
2.11000,0.48000,0.99288,0.00712
2.13000,0.48000,0.99292,0.00708
2.15000,0.48000,0.99250,0.00750
2.17000,0.48000,0.99521,0.00479
2.19000,0.48000,0.98055,0.01945
2.21000,0.48000,0.99555,0.00445
2.23000,0.48000,0.99382,0.00618
2.25000,0.48000,0.99597,0.00403
2.27000,0.48000,0.99453,0.00547
2.29000,0.48000,0.98597,0.01403
2.31000,0.48000,0.99331,0.00669
2.33000,0.48000,0.99348,0.00652
2.35000,0.48000,0.99377,0.00623
2.37000,0.48000,0.98945,0.01055
2.39000,0.48000,0.97560,0.02440
2.41000,0.48000,0.99070,0.00930
2.43000,0.48000,0.99082,0.00918
2.45000,0.48000,0.98778,0.01222
2.47000,0.48000,0.98390,0.01610
2.49000,0.48000,0.97235,0.02765
2.51000,0.48000,0.99100,0.00900
2.53000,0.48000,0.98573,0.01427
2.55000,0.48000,0.98459,0.01541
2.57000,0.48000,0.97658,0.02342
2.59000,0.48000,0.98340,0.01660
2.61000,0.48000,0.98198,0.01802
2.63000,0.48000,0.98436,0.01564
2.65000,0.48000,0.97997,0.02003
2.67000,0.48000,0.98265,0.01735
2.69000,0.48000,0.98168,0.01832
2.71000,0.48000,0.98336,0.01664
2.73000,0.48000,0.97968,0.02032
2.75000,0.48000,0.98030,0.01970
2.77000,0.48000,0.98478,0.01522
2.79000,0.48000,0.98873,0.01127
2.81000,0.48000,0.98632,0.01368
2.83000,0.48000,0.98946,0.01054
2.85000,0.48000,0.98005,0.01995
2.87000,0.48000,0.98860,0.01140
2.89000,0.48000,0.98778,0.01222
2.91000,0.48000,0.99216,0.00784
2.93000,0.48000,0.99088,0.00912
2.95000,0.48000,0.98457,0.01543
2.97000,0.48000,0.99265,0.00735
2.99000,0.48000,0.99368,0.00632
3.01000,0.48000,0.99321,0.00679
3.03000,0.48000,0.99166,0.00834
3.05000,0.48000,0.98778,0.01222
3.07000,0.48000,0.99395,0.00605
3.09000,0.48000,0.99035,0.00965
3.11000,0.48000,0.99248,0.00752
3.13000,0.48000,0.98862,0.01138
3.15000,0.48000,0.98507,0.01493
3.17000,0.48000,0.98982,0.01018
3.19000,0.48000,0.98461,0.01539
3.21000,0.48000,0.98920,0.01080
3.23000,0.48000,0.97723,0.02277
3.25000,0.48000,0.98355,0.01645
3.27000,0.48000,0.98010,0.01990
3.29000,0.48000,0.98365,0.01635
3.31000,0.48000,0.97703,0.02297
3.33000,0.48000,0.96195,0.03805
3.35000,0.48000,0.98351,0.01649
3.37000,0.48000,0.98404,0.01596
3.39000,0.48000,0.98721,0.01279
3.41000,0.48000,0.95886,0.04114
3.43000,0.48000,0.95257,0.04743
3.45000,0.48000,0.97892,0.02108
3.47000,0.48000,0.98198,0.01802
3.49000,0.48000,0.98355,0.01645
3.51000,0.48000,0.96314,0.03686
3.53000,0.48000,0.96437,0.03563
3.55000,0.48000,0.97960,0.02040
3.57000,0.48000,0.97385,0.02615
3.59000,0.48000,0.98303,0.01697
3.61000,0.48000,0.98390,0.01610
3.63000,0.48000,0.98335,0.01665
3.65000,0.48000,0.99294,0.00706
3.67000,0.48000,0.97995,0.02005
3.69000,0.48000,0.99092,0.00908
3.71000,0.48000,0.98218,0.01782
3.73000,0.48000,0.99229,0.00771
3.75000,0.48000,0.98462,0.01538
3.77000,0.48000,0.98765,0.01235
3.79000,0.48000,0.98409,0.01591
3.81000,0.48000,0.98683,0.01317
3.83000,0.48000,0.98172,0.01828
3.85000,0.48000,0.99293,0.00707
3.87000,0.48000,0.96045,0.03955
3.89000,0.48000,0.99101,0.00899
3.91000,0.48000,0.97182,0.02818
3.93000,0.48000,0.99244,0.00756
3.95000,0.48000,0.98773,0.01227
3.97000,0.48000,0.98085,0.01915
3.99000,0.48000,0.97867,0.02133
4.01000,0.48000,0.98603,0.01397
4.03000,0.48000,0.99294,0.00706
4.05000,0.48000,0.99354,0.00646
4.07000,0.48000,0.99551,0.00449
4.09000,0.48000,0.97620,0.02380
4.11000,0.48000,0.98250,0.01750
4.13000,0.48000,0.99061,0.00939
4.15000,0.48000,0.98767,0.01233
4.17000,0.48000,0.98861,0.01139
4.19000,0.48000,0.96447,0.03553
4.21000,0.48000,0.98343,0.01657
4.23000,0.48000,0.98512,0.01488
4.25000,0.48000,0.98654,0.01346
4.27000,0.48000,0.97851,0.02149
4.29000,0.48000,0.96633,0.03367
4.31000,0.48000,0.98204,0.01796
4.33000,0.48000,0.98764,0.01236
4.35000,0.48000,0.98414,0.01586
4.37000,0.48000,0.98360,0.01640
4.39000,0.48000,0.97583,0.02417
4.41000,0.48000,0.99043,0.00957
4.43000,0.48000,0.98556,0.01444
4.45000,0.48000,0.98212,0.01788
4.47000,0.48000,0.98309,0.01691
4.49000,0.48000,0.99056,0.00944
4.51000,0.48000,0.98780,0.01220
4.53000,0.48000,0.98894,0.01106
4.55000,0.48000,0.97570,0.02430
4.57000,0.48000,0.99022,0.00978
4.59000,0.48000,0.99362,0.00638
4.61000,0.48000,0.99031,0.00969
4.63000,0.48000,0.99441,0.00559
4.65000,0.48000,0.98297,0.01703
4.67000,0.48000,0.99547,0.00453
4.69000,0.48000,0.99496,0.00504
4.71000,0.48000,0.99603,0.00397
4.73000,0.48000,0.99603,0.00397
4.75000,0.48000,0.99057,0.00943
4.77000,0.48000,0.99563,0.00437
4.79000,0.48000,0.99474,0.00526
4.81000,0.48000,0.99621,0.00379
4.83000,0.48000,0.99433,0.00567
4.85000,0.48000,0.98410,0.01590
4.87000,0.48000,0.99355,0.00645
4.89000,0.48000,0.99214,0.00786
4.91000,0.48000,0.99258,0.00742
4.93000,0.48000,0.98661,0.01339
4.95000,0.48000,0.97468,0.02532
4.97000,0.48000,0.98977,0.01023
4.99000,0.48000,0.99037,0.00963
5.01000,0.48000,0.98440,0.01560
5.03000,0.48000,0.98221,0.01779
5.05000,0.48000,0.96717,0.03283
5.07000,0.48000,0.98872,0.01128
5.09000,0.48000,0.98260,0.01740
5.11000,0.48000,0.98079,0.01921
5.13000,0.48000,0.97337,0.02663
5.15000,0.48000,0.98173,0.01827
5.17000,0.48000,0.98209,0.01791
5.19000,0.48000,0.97862,0.02138
5.21000,0.48000,0.97979,0.02021
5.23000,0.48000,0.97963,0.02037
5.25000,0.48000,0.98326,0.01674
5.27000,0.48000,0.98030,0.01970
5.29000,0.48000,0.98233,0.01767
5.31000,0.48000,0.97714,0.02286
5.33000,0.48000,0.98650,0.01350
5.35000,0.48000,0.98739,0.01261
5.37000,0.48000,0.98905,0.01095
5.39000,0.48000,0.98894,0.01106
5.41000,0.48000,0.98291,0.01709
5.43000,0.48000,0.98703,0.01297
5.45000,0.48000,0.99136,0.00864
5.47000,0.48000,0.99226,0.00774
5.49000,0.48000,0.99110,0.00890
5.51000,0.48000,0.98432,0.01568
5.53000,0.48000,0.99241,0.00759
5.55000,0.48000,0.99352,0.00648
5.57000,0.48000,0.99303,0.00697
5.59000,0.48000,0.99127,0.00873
5.61000,0.48000,0.98568,0.01432
5.63000,0.48000,0.99283,0.00717
5.65000,0.48000,0.98614,0.01386
5.67000,0.48000,0.99158,0.00842
5.69000,0.48000,0.98292,0.01708
5.71000,0.48000,0.98322,0.01678
5.73000,0.48000,0.98494,0.01506
5.75000,0.48000,0.98272,0.01728
5.77000,0.48000,0.98329,0.01671
5.79000,0.48000,0.97140,0.02860
5.81000,0.48000,0.98173,0.01827
5.83000,0.48000,0.97913,0.02087
5.85000,0.48000,0.98544,0.01457
5.87000,0.48000,0.96740,0.03260
5.89000,0.48000,0.95715,0.04285
5.91000,0.48000,0.98133,0.01867
5.93000,0.48000,0.98207,0.01793
5.95000,0.48000,0.98553,0.01447
5.97000,0.48000,0.95635,0.04365
5.99000,0.48000,0.94560,0.05440
6.01000,0.48000,0.97440,0.02560
6.03000,0.48000,0.98035,0.01965
6.05000,0.48000,0.98279,0.01721
6.07000,0.48000,0.98514,0.01486
6.09000,0.48000,0.97982,0.02018
6.11000,0.48000,0.99227,0.00773
6.13000,0.48000,0.98303,0.01697
6.15000,0.48000,0.99034,0.00966
6.17000,0.48000,0.98577,0.01423
6.19000,0.48000,0.99365,0.00635
6.21000,0.48000,0.98644,0.01356
6.23000,0.48000,0.99322,0.00678
6.25000,0.48000,0.98725,0.01275
6.27000,0.48000,0.98802,0.01198
6.29000,0.48000,0.98900,0.01100
6.31000,0.48000,0.99430,0.00570
6.33000,0.48000,0.97767,0.02233
6.35000,0.48000,0.99260,0.00740
6.37000,0.48000,0.97886,0.02114
6.39000,0.48000,0.99394,0.00606
6.41000,0.48000,0.99263,0.00737
6.43000,0.48000,0.98771,0.01229
6.45000,0.48000,0.98610,0.01390
6.47000,0.48000,0.98903,0.01097
6.49000,0.48000,0.99301,0.00699
6.51000,0.48000,0.99373,0.00627
6.53000,0.48000,0.99603,0.00397
6.55000,0.48000,0.97629,0.02371
6.57000,0.48000,0.98612,0.01388
6.59000,0.48000,0.99030,0.00970
6.61000,0.48000,0.98814,0.01186
6.63000,0.48000,0.98740,0.01260
6.65000,0.48000,0.96292,0.03708
6.67000,0.48000,0.98450,0.01550
6.69000,0.48000,0.98635,0.01365
6.71000,0.48000,0.98826,0.01174
6.73000,0.48000,0.97842,0.02158
6.75000,0.48000,0.97634,0.02366
6.77000,0.48000,0.98607,0.01393
6.79000,0.48000,0.98952,0.01048
6.81000,0.48000,0.98794,0.01206
6.83000,0.48000,0.98599,0.01401
6.85000,0.48000,0.98527,0.01473
6.87000,0.48000,0.99245,0.00755
6.89000,0.48000,0.98680,0.01320
6.91000,0.48000,0.98289,0.01711
6.93000,0.48000,0.98553,0.01447
6.95000,0.48000,0.99290,0.00710
6.97000,0.48000,0.98581,0.01419
6.99000,0.48000,0.99148,0.00852
7.01000,0.48000,0.97120,0.02880
7.03000,0.48000,0.99418,0.00582
7.05000,0.48000,0.99249,0.00751
7.07000,0.48000,0.99401,0.00599
7.09000,0.48000,0.99487,0.00513
7.11000,0.48000,0.98448,0.01552
7.13000,0.48000,0.99469,0.00531
7.15000,0.48000,0.99417,0.00583
7.17000,0.48000,0.99488,0.00512
7.19000,0.48000,0.99269,0.00731
7.21000,0.48000,0.98095,0.01905
7.23000,0.48000,0.99163,0.00837
7.25000,0.48000,0.99175,0.00825
7.27000,0.48000,0.99048,0.00952
7.29000,0.48000,0.98594,0.01406
7.31000,0.48000,0.97060,0.02940
7.33000,0.48000,0.99021,0.00979
7.35000,0.48000,0.98915,0.01085
7.37000,0.48000,0.98452,0.01548
7.39000,0.48000,0.98103,0.01897
7.41000,0.48000,0.97533,0.02467
7.43000,0.48000,0.93801,0.06199
7.45000,0.48000,0.74445,0.25555
7.47000,0.48000,0.75338,0.24662
7.49000,0.48000,0.62638,0.37362
7.51000,0.48000,0.74484,0.25516
7.53000,0.48000,0.52181,0.47819
7.55000,0.48000,0.73504,0.26496
7.57000,0.48000,0.56273,0.43727
7.59000,0.48000,0.75798,0.24202
7.61000,0.48000,0.43150,0.56850
7.63000,0.48000,0.75727,0.24273
7.65000,0.48000,0.36477,0.63523
7.67000,0.48000,0.59488,0.40512
7.69000,0.48000,0.20699,0.79301
7.71000,0.48000,0.48900,0.51100
7.73000,0.48000,0.19495,0.80505
7.75000,0.48000,0.34378,0.65622
7.77000,0.48000,0.13152,0.86848
7.79000,0.48000,0.25692,0.74308
7.81000,0.48000,0.09936,0.90064
7.83000,0.48000,0.15724,0.84276
7.85000,0.48000,0.01616,0.98384
7.87000,0.48000,0.02394,0.97606
7.89000,0.48000,0.00809,0.99191
7.91000,0.48000,0.02605,0.97395
7.93000,0.48000,0.00302,0.99698
7.95000,0.48000,0.00147,0.99853
7.97000,0.48000,0.00058,0.99942
7.99000,0.48000,0.00088,0.99912
8.01000,0.48000,0.00267,0.99733
8.03000,0.48000,0.00073,0.99927
8.05000,0.48000,0.00245,0.99756
8.07000,0.48000,0.00258,0.99742
8.09000,0.48000,0.00233,0.99767
8.11000,0.48000,0.00050,0.99950
8.13000,0.48000,0.00051,0.99949
8.15000,0.48000,0.00078,0.99922
8.17000,0.48000,0.00150,0.99850
8.19000,0.48000,0.00055,0.99945
8.21000,0.48000,0.00148,0.99852
8.23000,0.48000,0.00603,0.99397
8.25000,0.48000,0.00604,0.99396
8.27000,0.48000,0.00388,0.99612
8.29000,0.48000,0.00395,0.99605
8.31000,0.48000,0.00314,0.99686
8.33000,0.48000,0.00308,0.99692
8.35000,0.48000,0.00243,0.99757
8.37000,0.48000,0.00191,0.99809
8.39000,0.48000,0.00223,0.99777
8.41000,0.48000,0.00204,0.99796
8.43000,0.48000,0.00277,0.99723
8.45000,0.48000,0.00375,0.99625
8.47000,0.48000,0.00641,0.99359
8.49000,0.48000,0.00258,0.99742
8.51000,0.48000,0.00475,0.99525
8.53000,0.48000,0.00375,0.99625
8.55000,0.48000,0.01148,0.98852
8.57000,0.48000,0.00248,0.99752
8.59000,0.48000,0.01537,0.98463
8.61000,0.48000,0.00883,0.99117
8.63000,0.48000,0.05387,0.94613
8.65000,0.48000,0.02200,0.97800
8.67000,0.48000,0.15782,0.84218
8.69000,0.48000,0.07800,0.92200
8.71000,0.48000,0.10488,0.89512
8.73000,0.48000,0.09018,0.90982
8.75000,0.48000,0.23465,0.76535
8.77000,0.48000,0.17512,0.82488
8.79000,0.48000,0.25557,0.74443
8.81000,0.48000,0.12632,0.87368
8.83000,0.48000,0.52991,0.47009
8.85000,0.48000,0.45231,0.54769
8.87000,0.48000,0.46899,0.53101
8.89000,0.48000,0.46143,0.53857
8.91000,0.48000,0.74092,0.25908
8.93000,0.48000,0.72989,0.27011
8.95000,0.48000,0.93434,0.06566
8.97000,0.48000,0.91838,0.08162
8.99000,0.48000,0.97294,0.02706
9.01000,0.48000,0.99100,0.00900
9.03000,0.48000,0.95778,0.04222
9.05000,0.48000,0.93945,0.06055
9.07000,0.48000,0.94454,0.05546
9.09000,0.48000,0.87826,0.12174
9.11000,0.48000,0.73351,0.26649
9.13000,0.48000,0.88965,0.11035
9.15000,0.48000,0.40477,0.59523
9.17000,0.48000,0.69223,0.30777
9.19000,0.48000,0.25451,0.74549
9.21000,0.48000,0.51009,0.48991
9.23000,0.48000,0.20722,0.79278
9.25000,0.48000,0.25182,0.74818
9.27000,0.48000,0.08155,0.91845
9.29000,0.48000,0.12737,0.87263
9.31000,0.48000,0.07726,0.92274
9.33000,0.48000,0.09066,0.90934
9.35000,0.48000,0.05491,0.94509
9.37000,0.48000,0.07778,0.92222
9.39000,0.48000,0.05805,0.94195
9.41000,0.48000,0.03959,0.96041
9.43000,0.48000,0.01733,0.98267
9.45000,0.48000,0.02382,0.97618
9.47000,0.48000,0.01993,0.98007
9.49000,0.48000,0.01996,0.98004
9.51000,0.48000,0.01310,0.98690
9.53000,0.48000,0.01330,0.98670
9.55000,0.48000,0.01096,0.98904
9.57000,0.48000,0.02448,0.97552
9.59000,0.48000,0.01395,0.98605
9.61000,0.48000,0.00979,0.99021
9.63000,0.48000,0.00623,0.99377
9.65000,0.48000,0.00666,0.99334
9.67000,0.48000,0.00581,0.99419
9.69000,0.48000,0.00853,0.99147
9.71000,0.48000,0.00424,0.99576
9.73000,0.48000,0.00579,0.99421
9.75000,0.48000,0.00366,0.99634
9.77000,0.48000,0.00716,0.99284
9.79000,0.48000,0.00364,0.99636
9.81000,0.48000,0.01213,0.98787
9.83000,0.48000,0.00576,0.99424
9.85000,0.48000,0.01150,0.98850
9.87000,0.48000,0.00676,0.99324
9.89000,0.48000,0.00743,0.99257
9.91000,0.48000,0.00637,0.99363
9.93000,0.48000,0.00911,0.99089
9.95000,0.48000,0.00696,0.99304
9.97000,0.48000,0.00700,0.99300
9.99000,0.48000,0.00859,0.99141
10.01000,0.48000,0.00741,0.99259
10.03000,0.48000,0.00454,0.99546
10.05000,0.48000,0.01152,0.98848
10.07000,0.48000,0.00461,0.99539
10.09000,0.48000,0.00778,0.99222
10.11000,0.48000,0.00282,0.99718
10.13000,0.48000,0.00789,0.99211
10.15000,0.48000,0.00291,0.99709
10.17000,0.48000,0.00942,0.99058
10.19000,0.48000,0.00799,0.99201
10.21000,0.48000,0.01935,0.98065
10.23000,0.48000,0.00732,0.99268
10.25000,0.48000,0.00840,0.99160
10.27000,0.48000,0.00814,0.99186
10.29000,0.48000,0.01241,0.98759
10.31000,0.48000,0.00546,0.99454
10.33000,0.48000,0.01198,0.98802
10.35000,0.48000,0.00447,0.99553
10.37000,0.48000,0.00547,0.99453
10.39000,0.48000,0.00499,0.99501
10.41000,0.48000,0.01081,0.98919
10.43000,0.48000,0.00552,0.99448
10.45000,0.48000,0.00881,0.99119
10.47000,0.48000,0.00469,0.99531
10.49000,0.48000,0.00602,0.99398
10.51000,0.48000,0.00944,0.99056
10.53000,0.48000,0.01611,0.98389
10.55000,0.48000,0.00491,0.99509
10.57000,0.48000,0.00882,0.99118
10.59000,0.48000,0.00658,0.99342
10.61000,0.48000,0.00498,0.99502
10.63000,0.48000,0.00797,0.99203
10.65000,0.48000,0.00527,0.99473
10.67000,0.48000,0.00869,0.99131
10.69000,0.48000,0.00569,0.99431
10.71000,0.48000,0.00661,0.99339
10.73000,0.48000,0.00693,0.99307
10.75000,0.48000,0.00429,0.99571
10.77000,0.48000,0.00795,0.99205
10.79000,0.48000,0.00382,0.99618
10.81000,0.48000,0.00629,0.99371
10.83000,0.48000,0.00327,0.99673
10.85000,0.48000,0.01123,0.98877
10.87000,0.48000,0.00456,0.99544
10.89000,0.48000,0.00631,0.99369
10.91000,0.48000,0.00403,0.99597
10.93000,0.48000,0.00342,0.99658
10.95000,0.48000,0.00320,0.99680
10.97000,0.48000,0.00542,0.99458
10.99000,0.48000,0.00545,0.99455
11.01000,0.48000,0.00466,0.99534
11.03000,0.48000,0.00845,0.99155
11.05000,0.48000,0.00604,0.99396
11.07000,0.48000,0.00904,0.99096
11.09000,0.48000,0.00584,0.99416
11.11000,0.48000,0.01561,0.98439
11.13000,0.48000,0.00723,0.99277
11.15000,0.48000,0.01679,0.98321
11.17000,0.48000,0.00455,0.99545
11.19000,0.48000,0.02246,0.97754
11.21000,0.48000,0.00498,0.99502
11.23000,0.48000,0.01163,0.98837
11.25000,0.48000,0.00487,0.99513
11.27000,0.48000,0.02608,0.97392
11.29000,0.48000,0.00692,0.99308
11.31000,0.48000,0.02929,0.97071
11.33000,0.48000,0.00670,0.99330
11.35000,0.48000,0.04162,0.95838
11.37000,0.48000,0.01107,0.98893
11.39000,0.48000,0.02943,0.97057
11.41000,0.48000,0.01024,0.98976
11.43000,0.48000,0.02238,0.97762
11.45000,0.48000,0.01229,0.98771
11.47000,0.48000,0.01350,0.98650
11.49000,0.48000,0.01152,0.98848
11.51000,0.48000,0.01450,0.98550
11.53000,0.48000,0.01032,0.98968
11.55000,0.48000,0.01205,0.98795
11.57000,0.48000,0.00876,0.99124
11.59000,0.48000,0.00736,0.99264
11.61000,0.48000,0.00601,0.99399
11.63000,0.48000,0.00964,0.99036
11.65000,0.48000,0.00785,0.99215
11.67000,0.48000,0.02118,0.97882
11.69000,0.48000,0.00606,0.99394
11.71000,0.48000,0.01101,0.98899
11.73000,0.48000,0.00594,0.99406
11.75000,0.48000,0.01393,0.98607
11.77000,0.48000,0.01157,0.98843
11.79000,0.48000,0.00801,0.99199
11.81000,0.48000,0.01007,0.98993
11.83000,0.48000,0.00902,0.99098
11.85000,0.48000,0.00832,0.99168
11.87000,0.48000,0.00586,0.99414
11.89000,0.48000,0.01079,0.98921
11.91000,0.48000,0.01017,0.98983
11.93000,0.48000,0.02778,0.97222
11.95000,0.48000,0.01954,0.98046
11.97000,0.48000,0.13017,0.86983
11.99000,0.48000,0.05842,0.94158
12.01000,0.48000,0.21850,0.78150
12.03000,0.48000,0.16982,0.83018
12.05000,0.48000,0.45548,0.54452
12.07000,0.48000,0.18684,0.81316
12.09000,0.48000,0.37168,0.62832
12.11000,0.48000,0.20066,0.79934
12.13000,0.48000,0.42288,0.57712
12.15000,0.48000,0.09654,0.90346
12.17000,0.48000,0.27019,0.72981
12.19000,0.48000,0.18711,0.81289
12.21000,0.48000,0.41187,0.58813
12.23000,0.48000,0.19372,0.80628
12.25000,0.48000,0.62598,0.37402
12.27000,0.48000,0.54197,0.45803
12.29000,0.48000,0.87397,0.12603
12.31000,0.48000,0.54273,0.45727
12.33000,0.48000,0.86998,0.13002
12.35000,0.48000,0.58641,0.41359
12.37000,0.48000,0.58807,0.41193
12.39000,0.48000,0.65944,0.34056
12.41000,0.48000,0.64200,0.35800
12.43000,0.48000,0.56778,0.43222
12.45000,0.48000,0.68083,0.31917
12.47000,0.48000,0.63999,0.36001
12.49000,0.48000,0.68494,0.31506
12.51000,0.48000,0.59242,0.40758
12.53000,0.48000,0.77957,0.22043
12.55000,0.48000,0.76533,0.23467
12.57000,0.48000,0.64990,0.35010
12.59000,0.48000,0.67836,0.32164
12.61000,0.48000,0.42705,0.57295
12.63000,0.48000,0.79425,0.20575
12.65000,0.48000,0.76654,0.23346
12.67000,0.48000,0.80470,0.19530
12.69000,0.48000,0.83992,0.16008
12.71000,0.48000,0.86154,0.13846
12.73000,0.48000,0.78129,0.21871
12.75000,0.48000,0.84441,0.15559
12.77000,0.48000,0.92325,0.07675
12.79000,0.48000,0.90417,0.09583
12.81000,0.48000,0.91792,0.08208
12.83000,0.48000,0.95396,0.04604
12.85000,0.48000,0.97247,0.02753
12.87000,0.48000,0.91417,0.08583
12.89000,0.48000,0.98093,0.01907
12.91000,0.48000,0.94569,0.05431
12.93000,0.48000,0.98255,0.01745
12.95000,0.48000,0.96135,0.03865
12.97000,0.48000,0.95885,0.04115
12.99000,0.48000,0.96683,0.03317
13.01000,0.48000,0.98289,0.01711
13.03000,0.48000,0.95558,0.04442
13.05000,0.48000,0.97934,0.02066
13.07000,0.48000,0.96620,0.03380
13.09000,0.48000,0.95509,0.04491
13.11000,0.48000,0.94138,0.05862
13.13000,0.48000,0.97120,0.02880
13.15000,0.48000,0.95635,0.04365
13.17000,0.48000,0.96986,0.03014
13.19000,0.48000,0.97980,0.02020
13.21000,0.48000,0.97020,0.02980
13.23000,0.48000,0.97304,0.02696
13.25000,0.48000,0.98366,0.01634
13.27000,0.48000,0.97464,0.02536
13.29000,0.48000,0.98988,0.01012
13.31000,0.48000,0.98468,0.01532
13.33000,0.48000,0.97595,0.02405
13.35000,0.48000,0.97327,0.02673
13.37000,0.48000,0.97067,0.02933
13.39000,0.48000,0.98916,0.01084
13.41000,0.48000,0.98710,0.01290
13.43000,0.48000,0.99035,0.00965
13.45000,0.48000,0.98955,0.01045
13.47000,0.48000,0.97256,0.02744
13.49000,0.48000,0.97822,0.02178
13.51000,0.48000,0.97339,0.02661
13.53000,0.48000,0.98055,0.01945
13.55000,0.48000,0.98436,0.01564
13.57000,0.48000,0.97415,0.02585
13.59000,0.48000,0.98943,0.01057
13.61000,0.48000,0.98794,0.01206
13.63000,0.48000,0.96603,0.03397
13.65000,0.48000,0.98571,0.01429
13.67000,0.48000,0.97055,0.02945
13.69000,0.48000,0.97769,0.02231
13.71000,0.48000,0.98196,0.01804
13.73000,0.48000,0.97724,0.02276
13.75000,0.48000,0.97249,0.02751
13.77000,0.48000,0.96135,0.03865
13.79000,0.48000,0.95005,0.04995
13.81000,0.48000,0.95910,0.04090
13.83000,0.48000,0.97219,0.02781
13.85000,0.48000,0.93414,0.06586
13.87000,0.48000,0.97083,0.02917
13.89000,0.48000,0.97966,0.02034
13.91000,0.48000,0.98794,0.01206
13.93000,0.48000,0.94745,0.05255
13.95000,0.48000,0.99099,0.00901
13.97000,0.48000,0.98381,0.01619
13.99000,0.48000,0.98856,0.01144
14.01000,0.48000,0.97681,0.02319
14.03000,0.48000,0.94650,0.05350
14.05000,0.48000,0.96614,0.03386
14.07000,0.48000,0.94591,0.05409
14.09000,0.48000,0.97517,0.02483
14.11000,0.48000,0.96915,0.03085
14.13000,0.48000,0.97900,0.02100
14.15000,0.48000,0.94514,0.05486
14.17000,0.48000,0.98818,0.01182
14.19000,0.48000,0.95071,0.04929
14.21000,0.48000,0.98560,0.01440
14.23000,0.48000,0.96471,0.03529
14.25000,0.48000,0.98700,0.01300
14.27000,0.48000,0.96930,0.03070
14.29000,0.48000,0.97710,0.02290
14.31000,0.48000,0.92627,0.07373
14.33000,0.48000,0.98469,0.01531
14.35000,0.48000,0.95410,0.04590
14.37000,0.48000,0.98738,0.01262
14.39000,0.48000,0.97976,0.02024
14.41000,0.48000,0.98645,0.01355
14.43000,0.48000,0.97836,0.02164
14.45000,0.48000,0.98930,0.01070
14.47000,0.48000,0.98650,0.01350
14.49000,0.48000,0.97170,0.02830
14.51000,0.48000,0.99093,0.00907
14.53000,0.48000,0.98749,0.01251
14.55000,0.48000,0.98415,0.01585
14.57000,0.48000,0.97982,0.02018
14.59000,0.48000,0.98888,0.01112
14.61000,0.48000,0.98314,0.01686
14.63000,0.48000,0.98385,0.01615
14.65000,0.48000,0.93464,0.06536
14.67000,0.48000,0.98914,0.01086
14.69000,0.48000,0.98255,0.01745
14.71000,0.48000,0.98843,0.01157
14.73000,0.48000,0.98394,0.01606
14.75000,0.48000,0.97748,0.02252
14.77000,0.48000,0.99001,0.00999
14.79000,0.48000,0.98873,0.01127
14.81000,0.48000,0.98948,0.01052
14.83000,0.48000,0.98514,0.01486
14.85000,0.48000,0.98600,0.01400
14.87000,0.48000,0.98361,0.01639
14.89000,0.48000,0.99100,0.00900
14.91000,0.48000,0.97641,0.02359
14.93000,0.48000,0.98736,0.01264
14.95000,0.48000,0.98554,0.01446
14.97000,0.48000,0.96420,0.03580
14.99000,0.48000,0.96513,0.03487
15.01000,0.48000,0.96593,0.03407
15.03000,0.48000,0.96953,0.03047
15.05000,0.48000,0.96898,0.03102
15.07000,0.48000,0.98223,0.01777
15.09000,0.48000,0.94642,0.05358
15.11000,0.48000,0.97475,0.02525
15.13000,0.48000,0.97225,0.02775
15.15000,0.48000,0.98355,0.01645
15.17000,0.48000,0.97217,0.02783
15.19000,0.48000,0.96492,0.03508
15.21000,0.48000,0.95962,0.04038
15.23000,0.48000,0.93471,0.06529
15.25000,0.48000,0.59859,0.40141
15.27000,0.48000,0.66657,0.33343
15.29000,0.48000,0.56860,0.43140
15.31000,0.48000,0.92757,0.07243
15.33000,0.48000,0.72770,0.27230
15.35000,0.48000,0.92462,0.07538
15.37000,0.48000,0.56496,0.43504
15.39000,0.48000,0.94200,0.05800
15.41000,0.48000,0.57793,0.42207
15.43000,0.48000,0.93534,0.06466
15.45000,0.48000,0.43220,0.56780
15.47000,0.48000,0.89593,0.10407
15.49000,0.48000,0.37070,0.62930
15.51000,0.48000,0.71077,0.28923
15.53000,0.48000,0.25735,0.74265
15.55000,0.48000,0.59006,0.40994
15.57000,0.48000,0.17847,0.82153
15.59000,0.48000,0.48004,0.51996
15.61000,0.48000,0.04316,0.95684
15.63000,0.48000,0.01806,0.98194
15.65000,0.48000,0.00239,0.99761
15.67000,0.48000,0.00574,0.99426
15.69000,0.48000,0.00115,0.99885
15.71000,0.48000,0.00452,0.99548
15.73000,0.48000,0.00181,0.99819
15.75000,0.48000,0.00262,0.99738
15.77000,0.48000,0.00140,0.99860
15.79000,0.48000,0.00089,0.99911
15.81000,0.48000,0.00305,0.99695
15.83000,0.48000,0.00149,0.99851
15.85000,0.48000,0.00145,0.99855
15.87000,0.48000,0.00139,0.99861
15.89000,0.48000,0.00244,0.99756
15.91000,0.48000,0.00235,0.99765
15.93000,0.48000,0.00289,0.99711
15.95000,0.48000,0.00099,0.99901
15.97000,0.48000,0.00238,0.99762
15.99000,0.48000,0.00111,0.99889
16.01000,0.48000,0.00319,0.99681
16.03000,0.48000,0.00067,0.99933
16.05000,0.48000,0.00306,0.99694
16.07000,0.48000,0.00103,0.99897
16.09000,0.48000,0.00669,0.99331
16.11000,0.48000,0.00122,0.99878
16.13000,0.48000,0.00550,0.99450
16.15000,0.48000,0.00188,0.99812
16.17000,0.48000,0.00562,0.99438
16.19000,0.48000,0.00150,0.99850
16.21000,0.48000,0.00286,0.99714
16.23000,0.48000,0.00250,0.99750
16.25000,0.48000,0.00496,0.99504
16.27000,0.48000,0.00253,0.99747
16.29000,0.48000,0.00807,0.99193
16.31000,0.48000,0.00401,0.99599
16.33000,0.48000,0.00951,0.99049
16.35000,0.48000,0.00394,0.99606
16.37000,0.48000,0.00774,0.99226
16.39000,0.48000,0.00405,0.99595
16.41000,0.48000,0.00457,0.99543
16.43000,0.48000,0.01033,0.98967
16.45000,0.48000,0.00788,0.99212
16.47000,0.48000,0.00605,0.99395
16.49000,0.48000,0.00744,0.99256
16.51000,0.48000,0.00593,0.99407
16.53000,0.48000,0.01605,0.98395
16.55000,0.48000,0.00677,0.99323
16.57000,0.48000,0.01591,0.98409
16.59000,0.48000,0.01059,0.98941
16.61000,0.48000,0.01728,0.98272
16.63000,0.48000,0.01755,0.98245
16.65000,0.48000,0.01607,0.98393
16.67000,0.48000,0.00930,0.99070
16.69000,0.48000,0.01451,0.98549
16.71000,0.48000,0.00852,0.99148
16.73000,0.48000,0.00851,0.99149
16.75000,0.48000,0.00542,0.99458
16.77000,0.48000,0.00762,0.99238
16.79000,0.48000,0.00631,0.99369
16.81000,0.48000,0.01109,0.98891
16.83000,0.48000,0.01038,0.98962
16.85000,0.48000,0.00759,0.99241
16.87000,0.48000,0.00788,0.99212
16.89000,0.48000,0.01195,0.98805
16.91000,0.48000,0.01155,0.98845
16.93000,0.48000,0.00590,0.99410
16.95000,0.48000,0.00748,0.99252
16.97000,0.48000,0.00463,0.99537
16.99000,0.48000,0.00804,0.99196
17.01000,0.48000,0.00652,0.99348
17.03000,0.48000,0.00812,0.99188
17.05000,0.48000,0.00371,0.99629
17.07000,0.48000,0.00691,0.99309
17.09000,0.48000,0.00405,0.99595
17.11000,0.48000,0.00920,0.99080
17.13000,0.48000,0.00482,0.99518
17.15000,0.48000,0.03000,0.97000
17.17000,0.48000,0.02807,0.97193
17.19000,0.48000,0.00854,0.99146
17.21000,0.48000,0.01283,0.98717
17.23000,0.48000,0.00787,0.99213
17.25000,0.48000,0.00427,0.99573
17.27000,0.48000,0.00359,0.99641
17.29000,0.48000,0.00523,0.99477
17.31000,0.48000,0.00880,0.99120
17.33000,0.48000,0.00489,0.99511
17.35000,0.48000,0.01084,0.98916
17.37000,0.48000,0.00554,0.99446
17.39000,0.48000,0.01221,0.98779
17.41000,0.48000,0.01438,0.98562
17.43000,0.48000,0.00593,0.99407
17.45000,0.48000,0.00541,0.99459
17.47000,0.48000,0.00802,0.99198
17.49000,0.48000,0.00474,0.99526
17.51000,0.48000,0.00671,0.99329
17.53000,0.48000,0.00496,0.99504
17.55000,0.48000,0.01386,0.98614
17.57000,0.48000,0.01076,0.98924
17.59000,0.48000,0.00751,0.99249
17.61000,0.48000,0.01749,0.98251
17.63000,0.48000,0.01293,0.98707
17.65000,0.48000,0.01688,0.98312
17.67000,0.48000,0.01143,0.98857
17.69000,0.48000,0.01747,0.98253
17.71000,0.48000,0.00466,0.99534
17.73000,0.48000,0.03359,0.96641
17.75000,0.48000,0.01547,0.98453
17.77000,0.48000,0.06848,0.93152
17.79000,0.48000,0.01423,0.98577
17.81000,0.48000,0.02328,0.97672
17.83000,0.48000,0.00630,0.99370
17.85000,0.48000,0.01546,0.98454
17.87000,0.48000,0.00515,0.99485
17.89000,0.48000,0.01890,0.98110
17.91000,0.48000,0.00251,0.99749
17.93000,0.48000,0.00925,0.99075
17.95000,0.48000,0.00381,0.99619
17.97000,0.48000,0.01642,0.98358
17.99000,0.48000,0.00137,0.99863
18.01000,0.48000,0.00726,0.99274
18.03000,0.48000,0.00339,0.99661
18.05000,0.48000,0.00646,0.99354
18.07000,0.48000,0.00265,0.99735
18.09000,0.48000,0.01229,0.98771
18.11000,0.48000,0.00341,0.99659
18.13000,0.48000,0.01577,0.98423
18.15000,0.48000,0.00450,0.99550
18.17000,0.48000,0.01966,0.98034
18.19000,0.48000,0.00521,0.99479
18.21000,0.48000,0.01936,0.98064
18.23000,0.48000,0.00568,0.99432
18.25000,0.48000,0.02125,0.97874
18.27000,0.48000,0.00668,0.99332
18.29000,0.48000,0.03358,0.96642
18.31000,0.48000,0.01101,0.98899
18.33000,0.48000,0.03532,0.96468
18.35000,0.48000,0.01563,0.98437
18.37000,0.48000,0.01423,0.98577
18.39000,0.48000,0.01057,0.98943
18.41000,0.48000,0.01882,0.98118
18.43000,0.48000,0.00747,0.99253
18.45000,0.48000,0.00690,0.99310
18.47000,0.48000,0.00483,0.99517
18.49000,0.48000,0.01529,0.98471
18.51000,0.48000,0.00565,0.99435
18.53000,0.48000,0.01781,0.98219
18.55000,0.48000,0.00713,0.99287
18.57000,0.48000,0.00923,0.99077
18.59000,0.48000,0.00996,0.99004
18.61000,0.48000,0.01394,0.98606
18.63000,0.48000,0.01645,0.98355
18.65000,0.48000,0.03277,0.96723
18.67000,0.48000,0.02856,0.97144
18.69000,0.48000,0.02317,0.97683
18.71000,0.48000,0.00423,0.99577
18.73000,0.48000,0.00878,0.99122
18.75000,0.48000,0.00540,0.99460
18.77000,0.48000,0.01141,0.98859
18.79000,0.48000,0.00460,0.99540
18.81000,0.48000,0.00454,0.99546
18.83000,0.48000,0.00322,0.99678
18.85000,0.48000,0.00280,0.99720
18.87000,0.48000,0.00173,0.99827
18.89000,0.48000,0.00264,0.99736
18.91000,0.48000,0.00226,0.99774
18.93000,0.48000,0.00236,0.99764
18.95000,0.48000,0.00206,0.99794
18.97000,0.48000,0.00115,0.99885
18.99000,0.48000,0.00217,0.99783
19.01000,0.48000,0.00130,0.99870
19.03000,0.48000,0.00131,0.99869
19.05000,0.48000,0.00109,0.99891
19.07000,0.48000,0.00180,0.99820
19.09000,0.48000,0.00419,0.99581
19.11000,0.48000,0.00578,0.99422
19.13000,0.48000,0.00412,0.99588
19.15000,0.48000,0.00495,0.99505
19.17000,0.48000,0.00301,0.99699
19.19000,0.48000,0.00660,0.99340
19.21000,0.48000,0.00329,0.99671
19.23000,0.48000,0.00953,0.99047
19.25000,0.48000,0.00280,0.99720
19.27000,0.48000,0.01174,0.98826
19.29000,0.48000,0.00379,0.99621
19.31000,0.48000,0.00646,0.99354
19.33000,0.48000,0.00515,0.99485
19.35000,0.48000,0.00563,0.99437
19.37000,0.48000,0.00494,0.99506
19.39000,0.48000,0.00499,0.99501
19.41000,0.48000,0.00749,0.99251
19.43000,0.48000,0.00283,0.99717
19.45000,0.48000,0.00232,0.99768
19.47000,0.48000,0.00356,0.99644
19.49000,0.48000,0.00710,0.99290
19.51000,0.48000,0.00472,0.99528
19.53000,0.48000,0.00655,0.99345
19.55000,0.48000,0.00377,0.99623
19.57000,0.48000,0.00415,0.99585
19.59000,0.48000,0.00519,0.99481
19.61000,0.48000,0.00483,0.99517
19.63000,0.48000,0.00336,0.99664
19.65000,0.48000,0.00833,0.99167
19.67000,0.48000,0.00327,0.99673
19.69000,0.48000,0.00346,0.99654
19.71000,0.48000,0.00280,0.99720
19.73000,0.48000,0.00554,0.99446
19.75000,0.48000,0.00159,0.99841
19.77000,0.48000,0.00183,0.99817
19.79000,0.48000,0.00237,0.99763
19.81000,0.48000,0.00188,0.99812
19.83000,0.48000,0.00724,0.99276
19.85000,0.48000,0.00138,0.99862
19.87000,0.48000,0.01137,0.98863
19.89000,0.48000,0.00553,0.99447
19.91000,0.48000,0.01797,0.98203
19.93000,0.48000,0.00332,0.99668
19.95000,0.48000,0.02061,0.97939
19.97000,0.48000,0.00512,0.99488
19.99000,0.48000,0.01322,0.98678
20.01000,0.48000,0.00344,0.99656
20.03000,0.48000,0.01986,0.98014
20.05000,0.48000,0.00495,0.99505
20.07000,0.48000,0.01293,0.98707
20.09000,0.48000,0.01128,0.98872
20.11000,0.48000,0.02426,0.97574
20.13000,0.48000,0.02340,0.97660
20.15000,0.48000,0.03652,0.96348
20.17000,0.48000,0.04826,0.95174
20.19000,0.48000,0.05408,0.94592
20.21000,0.48000,0.06257,0.93743
20.23000,0.48000,0.02054,0.97946
20.25000,0.48000,0.05215,0.94785
20.27000,0.48000,0.06190,0.93810
20.29000,0.48000,0.06437,0.93563
20.31000,0.48000,0.05438,0.94562
20.33000,0.48000,0.08743,0.91257
20.35000,0.48000,0.07056,0.92944
20.37000,0.48000,0.40395,0.59605
20.39000,0.48000,0.10080,0.89920
20.41000,0.48000,0.59545,0.40455
20.43000,0.48000,0.29964,0.70036
20.45000,0.48000,0.50317,0.49683
20.47000,0.48000,0.34613,0.65387
20.49000,0.48000,0.80351,0.19649
20.51000,0.48000,0.64565,0.35435
20.53000,0.48000,0.91405,0.08595
20.55000,0.48000,0.84115,0.15885
20.57000,0.48000,0.83584,0.16416
20.59000,0.48000,0.89471,0.10529
20.61000,0.48000,0.92170,0.07830
20.63000,0.48000,0.87366,0.12634
20.65000,0.48000,0.80753,0.19247
20.67000,0.48000,0.89796,0.10204
20.69000,0.48000,0.81540,0.18460
20.71000,0.48000,0.75274,0.24726
20.73000,0.48000,0.87633,0.12367
20.75000,0.48000,0.80073,0.19927
20.77000,0.48000,0.82657,0.17343
20.79000,0.48000,0.81046,0.18954
20.81000,0.48000,0.63139,0.36861
20.83000,0.48000,0.74495,0.25505
20.85000,0.48000,0.58960,0.41040
20.87000,0.48000,0.63204,0.36796
20.89000,0.48000,0.74858,0.25142
20.91000,0.48000,0.79295,0.20705
20.93000,0.48000,0.67273,0.32727
20.95000,0.48000,0.83588,0.16412
20.97000,0.48000,0.61585,0.38415
20.99000,0.48000,0.84060,0.15940
21.01000,0.48000,0.89723,0.10277
21.03000,0.48000,0.88208,0.11792
21.05000,0.48000,0.74104,0.25896
21.07000,0.48000,0.75919,0.24081
21.09000,0.48000,0.83077,0.16923
21.11000,0.48000,0.68229,0.31771
21.13000,0.48000,0.69634,0.30366
21.15000,0.48000,0.88476,0.11524
21.17000,0.48000,0.72512,0.27488
21.19000,0.48000,0.91935,0.08065
21.21000,0.48000,0.78097,0.21903
21.23000,0.48000,0.90132,0.09868
21.25000,0.48000,0.92031,0.07969
21.27000,0.48000,0.96275,0.03725
21.29000,0.48000,0.91516,0.08484
21.31000,0.48000,0.97366,0.02634
21.33000,0.48000,0.96221,0.03779
21.35000,0.48000,0.98258,0.01742
21.37000,0.48000,0.95899,0.04101
21.39000,0.48000,0.98796,0.01204
21.41000,0.48000,0.95820,0.04180
21.43000,0.48000,0.97754,0.02246
21.45000,0.48000,0.96772,0.03228
21.47000,0.48000,0.95940,0.04060
21.49000,0.48000,0.97577,0.02423
21.51000,0.48000,0.95555,0.04445
21.53000,0.48000,0.96468,0.03532
21.55000,0.48000,0.95830,0.04170
21.57000,0.48000,0.96710,0.03290
21.59000,0.48000,0.94662,0.05338
21.61000,0.48000,0.98171,0.01829
21.63000,0.48000,0.95919,0.04081
21.65000,0.48000,0.95982,0.04018
21.67000,0.48000,0.96676,0.03324
21.69000,0.48000,0.98508,0.01492
21.71000,0.48000,0.95053,0.04947
21.73000,0.48000,0.97784,0.02216
21.75000,0.48000,0.93335,0.06665
21.77000,0.48000,0.97952,0.02048
21.79000,0.48000,0.94036,0.05964
21.81000,0.48000,0.97177,0.02823
21.83000,0.48000,0.96967,0.03033
21.85000,0.48000,0.91026,0.08974
21.87000,0.48000,0.89466,0.10534
21.89000,0.48000,0.93585,0.06415
21.91000,0.48000,0.91671,0.08329
21.93000,0.48000,0.93772,0.06228
21.95000,0.48000,0.67516,0.32484
21.97000,0.48000,0.54193,0.45807
21.99000,0.48000,0.44691,0.55309
22.01000,0.48000,0.58580,0.41420
22.03000,0.48000,0.53479,0.46521
22.05000,0.48000,0.34742,0.65258
22.07000,0.48000,0.71481,0.28519
22.09000,0.48000,0.33886,0.66114
22.11000,0.48000,0.36934,0.63066
22.13000,0.48000,0.31166,0.68834
22.15000,0.48000,0.57180,0.42820
22.17000,0.48000,0.24998,0.75002
22.19000,0.48000,0.27010,0.72990
22.21000,0.48000,0.16817,0.83183
22.23000,0.48000,0.22008,0.77992
22.25000,0.48000,0.10519,0.89481
22.27000,0.48000,0.16538,0.83462
22.29000,0.48000,0.06309,0.93691
22.31000,0.48000,0.02905,0.97095
22.33000,0.48000,0.01211,0.98789
22.35000,0.48000,0.00866,0.99134
22.37000,0.48000,0.00223,0.99777
22.39000,0.48000,0.00681,0.99319
22.41000,0.48000,0.00443,0.99557
22.43000,0.48000,0.00320,0.99680
22.45000,0.48000,0.00274,0.99726
22.47000,0.48000,0.00628,0.99372
22.49000,0.48000,0.00297,0.99703
22.51000,0.48000,0.01260,0.98740
22.53000,0.48000,0.00249,0.99751
22.55000,0.48000,0.01193,0.98807
22.57000,0.48000,0.00617,0.99383
22.59000,0.48000,0.01922,0.98078
22.61000,0.48000,0.00145,0.99855
22.63000,0.48000,0.00784,0.99216
22.65000,0.48000,0.00087,0.99913
22.67000,0.48000,0.00242,0.99758
22.69000,0.48000,0.00026,0.99974
22.71000,0.48000,0.00203,0.99797
22.73000,0.48000,0.00023,0.99977
22.75000,0.48000,0.00097,0.99903
22.77000,0.48000,0.00024,0.99976
22.79000,0.48000,0.00154,0.99846
22.81000,0.48000,0.00102,0.99898
22.83000,0.48000,0.00098,0.99902
22.85000,0.48000,0.00097,0.99903
22.87000,0.48000,0.00091,0.99909
22.89000,0.48000,0.00064,0.99936
22.91000,0.48000,0.00116,0.99884
22.93000,0.48000,0.00093,0.99907
22.95000,0.48000,0.00122,0.99878
22.97000,0.48000,0.00081,0.99919
22.99000,0.48000,0.00086,0.99914
23.01000,0.48000,0.00197,0.99803
23.03000,0.48000,0.00092,0.99908
23.05000,0.48000,0.00157,0.99843
23.07000,0.48000,0.00457,0.99543
23.09000,0.48000,0.00362,0.99638
23.11000,0.48000,0.00902,0.99098
23.13000,0.48000,0.00584,0.99416
23.15000,0.48000,0.01315,0.98685
23.17000,0.48000,0.00397,0.99603
23.19000,0.48000,0.00961,0.99039
23.21000,0.48000,0.00618,0.99382
23.23000,0.48000,0.00906,0.99094
23.25000,0.48000,0.00320,0.99679
23.27000,0.48000,0.00585,0.99415
23.29000,0.48000,0.00616,0.99384
23.31000,0.48000,0.00368,0.99632
23.33000,0.48000,0.00985,0.99015
23.35000,0.48000,0.00370,0.99630
23.37000,0.48000,0.00827,0.99173
23.39000,0.48000,0.00351,0.99649
23.41000,0.48000,0.01621,0.98379
23.43000,0.48000,0.00155,0.99845
23.45000,0.48000,0.00733,0.99267
23.47000,0.48000,0.00277,0.99723
23.49000,0.48000,0.00922,0.99078
23.51000,0.48000,0.00185,0.99815
23.53000,0.48000,0.00863,0.99137
23.55000,0.48000,0.00185,0.99815
23.57000,0.48000,0.01008,0.98992
23.59000,0.48000,0.00162,0.99838
23.61000,0.48000,0.00598,0.99402
23.63000,0.48000,0.00298,0.99702
23.65000,0.48000,0.00828,0.99172
23.67000,0.48000,0.00415,0.99585
23.69000,0.48000,0.00842,0.99158
23.71000,0.48000,0.00462,0.99538
23.73000,0.48000,0.01010,0.98990
23.75000,0.48000,0.00972,0.99028
23.77000,0.48000,0.00406,0.99594
23.79000,0.48000,0.00943,0.99057
23.81000,0.48000,0.02018,0.97982
23.83000,0.48000,0.01100,0.98900
23.85000,0.48000,0.00464,0.99536
23.87000,0.48000,0.01027,0.98973
23.89000,0.48000,0.01039,0.98961
23.91000,0.48000,0.01331,0.98669
23.93000,0.48000,0.00765,0.99235
23.95000,0.48000,0.02241,0.97759
23.97000,0.48000,0.03080,0.96920
23.99000,0.48000,0.08283,0.91717
24.01000,0.48000,0.07619,0.92381
24.03000,0.48000,0.05032,0.94968
24.05000,0.48000,0.04812,0.95188
24.07000,0.48000,0.09700,0.90300
24.09000,0.48000,0.02544,0.97456
24.11000,0.48000,0.00951,0.99049
24.13000,0.48000,0.01801,0.98199
24.15000,0.48000,0.01344,0.98656
24.17000,0.48000,0.02028,0.97972
24.19000,0.48000,0.02944,0.97056
24.21000,0.48000,0.03716,0.96284
24.23000,0.48000,0.05556,0.94444
24.25000,0.48000,0.02061,0.97939
24.27000,0.48000,0.02045,0.97955
24.29000,0.48000,0.04664,0.95336
24.31000,0.48000,0.01630,0.98370
24.33000,0.48000,0.04980,0.95020
24.35000,0.48000,0.04304,0.95696
24.37000,0.48000,0.02353,0.97647
24.39000,0.48000,0.01901,0.98099
24.41000,0.48000,0.00802,0.99198
24.43000,0.48000,0.01161,0.98839
24.45000,0.48000,0.01073,0.98927
24.47000,0.48000,0.02202,0.97798
24.49000,0.48000,0.03948,0.96052
24.51000,0.48000,0.03885,0.96115
24.53000,0.48000,0.03051,0.96949
24.55000,0.48000,0.02109,0.97891
24.57000,0.48000,0.01994,0.98006
24.59000,0.48000,0.01774,0.98226
24.61000,0.48000,0.01263,0.98737
24.63000,0.48000,0.01195,0.98805
24.65000,0.48000,0.00916,0.99084
24.67000,0.48000,0.01420,0.98580
24.69000,0.48000,0.00882,0.99118
24.71000,0.48000,0.01836,0.98163
24.73000,0.48000,0.00641,0.99359
24.75000,0.48000,0.00645,0.99355
24.77000,0.48000,0.01235,0.98765
24.79000,0.48000,0.01098,0.98902
24.81000,0.48000,0.00574,0.99426
24.83000,0.48000,0.01105,0.98895
24.85000,0.48000,0.00805,0.99195
24.87000,0.48000,0.00438,0.99562
24.89000,0.48000,0.00991,0.99009
24.91000,0.48000,0.00614,0.99386
24.93000,0.48000,0.00588,0.99412
24.95000,0.48000,0.00552,0.99448
24.97000,0.48000,0.00591,0.99409
24.99000,0.48000,0.00875,0.99125
25.01000,0.48000,0.00657,0.99343
25.03000,0.48000,0.00892,0.99108
25.05000,0.48000,0.01420,0.98580
25.07000,0.48000,0.02705,0.97295
25.09000,0.48000,0.00972,0.99028
25.11000,0.48000,0.02511,0.97489
25.13000,0.48000,0.00468,0.99532
25.15000,0.48000,0.01617,0.98383
25.17000,0.48000,0.00437,0.99563
25.19000,0.48000,0.01620,0.98380
25.21000,0.48000,0.00688,0.99312
25.23000,0.48000,0.01480,0.98520
25.25000,0.48000,0.01083,0.98917
25.27000,0.48000,0.01962,0.98038
25.29000,0.48000,0.01073,0.98927
25.31000,0.48000,0.06999,0.93001
25.33000,0.48000,0.03835,0.96165
25.35000,0.48000,0.05995,0.94005
25.37000,0.48000,0.03441,0.96559
25.39000,0.48000,0.01883,0.98117
25.41000,0.48000,0.01493,0.98507
25.43000,0.48000,0.01320,0.98680
25.45000,0.48000,0.02269,0.97731
25.47000,0.48000,0.01053,0.98947
25.49000,0.48000,0.01099,0.98901
25.51000,0.48000,0.00253,0.99747
25.53000,0.48000,0.00964,0.99036
25.55000,0.48000,0.00674,0.99326
25.57000,0.48000,0.00492,0.99508
25.59000,0.48000,0.01066,0.98934
25.61000,0.48000,0.00723,0.99277
25.63000,0.48000,0.01019,0.98981
25.65000,0.48000,0.00335,0.99665
25.67000,0.48000,0.00495,0.99505
25.69000,0.48000,0.00351,0.99649
25.71000,0.48000,0.00482,0.99518
25.73000,0.48000,0.00208,0.99792
25.75000,0.48000,0.00167,0.99833
25.77000,0.48000,0.00562,0.99438
25.79000,0.48000,0.00292,0.99708
25.81000,0.48000,0.00174,0.99826
25.83000,0.48000,0.00363,0.99637
25.85000,0.48000,0.00185,0.99815
25.87000,0.48000,0.00177,0.99823
25.89000,0.48000,0.00061,0.99939
25.91000,0.48000,0.00080,0.99920
25.93000,0.48000,0.00154,0.99846
25.95000,0.48000,0.00076,0.99924
25.97000,0.48000,0.00080,0.99920
25.99000,0.48000,0.00019,0.99981
26.01000,0.48000,0.00551,0.99449
26.03000,0.48000,0.00080,0.99920
26.05000,0.48000,0.00540,0.99460
26.07000,0.48000,0.00166,0.99834
26.09000,0.48000,0.01715,0.98285
26.11000,0.48000,0.00591,0.99409
26.13000,0.48000,0.00711,0.99289
26.15000,0.48000,0.00313,0.99687
26.17000,0.48000,0.01094,0.98906
26.19000,0.48000,0.00647,0.99353
26.21000,0.48000,0.00657,0.99343
26.23000,0.48000,0.00977,0.99023
26.25000,0.48000,0.01095,0.98905
26.27000,0.48000,0.00843,0.99157
26.29000,0.48000,0.02641,0.97359
26.31000,0.48000,0.01608,0.98392
26.33000,0.48000,0.03243,0.96757
26.35000,0.48000,0.01145,0.98855
26.37000,0.48000,0.01756,0.98244
26.39000,0.48000,0.00798,0.99202
26.41000,0.48000,0.00764,0.99236
26.43000,0.48000,0.00440,0.99560
26.45000,0.48000,0.01060,0.98940
26.47000,0.48000,0.00357,0.99643
26.49000,0.48000,0.00630,0.99370
26.51000,0.48000,0.00584,0.99416
26.53000,0.48000,0.01575,0.98425
26.55000,0.48000,0.01269,0.98731
26.57000,0.48000,0.01349,0.98650
26.59000,0.48000,0.02699,0.97301
26.61000,0.48000,0.02250,0.97750
26.63000,0.48000,0.00794,0.99206
26.65000,0.48000,0.00814,0.99186
26.67000,0.48000,0.00626,0.99374
26.69000,0.48000,0.01121,0.98879
26.71000,0.48000,0.01560,0.98440
26.73000,0.48000,0.01694,0.98306
26.75000,0.48000,0.03755,0.96245
26.77000,0.48000,0.00670,0.99330
26.79000,0.48000,0.01589,0.98411
26.81000,0.48000,0.00352,0.99648
26.83000,0.48000,0.01338,0.98662
26.85000,0.48000,0.00311,0.99689
26.87000,0.48000,0.01485,0.98514
26.89000,0.48000,0.00465,0.99535
26.91000,0.48000,0.01410,0.98590
26.93000,0.48000,0.00461,0.99539
26.95000,0.48000,0.02172,0.97828
26.97000,0.48000,0.00284,0.99716
26.99000,0.48000,0.00964,0.99036
27.01000,0.48000,0.00278,0.99722
27.03000,0.48000,0.00478,0.99522
27.05000,0.48000,0.02732,0.97268
27.07000,0.48000,0.05609,0.94391
27.09000,0.48000,0.03581,0.96419
27.11000,0.48000,0.04902,0.95098
27.13000,0.48000,0.02196,0.97804
27.15000,0.48000,0.01431,0.98569
27.17000,0.48000,0.00692,0.99308
27.19000,0.48000,0.00360,0.99640
27.21000,0.48000,0.00285,0.99715
27.23000,0.48000,0.00528,0.99472
27.25000,0.48000,0.00276,0.99724
27.27000,0.48000,0.00233,0.99767
27.29000,0.48000,0.00545,0.99455
27.31000,0.48000,0.00291,0.99709
27.33000,0.48000,0.00272,0.99728
27.35000,0.48000,0.00334,0.99666
27.37000,0.48000,0.00289,0.99711
27.39000,0.48000,0.00565,0.99435
27.41000,0.48000,0.00159,0.99841
27.43000,0.48000,0.00338,0.99662
27.45000,0.48000,0.00211,0.99789
27.47000,0.48000,0.00821,0.99179
27.49000,0.48000,0.00233,0.99767
27.51000,0.48000,0.00960,0.99040
27.53000,0.48000,0.00178,0.99822
27.55000,0.48000,0.01025,0.98975
27.57000,0.48000,0.00279,0.99721
27.59000,0.48000,0.00534,0.99466
27.61000,0.48000,0.00098,0.99902
27.63000,0.48000,0.00436,0.99564
27.65000,0.48000,0.00105,0.99895
27.67000,0.48000,0.00427,0.99573
27.69000,0.48000,0.00184,0.99816
27.71000,0.48000,0.00565,0.99435
27.73000,0.48000,0.00166,0.99834
27.75000,0.48000,0.00155,0.99845
27.77000,0.48000,0.00239,0.99761
27.79000,0.48000,0.00158,0.99842
27.81000,0.48000,0.00117,0.99883
27.83000,0.48000,0.00299,0.99701
27.85000,0.48000,0.00234,0.99766
27.87000,0.48000,0.00163,0.99837
27.89000,0.48000,0.00166,0.99834
27.91000,0.48000,0.00160,0.99840
27.93000,0.48000,0.00189,0.99811
27.95000,0.48000,0.00155,0.99845
27.97000,0.48000,0.00150,0.99850
27.99000,0.48000,0.00649,0.99351
28.01000,0.48000,0.00323,0.99677
28.03000,0.48000,0.00211,0.99789
28.05000,0.48000,0.00460,0.99540
28.07000,0.48000,0.00456,0.99544
28.09000,0.48000,0.00337,0.99663
28.11000,0.48000,0.00665,0.99335
28.13000,0.48000,0.00053,0.99947
28.15000,0.48000,0.00375,0.99625
28.17000,0.48000,0.00027,0.99973
28.19000,0.48000,0.00269,0.99731
28.21000,0.48000,0.00118,0.99882
28.23000,0.48000,0.00174,0.99826
28.25000,0.48000,0.00047,0.99953
28.27000,0.48000,0.00240,0.99760
28.29000,0.48000,0.00102,0.99898
28.31000,0.48000,0.00227,0.99773
28.33000,0.48000,0.00063,0.99937
28.35000,0.48000,0.00279,0.99721
28.37000,0.48000,0.00118,0.99882
28.39000,0.48000,0.00344,0.99656
28.41000,0.48000,0.00128,0.99872
28.43000,0.48000,0.00565,0.99435
28.45000,0.48000,0.00224,0.99776
28.47000,0.48000,0.00175,0.99825
28.49000,0.48000,0.00331,0.99669
28.51000,0.48000,0.00271,0.99729
28.53000,0.48000,0.00300,0.99700
28.55000,0.48000,0.00057,0.99943
28.57000,0.48000,0.00267,0.99733
28.59000,0.48000,0.00271,0.99729
28.61000,0.48000,0.00274,0.99726
28.63000,0.48000,0.00151,0.99849
28.65000,0.48000,0.00324,0.99676
28.67000,0.48000,0.00146,0.99854
28.69000,0.48000,0.00257,0.99743
28.71000,0.48000,0.00102,0.99898
28.73000,0.48000,0.00490,0.99510
28.75000,0.48000,0.00166,0.99834
28.77000,0.48000,0.00510,0.99490
28.79000,0.48000,0.00129,0.99871
28.81000,0.48000,0.00536,0.99464
28.83000,0.48000,0.00175,0.99825
28.85000,0.48000,0.00559,0.99441
28.87000,0.48000,0.00603,0.99397
28.89000,0.48000,0.00487,0.99513
28.91000,0.48000,0.00202,0.99798
28.93000,0.48000,0.00456,0.99544
28.95000,0.48000,0.00192,0.99808
28.97000,0.48000,0.00329,0.99671
28.99000,0.48000,0.00159,0.99841
29.01000,0.48000,0.00401,0.99599
29.03000,0.48000,0.00098,0.99902
29.05000,0.48000,0.00378,0.99622
29.07000,0.48000,0.00146,0.99854
29.09000,0.48000,0.00335,0.99665
29.11000,0.48000,0.00091,0.99909
29.13000,0.48000,0.00290,0.99710
29.15000,0.48000,0.00064,0.99936
29.17000,0.48000,0.00661,0.99339
29.19000,0.48000,0.00103,0.99897
29.21000,0.48000,0.00837,0.99163
29.23000,0.48000,0.00160,0.99840
29.25000,0.48000,0.00875,0.99125
29.27000,0.48000,0.00418,0.99582
29.29000,0.48000,0.00910,0.99090
29.31000,0.48000,0.00521,0.99479
29.33000,0.48000,0.01145,0.98855
29.35000,0.48000,0.01484,0.98516
29.37000,0.48000,0.02381,0.97619
29.39000,0.48000,0.06850,0.93150
29.41000,0.48000,0.05430,0.94570
29.43000,0.48000,0.06440,0.93560
29.45000,0.48000,0.03722,0.96278
29.47000,0.48000,0.17234,0.82766
29.49000,0.48000,0.09551,0.90449
29.51000,0.48000,0.38195,0.61805
29.53000,0.48000,0.13739,0.86261
29.55000,0.48000,0.62410,0.37590
29.57000,0.48000,0.31547,0.68453
29.59000,0.48000,0.82916,0.17084
29.61000,0.48000,0.42236,0.57764
29.63000,0.48000,0.78344,0.21656
29.65000,0.48000,0.56218,0.43782
29.67000,0.48000,0.63109,0.36891
29.69000,0.48000,0.85619,0.14381
29.71000,0.48000,0.91813,0.08187
29.73000,0.48000,0.87402,0.12598
29.75000,0.48000,0.93794,0.06206
29.77000,0.48000,0.91192,0.08808
29.79000,0.48000,0.86635,0.13365
29.81000,0.48000,0.89396,0.10604
29.83000,0.48000,0.89274,0.10726
29.85000,0.48000,0.80501,0.19499
29.87000,0.48000,0.79244,0.20756
29.89000,0.48000,0.90572,0.09428
29.91000,0.48000,0.46095,0.53905
29.93000,0.48000,0.90900,0.09100
29.95000,0.48000,0.46838,0.53162
29.97000,0.48000,0.82937,0.17063
29.99000,0.48000,0.70207,0.29793
30.01000,0.48000,0.71034,0.28966
30.03000,0.48000,0.56448,0.43552
30.05000,0.48000,0.81396,0.18604
30.07000,0.48000,0.71323,0.28677
30.09000,0.48000,0.74870,0.25130
30.11000,0.48000,0.63157,0.36843
30.13000,0.48000,0.63336,0.36664
30.15000,0.48000,0.66451,0.33549
30.17000,0.48000,0.86062,0.13938
30.19000,0.48000,0.88778,0.11222
30.21000,0.48000,0.88967,0.11033
30.23000,0.48000,0.74291,0.25709
30.25000,0.48000,0.93593,0.06407
30.27000,0.48000,0.87411,0.12589
30.29000,0.48000,0.94410,0.05590
30.31000,0.48000,0.93417,0.06583
30.33000,0.48000,0.94616,0.05384
30.35000,0.48000,0.97892,0.02108
30.37000,0.48000,0.94538,0.05462
30.39000,0.48000,0.98171,0.01829
30.41000,0.48000,0.93694,0.06306
30.43000,0.48000,0.97592,0.02408
30.45000,0.48000,0.94573,0.05427
30.47000,0.48000,0.94336,0.05664
30.49000,0.48000,0.96475,0.03525
30.51000,0.48000,0.94278,0.05722
30.53000,0.48000,0.96537,0.03463
30.55000,0.48000,0.97477,0.02523
30.57000,0.48000,0.95127,0.04873
30.59000,0.48000,0.97569,0.02431
30.61000,0.48000,0.97910,0.02090
30.63000,0.48000,0.98011,0.01989
30.65000,0.48000,0.98042,0.01958
30.67000,0.48000,0.98284,0.01716
30.69000,0.48000,0.95416,0.04584
30.71000,0.48000,0.97686,0.02314
30.73000,0.48000,0.95997,0.04003
30.75000,0.48000,0.96338,0.03662
30.77000,0.48000,0.97559,0.02441
30.79000,0.48000,0.96233,0.03767
30.81000,0.48000,0.97483,0.02517
30.83000,0.48000,0.96673,0.03327
30.85000,0.48000,0.97965,0.02035
30.87000,0.48000,0.96021,0.03979
30.89000,0.48000,0.96167,0.03833
30.91000,0.48000,0.95839,0.04161
30.93000,0.48000,0.95766,0.04234
30.95000,0.48000,0.97330,0.02670
30.97000,0.48000,0.97084,0.02916
30.99000,0.48000,0.98132,0.01868
31.01000,0.48000,0.97802,0.02198
31.03000,0.48000,0.97391,0.02609
31.05000,0.48000,0.96078,0.03922
31.07000,0.48000,0.97967,0.02033
31.09000,0.48000,0.95176,0.04824
31.11000,0.48000,0.98740,0.01260
31.13000,0.48000,0.95437,0.04563
31.15000,0.48000,0.98342,0.01658
31.17000,0.48000,0.96053,0.03947
31.19000,0.48000,0.99026,0.00974
31.21000,0.48000,0.91297,0.08703
31.23000,0.48000,0.98360,0.01640
31.25000,0.48000,0.95837,0.04163
31.27000,0.48000,0.98577,0.01423
31.29000,0.48000,0.91311,0.08689
31.31000,0.48000,0.98714,0.01286
31.33000,0.48000,0.97531,0.02469
31.35000,0.48000,0.98497,0.01503
31.37000,0.48000,0.96277,0.03723
31.39000,0.48000,0.98230,0.01770
31.41000,0.48000,0.98004,0.01996
31.43000,0.48000,0.98404,0.01596
31.45000,0.48000,0.98403,0.01597
31.47000,0.48000,0.98716,0.01284
31.49000,0.48000,0.98761,0.01239
31.51000,0.48000,0.97029,0.02971
31.53000,0.48000,0.99087,0.00913
31.55000,0.48000,0.98514,0.01486
31.57000,0.48000,0.98744,0.01256
31.59000,0.48000,0.99032,0.00968
31.61000,0.48000,0.97823,0.02177
31.63000,0.48000,0.98007,0.01993
31.65000,0.48000,0.96902,0.03098
31.67000,0.48000,0.98172,0.01828
31.69000,0.48000,0.98521,0.01479
31.71000,0.48000,0.98937,0.01063
31.73000,0.48000,0.98863,0.01137
31.75000,0.48000,0.97911,0.02089
31.77000,0.48000,0.98538,0.01462
31.79000,0.48000,0.98938,0.01062
31.81000,0.48000,0.99327,0.00673
31.83000,0.48000,0.99242,0.00758
31.85000,0.48000,0.95498,0.04502
31.87000,0.48000,0.98631,0.01369
31.89000,0.48000,0.96117,0.03883
31.91000,0.48000,0.98231,0.01769
31.93000,0.48000,0.98242,0.01758
31.95000,0.48000,0.96625,0.03375
31.97000,0.48000,0.96509,0.03491
31.99000,0.48000,0.98839,0.01161
32.01000,0.48000,0.97222,0.02778
32.03000,0.48000,0.99343,0.00657
32.05000,0.48000,0.98628,0.01372
32.07000,0.48000,0.99281,0.00719
32.09000,0.48000,0.98578,0.01422
32.11000,0.48000,0.99465,0.00535
