Time (seconds), Duration (seconds),pred_unlabelled,pred_circle,pred_shaking
0.01000,0.98000,0.99246,0.00034,0.00720
0.21000,0.98000,0.94947,0.00117,0.04936
0.41000,0.98000,0.26576,0.00176,0.73248
0.61000,0.98000,0.16645,0.00124,0.83231
0.81000,0.98000,0.15733,0.00783,0.83484
1.01000,0.98000,0.16117,0.00110,0.83773
1.21000,0.98000,0.12239,0.04865,0.82896
1.41000,0.98000,0.14457,0.00146,0.85398
1.61000,0.98000,0.17922,0.00646,0.81432
1.81000,0.98000,0.15011,0.00144,0.84845
2.01000,0.98000,0.19928,0.00382,0.79689
2.21000,0.98000,0.14855,0.00151,0.84994
2.41000,0.98000,0.13373,0.00636,0.85991
2.61000,0.98000,0.12911,0.01932,0.85157
2.81000,0.98000,0.18879,0.00202,0.80918
3.01000,0.98000,0.06768,0.03158,0.90074
3.21000,0.98000,0.15898,0.00103,0.83999
3.41000,0.98000,0.15303,0.00333,0.84365
3.61000,0.98000,0.14750,0.00130,0.85120
3.81000,0.98000,0.14230,0.00116,0.85654
4.01000,0.98000,0.12755,0.00270,0.86976
4.21000,0.98000,0.13398,0.02836,0.83765
4.41000,0.98000,0.28978,0.01900,0.69123
4.61000,0.98000,0.22640,0.37944,0.39416
4.81000,0.98000,0.39556,0.41578,0.18865
5.01000,0.98000,0.21249,0.60128,0.18623
5.21000,0.98000,0.15934,0.80681,0.03385
5.41000,0.98000,0.14243,0.82631,0.03126
5.61000,0.98000,0.12304,0.86437,0.01259
5.81000,0.98000,0.09829,0.89371,0.00801
6.01000,0.98000,0.07812,0.91465,0.00724
6.21000,0.98000,0.09963,0.89100,0.00937
6.41000,0.98000,0.16651,0.80480,0.02869
6.61000,0.98000,0.13997,0.85221,0.00782
6.81000,0.98000,0.09453,0.90080,0.00467
7.01000,0.98000,0.08291,0.91375,0.00334
7.21000,0.98000,0.06948,0.92332,0.00721
7.41000,0.98000,0.08694,0.90227,0.01079
7.61000,0.98000,0.10564,0.88044,0.01392
7.81000,0.98000,0.11860,0.87083,0.01057
8.01000,0.98000,0.09542,0.90126,0.00332
8.21000,0.98000,0.08268,0.91498,0.00234
8.41000,0.98000,0.08776,0.90965,0.00259
8.61000,0.98000,0.08765,0.90216,0.01020
8.81000,0.98000,0.08361,0.90588,0.01051
9.01000,0.98000,0.10509,0.88156,0.01335
9.21000,0.98000,0.14155,0.83438,0.02406
9.41000,0.98000,0.12725,0.86796,0.00479
9.61000,0.98000,0.08489,0.91274,0.00237
9.81000,0.98000,0.11869,0.87811,0.00320
10.01000,0.98000,0.13034,0.83527,0.03440
10.21000,0.98000,0.07998,0.88869,0.03133
10.41000,0.98000,0.12416,0.74970,0.12614
10.61000,0.98000,0.19298,0.72306,0.08396
10.81000,0.98000,0.15086,0.82514,0.02400
11.01000,0.98000,0.10563,0.89097,0.00340
11.21000,0.98000,0.17802,0.81114,0.01084
11.41000,0.98000,0.16837,0.82027,0.01136
11.61000,0.98000,0.11019,0.87979,0.01002
11.81000,0.98000,0.16833,0.82108,0.01059
12.01000,0.98000,0.11918,0.87470,0.00612
12.21000,0.98000,0.07829,0.91762,0.00409
12.41000,0.98000,0.08188,0.91496,0.00316
12.61000,0.98000,0.14805,0.84739,0.00456
12.81000,0.98000,0.10883,0.88596,0.00521
13.01000,0.98000,0.10823,0.87862,0.01315
13.21000,0.98000,0.15189,0.84093,0.00719
13.41000,0.98000,0.12025,0.86679,0.01297
13.61000,0.98000,0.11384,0.88084,0.00532
13.81000,0.98000,0.12507,0.87120,0.00373
14.01000,0.98000,0.16372,0.83157,0.00470
14.21000,0.98000,0.13448,0.86104,0.00449
14.41000,0.98000,0.11642,0.87888,0.00469
14.61000,0.98000,0.15747,0.83113,0.01140
14.81000,0.98000,0.10360,0.88826,0.00814
15.01000,0.98000,0.09783,0.89576,0.00641
15.21000,0.98000,0.11557,0.87914,0.00528
15.41000,0.98000,0.17688,0.81201,0.01111
15.61000,0.98000,0.17384,0.73820,0.08796
15.81000,0.98000,0.12785,0.79465,0.07750
16.01000,0.98000,0.20726,0.63622,0.15652
16.21000,0.98000,0.20392,0.73789,0.05820
16.41000,0.98000,0.14847,0.84463,0.00690
16.61000,0.98000,0.11998,0.87724,0.00279
16.81000,0.98000,0.13591,0.85804,0.00605
17.01000,0.98000,0.09555,0.88730,0.01715
17.21000,0.98000,0.09547,0.88435,0.02018
17.41000,0.98000,0.15221,0.78750,0.06028
17.61000,0.98000,0.13394,0.84964,0.01642
17.81000,0.98000,0.09325,0.90366,0.00308
18.01000,0.98000,0.12512,0.86992,0.00496
18.21000,0.98000,0.12993,0.86527,0.00481
18.41000,0.98000,0.07486,0.91885,0.00629
18.61000,0.98000,0.09604,0.89842,0.00554
18.81000,0.98000,0.13461,0.85802,0.00737
19.01000,0.98000,0.12117,0.87417,0.00466
19.21000,0.98000,0.08104,0.91650,0.00245
19.41000,0.98000,0.23369,0.75609,0.01022
19.61000,0.98000,0.16003,0.78863,0.05134
19.81000,0.98000,0.15856,0.72344,0.11800
20.01000,0.98000,0.16406,0.72859,0.10735
20.21000,0.98000,0.26298,0.66308,0.07394
20.41000,0.98000,0.12388,0.87204,0.00407
20.61000,0.98000,0.12149,0.87539,0.00313
20.81000,0.98000,0.17060,0.82448,0.00491
21.01000,0.98000,0.08259,0.91194,0.00547
21.21000,0.98000,0.12983,0.86385,0.00632
21.41000,0.98000,0.16229,0.82977,0.00794
21.61000,0.98000,0.10403,0.88913,0.00684
21.81000,0.98000,0.10427,0.89122,0.00451
22.01000,0.98000,0.13811,0.85275,0.00915
22.21000,0.98000,0.12522,0.86956,0.00523
22.41000,0.98000,0.10039,0.89419,0.00543
22.61000,0.98000,0.15878,0.83534,0.00588
22.81000,0.98000,0.12782,0.86803,0.00415
23.01000,0.98000,0.09609,0.89953,0.00438
23.21000,0.98000,0.11928,0.87641,0.00432
23.41000,0.98000,0.17255,0.82035,0.00709
23.61000,0.98000,0.10894,0.88446,0.00660
23.81000,0.98000,0.15501,0.83792,0.00707
24.01000,0.98000,0.17665,0.81611,0.00724
24.21000,0.98000,0.12247,0.87331,0.00422
24.41000,0.98000,0.09302,0.90375,0.00323
24.61000,0.98000,0.13049,0.86514,0.00436
24.81000,0.98000,0.11420,0.88172,0.00408
25.01000,0.98000,0.14240,0.85299,0.00461
25.21000,0.98000,0.63618,0.35882,0.00500
25.41000,0.98000,0.91192,0.08241,0.00568
25.61000,0.98000,0.97867,0.02002,0.00131
25.81000,0.98000,0.99920,0.00059,0.00022
26.01000,0.98000,0.99958,0.00030,0.00012
26.21000,0.98000,0.99958,0.00031,0.00012
26.41000,0.98000,0.99958,0.00030,0.00011
26.61000,0.98000,0.99958,0.00031,0.00012
26.81000,0.98000,0.99958,0.00030,0.00012
27.01000,0.98000,0.99958,0.00030,0.00012
27.21000,0.98000,0.99959,0.00030,0.00011
27.41000,0.98000,0.99959,0.00030,0.00011
27.61000,0.98000,0.99957,0.00031,0.00012
27.81000,0.98000,0.99957,0.00031,0.00012
28.01000,0.98000,0.99958,0.00030,0.00012
28.21000,0.98000,0.99957,0.00031,0.00012
28.41000,0.98000,0.99957,0.00031,0.00012
28.61000,0.98000,0.99958,0.00031,0.00012
28.81000,0.98000,0.99958,0.00030,0.00012
29.01000,0.98000,0.99957,0.00031,0.00012
29.21000,0.98000,0.99774,0.00085,0.00141
29.41000,0.98000,0.99697,0.00041,0.00261
29.61000,0.98000,0.99600,0.00023,0.00377
29.81000,0.98000,0.97394,0.00142,0.02464
30.01000,0.98000,0.91107,0.00232,0.08661
30.21000,0.98000,0.08748,0.00768,0.90483
30.41000,0.98000,0.09555,0.00299,0.90146
30.61000,0.98000,0.11424,0.00424,0.88153
30.81000,0.98000,0.04929,0.00751,0.94320
31.01000,0.98000,0.07519,0.00370,0.92111
31.21000,0.98000,0.08827,0.00331,0.90843
31.41000,0.98000,0.06687,0.00565,0.92748
31.61000,0.98000,0.04182,0.00583,0.95235
31.81000,0.98000,0.03473,0.00644,0.95883
32.01000,0.98000,0.06066,0.00277,0.93657
32.21000,0.98000,0.09776,0.00284,0.89941
32.41000,0.98000,0.03883,0.00316,0.95801
32.61000,0.98000,0.04774,0.00357,0.94869
32.81000,0.98000,0.01878,0.00580,0.97542
33.01000,0.98000,0.03374,0.00360,0.96266
33.21000,0.98000,0.01478,0.00380,0.98142
33.41000,0.98000,0.04362,0.00389,0.95249
33.61000,0.98000,0.07671,0.00308,0.92021
33.81000,0.98000,0.03509,0.00710,0.95782
34.01000,0.98000,0.72183,0.00514,0.27304
34.21000,0.98000,0.93730,0.00663,0.05608
34.41000,0.98000,0.98823,0.00259,0.00919
34.61000,0.98000,0.99561,0.00201,0.00239
34.81000,0.98000,0.99958,0.00030,0.00012
35.01000,0.98000,0.99956,0.00031,0.00013
35.21000,0.98000,0.99957,0.00030,0.00012
35.41000,0.98000,0.99958,0.00031,0.00012
35.61000,0.98000,0.99957,0.00031,0.00012
35.81000,0.98000,0.99959,0.00030,0.00011
36.01000,0.98000,0.99957,0.00031,0.00012
36.21000,0.98000,0.99957,0.00031,0.00012
36.41000,0.98000,0.99957,0.00031,0.00012
36.61000,0.98000,0.99957,0.00031,0.00012
36.81000,0.98000,0.99959,0.00030,0.00012
37.01000,0.98000,0.99957,0.00031,0.00012
37.21000,0.98000,0.99957,0.00031,0.00012
37.41000,0.98000,0.99959,0.00030,0.00011
37.61000,0.98000,0.99963,0.00027,0.00010
37.81000,0.98000,0.99959,0.00030,0.00011
38.01000,0.98000,0.99957,0.00031,0.00012
38.21000,0.98000,0.99963,0.00026,0.00010
38.41000,0.98000,0.99957,0.00031,0.00012
38.61000,0.98000,0.99958,0.00030,0.00012
38.81000,0.98000,0.99960,0.00029,0.00011
39.01000,0.98000,0.99952,0.00034,0.00014
39.21000,0.98000,0.99954,0.00033,0.00013
39.41000,0.98000,0.99959,0.00029,0.00012
39.61000,0.98000,0.99955,0.00031,0.00013
39.81000,0.98000,0.99942,0.00041,0.00017
40.01000,0.98000,0.99954,0.00031,0.00015
40.21000,0.98000,0.99950,0.00036,0.00015
40.41000,0.98000,0.99951,0.00032,0.00017
40.61000,0.98000,0.99327,0.00468,0.00205
40.81000,0.98000,0.96596,0.01590,0.01813
41.01000,0.98000,0.98670,0.00262,0.01068
41.21000,0.98000,0.99703,0.00061,0.00236
41.41000,0.98000,0.99708,0.00177,0.00115
41.61000,0.98000,0.99828,0.00107,0.00065
41.81000,0.98000,0.99931,0.00051,0.00018
42.01000,0.98000,0.99949,0.00036,0.00015
42.21000,0.98000,0.99958,0.00029,0.00013
42.41000,0.98000,0.99954,0.00030,0.00016
42.61000,0.98000,0.99957,0.00030,0.00014
42.81000,0.98000,0.99952,0.00034,0.00014
