Time (seconds), Duration (seconds),pred_unlabelled,pred_circle,pred_shaking
0.01000,1.98000,0.26712,0.73151,0.00138
0.21000,1.98000,0.05943,0.93935,0.00122
0.41000,1.98000,0.05043,0.94876,0.00081
0.61000,1.98000,0.13176,0.86778,0.00046
0.81000,1.98000,0.30613,0.69349,0.00038
1.01000,1.98000,0.37278,0.62703,0.00019
1.21000,1.98000,0.18594,0.81398,0.00008
1.41000,1.98000,0.09750,0.90247,0.00003
1.61000,1.98000,0.05833,0.94165,0.00002
1.81000,1.98000,0.08311,0.91688,0.00002
2.01000,1.98000,0.20930,0.79068,0.00002
2.21000,1.98000,0.42886,0.57111,0.00002
2.41000,1.98000,0.32030,0.67967,0.00003
2.61000,1.98000,0.19489,0.80507,0.00004
2.81000,1.98000,0.05747,0.94249,0.00004
3.01000,1.98000,0.07619,0.92373,0.00008
3.21000,1.98000,0.11649,0.88334,0.00017
3.41000,1.98000,0.26894,0.73077,0.00029
3.61000,1.98000,0.32223,0.67734,0.00044
3.81000,1.98000,0.29026,0.70937,0.00036
4.01000,1.98000,0.28028,0.71946,0.00026
4.21000,1.98000,0.31044,0.68923,0.00033
4.41000,1.98000,0.36521,0.63449,0.00029
4.61000,1.98000,0.20507,0.79482,0.00011
4.81000,1.98000,0.11402,0.88593,0.00005
5.01000,1.98000,0.10072,0.89924,0.00003
5.21000,1.98000,0.05425,0.94574,0.00002
5.41000,1.98000,0.08079,0.91919,0.00002
5.61000,1.98000,0.08705,0.91294,0.00001
5.81000,1.98000,0.06941,0.93057,0.00002
6.01000,1.98000,0.04671,0.95327,0.00002
6.21000,1.98000,0.02615,0.97383,0.00001
6.41000,1.98000,0.02546,0.97452,0.00003
6.61000,1.98000,0.03495,0.96500,0.00006
6.81000,1.98000,0.06725,0.93262,0.00013
7.01000,1.98000,0.12300,0.87673,0.00027
7.21000,1.98000,0.20828,0.79126,0.00046
7.41000,1.98000,0.14736,0.85216,0.00049
7.61000,1.98000,0.09581,0.90394,0.00024
7.81000,1.98000,0.05867,0.94121,0.00012
8.01000,1.98000,0.04374,0.95618,0.00008
8.21000,1.98000,0.09961,0.90027,0.00012
8.41000,1.98000,0.13162,0.86828,0.00010
8.61000,1.98000,0.05265,0.94732,0.00003
8.81000,1.98000,0.03976,0.96022,0.00002
9.01000,1.98000,0.02144,0.97855,0.00001
9.21000,1.98000,0.01968,0.98032,0.00001
9.41000,1.98000,0.02980,0.97020,0.00001
9.61000,1.98000,0.04688,0.95311,0.00001
9.81000,1.98000,0.05875,0.94123,0.00002
10.01000,1.98000,0.02601,0.97397,0.00002
10.21000,1.98000,0.01179,0.98820,0.00001
10.41000,1.98000,0.01571,0.98426,0.00003
10.61000,1.98000,0.01795,0.98201,0.00004
10.81000,1.98000,0.03703,0.96286,0.00011
11.01000,1.98000,0.07378,0.92578,0.00044
11.21000,1.98000,0.05910,0.94039,0.00051
11.41000,1.98000,0.07002,0.92967,0.00031
11.61000,1.98000,0.03298,0.96686,0.00015
11.81000,1.98000,0.02366,0.97621,0.00012
12.01000,1.98000,0.01621,0.98373,0.00005
12.21000,1.98000,0.00773,0.99225,0.00002
12.41000,1.98000,0.01214,0.98783,0.00003
12.61000,1.98000,0.03801,0.96196,0.00003
12.81000,1.98000,0.09112,0.90884,0.00004
13.01000,1.98000,0.08729,0.91266,0.00005
13.21000,1.98000,0.01724,0.98272,0.00004
13.41000,1.98000,0.01087,0.98908,0.00005
13.61000,1.98000,0.01799,0.98195,0.00006
13.81000,1.98000,0.01498,0.98494,0.00007
14.01000,1.98000,0.02668,0.97318,0.00014
14.21000,1.98000,0.03922,0.96059,0.00019
14.41000,1.98000,0.01324,0.98655,0.00021
14.61000,1.98000,0.01420,0.98560,0.00020
14.81000,1.98000,0.02000,0.97990,0.00011
15.01000,1.98000,0.03280,0.96700,0.00020
15.21000,1.98000,0.02848,0.97137,0.00015
15.41000,1.98000,0.01331,0.98661,0.00008
15.61000,1.98000,0.00645,0.99351,0.00003
15.81000,1.98000,0.00312,0.99686,0.00002
16.01000,1.98000,0.00725,0.99271,0.00003
16.21000,1.98000,0.01966,0.98029,0.00005
16.41000,1.98000,0.01693,0.98300,0.00007
16.61000,1.98000,0.00605,0.99386,0.00008
16.81000,1.98000,0.00356,0.99639,0.00005
17.01000,1.98000,0.00153,0.99844,0.00003
17.21000,1.98000,0.00267,0.99727,0.00006
17.41000,1.98000,0.00281,0.99713,0.00006
17.61000,1.98000,0.01015,0.98964,0.00021
17.81000,1.98000,0.02892,0.97060,0.00047
18.01000,1.98000,0.02325,0.97628,0.00047
18.21000,1.98000,0.00914,0.99061,0.00025
18.41000,1.98000,0.00355,0.99634,0.00011
18.61000,1.98000,0.00135,0.99861,0.00004
18.81000,1.98000,0.00129,0.99869,0.00002
19.01000,1.98000,0.00499,0.99497,0.00004
19.21000,1.98000,0.02652,0.97342,0.00006
19.41000,1.98000,0.06491,0.93500,0.00008
19.61000,1.98000,0.05514,0.94477,0.00009
19.81000,1.98000,0.04678,0.95310,0.00012
20.01000,1.98000,0.02536,0.97458,0.00006
20.21000,1.98000,0.03003,0.96989,0.00007
20.41000,1.98000,0.06725,0.93259,0.00016
20.61000,1.98000,0.11208,0.88762,0.00030
20.81000,1.98000,0.07966,0.91998,0.00036
21.01000,1.98000,0.04344,0.95614,0.00042
21.21000,1.98000,0.03561,0.96412,0.00028
21.41000,1.98000,0.00535,0.99460,0.00006
21.61000,1.98000,0.00240,0.99756,0.00004
21.81000,1.98000,0.00174,0.99822,0.00004
22.01000,1.98000,0.00276,0.99721,0.00004
22.21000,1.98000,0.00825,0.99171,0.00004
22.41000,1.98000,0.04197,0.95792,0.00011
22.61000,1.98000,0.11765,0.88220,0.00015
22.81000,1.98000,0.17310,0.82667,0.00023
23.01000,1.98000,0.04785,0.95202,0.00013
23.21000,1.98000,0.07013,0.92959,0.00029
23.41000,1.98000,0.04679,0.95300,0.00021
23.61000,1.98000,0.10601,0.89363,0.00036
23.81000,1.98000,0.14069,0.85877,0.00054
24.01000,1.98000,0.08547,0.91382,0.00070
24.21000,1.98000,0.07015,0.92942,0.00043
24.41000,1.98000,0.09296,0.90663,0.00041
24.61000,1.98000,0.04724,0.95259,0.00018
24.81000,1.98000,0.01405,0.98588,0.00007
25.01000,1.98000,0.01161,0.98830,0.00009
25.21000,1.98000,0.00718,0.99278,0.00004
25.41000,1.98000,0.02133,0.97863,0.00003
25.61000,1.98000,0.05457,0.94539,0.00004
25.81000,1.98000,0.09197,0.90797,0.00006
26.01000,1.98000,0.05415,0.94577,0.00008
26.21000,1.98000,0.04915,0.95077,0.00007
26.41000,1.98000,0.03452,0.96541,0.00008
26.61000,1.98000,0.02266,0.97725,0.00009
26.81000,1.98000,0.03469,0.96518,0.00013
27.01000,1.98000,0.08071,0.91904,0.00025
27.21000,1.98000,0.08783,0.91151,0.00066
27.41000,1.98000,0.08017,0.91932,0.00051
27.61000,1.98000,0.15852,0.84099,0.00049
27.81000,1.98000,0.07422,0.92557,0.00021
28.01000,1.98000,0.02721,0.97264,0.00015
28.21000,1.98000,0.00841,0.99146,0.00012
28.41000,1.98000,0.00691,0.99300,0.00008
28.61000,1.98000,0.01519,0.98475,0.00006
28.81000,1.98000,0.05000,0.94993,0.00007
29.01000,1.98000,0.15607,0.84383,0.00010
29.21000,1.98000,0.08843,0.91148,0.00008
29.41000,1.98000,0.01922,0.98071,0.00007
29.61000,1.98000,0.01913,0.98073,0.00014
29.81000,1.98000,0.01940,0.98046,0.00014
30.01000,1.98000,0.02368,0.97618,0.00014
30.21000,1.98000,0.06091,0.93879,0.00030
30.41000,1.98000,0.06491,0.93457,0.00053
30.61000,1.98000,0.03783,0.96171,0.00046
30.81000,1.98000,0.03325,0.96623,0.00052
31.01000,1.98000,0.00902,0.99085,0.00013
31.21000,1.98000,0.00641,0.99347,0.00012
31.41000,1.98000,0.00458,0.99531,0.00010
31.61000,1.98000,0.00346,0.99647,0.00007
31.81000,1.98000,0.01143,0.98848,0.00009
32.01000,1.98000,0.03687,0.96300,0.00013
32.21000,1.98000,0.09772,0.90197,0.00031
32.41000,1.98000,0.03869,0.96113,0.00018
32.61000,1.98000,0.01775,0.98213,0.00012
32.81000,1.98000,0.01251,0.98733,0.00017
33.01000,1.98000,0.01025,0.98960,0.00015
33.21000,1.98000,0.00980,0.99009,0.00011
33.41000,1.98000,0.02436,0.97544,0.00020
33.61000,1.98000,0.01624,0.98350,0.00026
33.81000,1.98000,0.01060,0.98910,0.00031
34.01000,1.98000,0.01499,0.98462,0.00038
34.21000,1.98000,0.00695,0.99291,0.00013
34.41000,1.98000,0.00318,0.99673,0.00008
34.61000,1.98000,0.00170,0.99825,0.00005
34.81000,1.98000,0.00145,0.99852,0.00004
35.01000,1.98000,0.00193,0.99805,0.00002
35.21000,1.98000,0.00994,0.99003,0.00004
35.41000,1.98000,0.02783,0.97211,0.00006
35.61000,1.98000,0.02527,0.97471,0.00003
35.81000,1.98000,0.01197,0.98801,0.00002
36.01000,1.98000,0.00550,0.99448,0.00001
36.21000,1.98000,0.00772,0.99226,0.00002
36.41000,1.98000,0.01210,0.98787,0.00003
36.61000,1.98000,0.02429,0.97564,0.00007
36.81000,1.98000,0.03960,0.96015,0.00024
37.01000,1.98000,0.01838,0.98141,0.00021
37.21000,1.98000,0.01419,0.98550,0.00031
37.41000,1.98000,0.00428,0.99552,0.00020
37.61000,1.98000,0.00143,0.99846,0.00011
37.81000,1.98000,0.00165,0.99816,0.00019
38.01000,1.98000,0.00118,0.99868,0.00014
38.21000,1.98000,0.00230,0.99761,0.00009
38.41000,1.98000,0.00538,0.99453,0.00009
38.61000,1.98000,0.02005,0.97976,0.00020
38.81000,1.98000,0.01298,0.98687,0.00014
39.01000,1.98000,0.00416,0.99579,0.00005
39.21000,1.98000,0.00265,0.99731,0.00004
39.41000,1.98000,0.00518,0.99475,0.00008
39.61000,1.98000,0.00561,0.99432,0.00006
39.81000,1.98000,0.01543,0.98447,0.00010
40.01000,1.98000,0.03894,0.96081,0.00025
40.21000,1.98000,0.03321,0.96660,0.00020
40.41000,1.98000,0.01397,0.98596,0.00007
40.61000,1.98000,0.00669,0.99328,0.00003
40.81000,1.98000,0.00566,0.99430,0.00003
41.01000,1.98000,0.00394,0.99604,0.00002
41.21000,1.98000,0.00347,0.99652,0.00001
41.41000,1.98000,0.01175,0.98824,0.00001
41.61000,1.98000,0.06239,0.93758,0.00003
41.81000,1.98000,0.10190,0.89806,0.00004
42.01000,1.98000,0.11510,0.88486,0.00004
42.21000,1.98000,0.16633,0.83361,0.00006
42.41000,1.98000,0.11450,0.88539,0.00010
42.61000,1.98000,0.11432,0.88557,0.00010
42.81000,1.98000,0.19310,0.80675,0.00015
43.01000,1.98000,0.31961,0.68009,0.00030
43.21000,1.98000,0.17054,0.82913,0.00032
43.41000,1.98000,0.12398,0.87566,0.00036
43.61000,1.98000,0.06876,0.93088,0.00035
43.81000,1.98000,0.01054,0.98926,0.00019
44.01000,1.98000,0.00312,0.99671,0.00016
44.21000,1.98000,0.00189,0.99802,0.00009
44.41000,1.98000,0.00457,0.99535,0.00008
44.61000,1.98000,0.00994,0.98994,0.00012
44.81000,1.98000,0.01946,0.98029,0.00025
45.01000,1.98000,0.02826,0.97138,0.00037
45.21000,1.98000,0.01528,0.98443,0.00029
45.41000,1.98000,0.00978,0.98988,0.00034
45.61000,1.98000,0.04396,0.95563,0.00042
45.81000,1.98000,0.02810,0.97176,0.00014
46.01000,1.98000,0.04492,0.95495,0.00013
46.21000,1.98000,0.02609,0.97379,0.00013
46.41000,1.98000,0.00407,0.99590,0.00003
46.61000,1.98000,0.00191,0.99808,0.00001
46.81000,1.98000,0.00222,0.99778,0.00001
47.01000,1.98000,0.00293,0.99706,0.00001
47.21000,1.98000,0.00219,0.99781,0.00001
47.41000,1.98000,0.00045,0.99954,0.00000
47.61000,1.98000,0.00055,0.99944,0.00001
47.81000,1.98000,0.00306,0.99689,0.00005
48.01000,1.98000,0.01962,0.98026,0.00012
48.21000,1.98000,0.02925,0.97063,0.00012
48.41000,1.98000,0.05061,0.94901,0.00038
48.61000,1.98000,0.02730,0.97220,0.00049
48.81000,1.98000,0.00647,0.99345,0.00008
49.01000,1.98000,0.00468,0.99529,0.00003
49.21000,1.98000,0.00817,0.99179,0.00004
49.41000,1.98000,0.01167,0.98826,0.00007
49.61000,1.98000,0.00749,0.99248,0.00003
49.81000,1.98000,0.00267,0.99730,0.00003
50.01000,1.98000,0.00276,0.99715,0.00008
50.21000,1.98000,0.00536,0.99448,0.00015
50.41000,1.98000,0.03070,0.96898,0.00031
50.61000,1.98000,0.04115,0.95842,0.00043
50.81000,1.98000,0.06413,0.93461,0.00125
51.01000,1.98000,0.02168,0.97759,0.00073
51.21000,1.98000,0.00585,0.99390,0.00025
51.41000,1.98000,0.00283,0.99709,0.00008
51.61000,1.98000,0.00176,0.99821,0.00003
51.81000,1.98000,0.00219,0.99776,0.00004
52.01000,1.98000,0.00244,0.99751,0.00005
52.21000,1.98000,0.00058,0.99939,0.00003
52.41000,1.98000,0.00082,0.99913,0.00005
52.61000,1.98000,0.00174,0.99816,0.00010
52.81000,1.98000,0.01334,0.98645,0.00021
53.01000,1.98000,0.01714,0.98270,0.00016
53.21000,1.98000,0.01982,0.97994,0.00024
53.41000,1.98000,0.02474,0.97472,0.00054
53.61000,1.98000,0.00628,0.99358,0.00015
53.81000,1.98000,0.00251,0.99745,0.00004
54.01000,1.98000,0.00123,0.99876,0.00002
54.21000,1.98000,0.00199,0.99799,0.00002
54.41000,1.98000,0.00226,0.99772,0.00002
54.61000,1.98000,0.00061,0.99938,0.00002
54.81000,1.98000,0.00061,0.99936,0.00003
55.01000,1.98000,0.00118,0.99876,0.00006
55.21000,1.98000,0.00274,0.99714,0.00012
55.41000,1.98000,0.02088,0.97887,0.00025
55.61000,1.98000,0.02484,0.97477,0.00039
55.81000,1.98000,0.03288,0.96664,0.00048
56.01000,1.98000,0.00933,0.99047,0.00020
56.21000,1.98000,0.00301,0.99695,0.00005
56.41000,1.98000,0.00148,0.99850,0.00002
56.61000,1.98000,0.00288,0.99710,0.00002
56.81000,1.98000,0.00342,0.99656,0.00002
57.01000,1.98000,0.00215,0.99784,0.00001
57.21000,1.98000,0.00068,0.99931,0.00001
57.41000,1.98000,0.00094,0.99905,0.00002
57.61000,1.98000,0.00245,0.99750,0.00005
57.81000,1.98000,0.00885,0.99098,0.00017
58.01000,1.98000,0.06416,0.93546,0.00038
58.21000,1.98000,0.07688,0.92277,0.00035
58.41000,1.98000,0.02434,0.97548,0.00017
58.61000,1.98000,0.00470,0.99525,0.00005
58.81000,1.98000,0.00220,0.99778,0.00002
59.01000,1.98000,0.00116,0.99884,0.00000
59.21000,1.98000,0.00178,0.99822,0.00000
59.41000,1.98000,0.00364,0.99636,0.00000
59.61000,1.98000,0.00266,0.99733,0.00000
59.81000,1.98000,0.00075,0.99924,0.00000
60.01000,1.98000,0.00115,0.99884,0.00001
60.21000,1.98000,0.00265,0.99732,0.00002
60.41000,1.98000,0.00691,0.99303,0.00007
60.61000,1.98000,0.04824,0.95142,0.00034
60.81000,1.98000,0.18500,0.81446,0.00055
61.01000,1.98000,0.09613,0.90316,0.00071
61.21000,1.98000,0.01546,0.98422,0.00032
61.41000,1.98000,0.00681,0.99305,0.00014
61.61000,1.98000,0.00371,0.99622,0.00007
61.81000,1.98000,0.00189,0.99808,0.00003
62.01000,1.98000,0.00166,0.99833,0.00002
62.21000,1.98000,0.00256,0.99742,0.00002
62.41000,1.98000,0.00130,0.99868,0.00002
62.61000,1.98000,0.00051,0.99947,0.00002
62.81000,1.98000,0.00116,0.99878,0.00006
63.01000,1.98000,0.00592,0.99389,0.00018
63.21000,1.98000,0.01741,0.98244,0.00016
63.41000,1.98000,0.01836,0.98151,0.00013
63.61000,1.98000,0.01536,0.98449,0.00015
63.81000,1.98000,0.01523,0.98459,0.00018
64.01000,1.98000,0.00395,0.99599,0.00006
64.21000,1.98000,0.00329,0.99669,0.00002
64.41000,1.98000,0.00696,0.99303,0.00002
64.61000,1.98000,0.00911,0.99088,0.00002
64.81000,1.98000,0.00472,0.99526,0.00001
65.01000,1.98000,0.00126,0.99872,0.00001
65.21000,1.98000,0.00260,0.99738,0.00002
65.41000,1.98000,0.01764,0.98220,0.00016
65.61000,1.98000,0.08096,0.91883,0.00021
65.81000,1.98000,0.09926,0.90055,0.00018
66.01000,1.98000,0.11364,0.88591,0.00045
66.21000,1.98000,0.01323,0.98659,0.00018
66.41000,1.98000,0.00469,0.99527,0.00004
66.61000,1.98000,0.00379,0.99619,0.00002
66.81000,1.98000,0.00272,0.99727,0.00001
67.01000,1.98000,0.00357,0.99642,0.00001
67.21000,1.98000,0.00238,0.99762,0.00001
67.41000,1.98000,0.00056,0.99943,0.00001
67.61000,1.98000,0.00085,0.99914,0.00001
67.81000,1.98000,0.00142,0.99856,0.00002
68.01000,1.98000,0.01500,0.98486,0.00014
68.21000,1.98000,0.02357,0.97631,0.00012
68.41000,1.98000,0.02071,0.97918,0.00011
68.61000,1.98000,0.02201,0.97776,0.00023
68.81000,1.98000,0.03762,0.96034,0.00204
69.01000,1.98000,0.06286,0.93177,0.00537
69.21000,1.98000,0.04324,0.95019,0.00657
69.41000,1.98000,0.05959,0.93509,0.00532
69.61000,1.98000,0.03547,0.96157,0.00297
69.81000,1.98000,0.02112,0.97703,0.00185
70.01000,1.98000,0.03173,0.96261,0.00566
70.21000,1.98000,0.02728,0.95902,0.01370
70.41000,1.98000,0.03744,0.95297,0.00959
70.61000,1.98000,0.06220,0.93301,0.00479
70.81000,1.98000,0.08167,0.91705,0.00128
71.01000,1.98000,0.04653,0.95320,0.00027
71.21000,1.98000,0.02182,0.97796,0.00022
71.41000,1.98000,0.01405,0.98578,0.00018
71.61000,1.98000,0.00724,0.99265,0.00011
71.81000,1.98000,0.00786,0.99201,0.00013
72.01000,1.98000,0.00965,0.99017,0.00019
72.21000,1.98000,0.01795,0.98174,0.00032
72.41000,1.98000,0.00852,0.99125,0.00024
72.61000,1.98000,0.00215,0.99769,0.00016
72.81000,1.98000,0.00310,0.99665,0.00025
73.01000,1.98000,0.00315,0.99665,0.00020
73.21000,1.98000,0.00494,0.99486,0.00020
73.41000,1.98000,0.01808,0.98162,0.00030
73.61000,1.98000,0.04550,0.95422,0.00028
73.81000,1.98000,0.02300,0.97676,0.00024
74.01000,1.98000,0.03215,0.96729,0.00055
74.21000,1.98000,0.03840,0.96016,0.00144
74.41000,1.98000,0.08987,0.90686,0.00327
74.61000,1.98000,0.08783,0.90892,0.00325
74.81000,1.98000,0.11081,0.88544,0.00376
75.01000,1.98000,0.14411,0.85076,0.00512
75.21000,1.98000,0.05738,0.93973,0.00289
75.41000,1.98000,0.02562,0.97198,0.00240
75.61000,1.98000,0.02426,0.97389,0.00184
75.81000,1.98000,0.01267,0.98674,0.00059
76.01000,1.98000,0.02809,0.97146,0.00045
76.21000,1.98000,0.02826,0.97143,0.00031
76.41000,1.98000,0.03009,0.96913,0.00078
76.61000,1.98000,0.03671,0.96139,0.00190
76.81000,1.98000,0.02391,0.97430,0.00179
77.01000,1.98000,0.04956,0.94657,0.00387
77.21000,1.98000,0.05147,0.94360,0.00493
77.41000,1.98000,0.07350,0.91740,0.00911
77.61000,1.98000,0.11030,0.88021,0.00949
77.81000,1.98000,0.05210,0.94301,0.00489
78.01000,1.98000,0.02072,0.97653,0.00275
78.21000,1.98000,0.02876,0.96838,0.00286
78.41000,1.98000,0.03899,0.95885,0.00216
78.61000,1.98000,0.10241,0.89199,0.00560
78.81000,1.98000,0.12332,0.86309,0.01359
79.01000,1.98000,0.13918,0.84361,0.01722
79.21000,1.98000,0.14919,0.82422,0.02659
79.41000,1.98000,0.15336,0.81880,0.02784
79.61000,1.98000,0.24235,0.71586,0.04178
79.81000,1.98000,0.46628,0.47586,0.05786
80.01000,1.98000,0.41462,0.53103,0.05435
80.21000,1.98000,0.21137,0.70849,0.08014
80.41000,1.98000,0.20973,0.72220,0.06807
80.61000,1.98000,0.25275,0.70226,0.04500
80.81000,1.98000,0.18634,0.79033,0.02334
81.01000,1.98000,0.15617,0.82739,0.01643
81.21000,1.98000,0.12560,0.86533,0.00907
81.41000,1.98000,0.14396,0.84969,0.00635
81.61000,1.98000,0.08212,0.91168,0.00619
81.81000,1.98000,0.08310,0.91139,0.00551
82.01000,1.98000,0.12952,0.85838,0.01210
82.21000,1.98000,0.09914,0.89215,0.00872
82.41000,1.98000,0.10501,0.88540,0.00959
82.61000,1.98000,0.08841,0.90226,0.00933
82.81000,1.98000,0.12572,0.85679,0.01750
83.01000,1.98000,0.09734,0.89191,0.01074
83.21000,1.98000,0.11062,0.87775,0.01163
83.41000,1.98000,0.05394,0.94121,0.00485
83.61000,1.98000,0.08077,0.90679,0.01244
83.81000,1.98000,0.08983,0.90436,0.00581
84.01000,1.98000,0.07819,0.91788,0.00393
84.21000,1.98000,0.03792,0.96021,0.00187
84.41000,1.98000,0.03926,0.95890,0.00184
84.61000,1.98000,0.11461,0.88332,0.00207
84.81000,1.98000,0.11839,0.87972,0.00190
85.01000,1.98000,0.12275,0.87485,0.00240
85.21000,1.98000,0.13708,0.86072,0.00220
85.41000,1.98000,0.07747,0.92127,0.00126
85.61000,1.98000,0.04357,0.95523,0.00120
85.81000,1.98000,0.04396,0.95552,0.00052
86.01000,1.98000,0.09215,0.90749,0.00036
86.21000,1.98000,0.46053,0.53910,0.00037
86.41000,1.98000,0.41406,0.58550,0.00044
86.61000,1.98000,0.20250,0.79720,0.00030
86.81000,1.98000,0.17631,0.82331,0.00039
87.01000,1.98000,0.17006,0.82933,0.00061
87.21000,1.98000,0.14471,0.85470,0.00058
87.41000,1.98000,0.25426,0.74480,0.00095
87.61000,1.98000,0.22052,0.77832,0.00116
87.81000,1.98000,0.16762,0.83099,0.00140
88.01000,1.98000,0.05173,0.94740,0.00087
88.21000,1.98000,0.01487,0.98449,0.00064
88.41000,1.98000,0.00859,0.99091,0.00050
88.61000,1.98000,0.01881,0.98048,0.00071
88.81000,1.98000,0.07018,0.92931,0.00051
89.01000,1.98000,0.16247,0.83689,0.00064
89.21000,1.98000,0.08048,0.91876,0.00076
89.41000,1.98000,0.08051,0.91813,0.00137
89.61000,1.98000,0.11557,0.88169,0.00274
89.81000,1.98000,0.20144,0.79174,0.00682
90.01000,1.98000,0.14076,0.85434,0.00490
90.21000,1.98000,0.15250,0.84153,0.00597
90.41000,1.98000,0.18489,0.80935,0.00576
90.61000,1.98000,0.04389,0.95182,0.00430
90.81000,1.98000,0.05104,0.94287,0.00609
91.01000,1.98000,0.04998,0.94691,0.00311
91.21000,1.98000,0.07768,0.92094,0.00138
91.41000,1.98000,0.08524,0.91403,0.00074
91.61000,1.98000,0.04134,0.95815,0.00051
91.81000,1.98000,0.04143,0.95753,0.00104
92.01000,1.98000,0.06478,0.93286,0.00236
92.21000,1.98000,0.07620,0.92033,0.00348
92.41000,1.98000,0.07748,0.91914,0.00337
92.61000,1.98000,0.08257,0.91462,0.00281
92.81000,1.98000,0.08665,0.90963,0.00372
93.01000,1.98000,0.02687,0.97128,0.00185
93.21000,1.98000,0.04847,0.94827,0.00327
93.41000,1.98000,0.08254,0.91523,0.00224
93.61000,1.98000,0.05745,0.94169,0.00086
93.81000,1.98000,0.02418,0.97550,0.00032
94.01000,1.98000,0.02094,0.97877,0.00029
94.21000,1.98000,0.04320,0.95602,0.00078
94.41000,1.98000,0.09831,0.90020,0.00149
94.61000,1.98000,0.17603,0.82066,0.00331
94.81000,1.98000,0.43989,0.55439,0.00572
95.01000,1.98000,0.36164,0.63344,0.00493
95.21000,1.98000,0.09823,0.89923,0.00253
95.41000,1.98000,0.06938,0.92878,0.00183
95.61000,1.98000,0.19024,0.80625,0.00351
95.81000,1.98000,0.10864,0.88986,0.00150
96.01000,1.98000,0.16105,0.83783,0.00112
96.21000,1.98000,0.08183,0.91779,0.00038
96.41000,1.98000,0.03002,0.96980,0.00018
96.61000,1.98000,0.01213,0.98774,0.00013
96.81000,1.98000,0.01055,0.98933,0.00012
97.01000,1.98000,0.03602,0.96384,0.00014
97.21000,1.98000,0.07490,0.92489,0.00020
97.41000,1.98000,0.08240,0.91732,0.00029
97.61000,1.98000,0.06366,0.93610,0.00024
97.81000,1.98000,0.04278,0.95702,0.00020
98.01000,1.98000,0.01667,0.98316,0.00016
98.21000,1.98000,0.02671,0.97296,0.00033
98.41000,1.98000,0.12391,0.87559,0.00050
98.61000,1.98000,0.22777,0.77182,0.00042
98.81000,1.98000,0.03806,0.96173,0.00020
99.01000,1.98000,0.00729,0.99264,0.00007
99.21000,1.98000,0.00458,0.99537,0.00006
99.41000,1.98000,0.00282,0.99714,0.00004
99.61000,1.98000,0.00144,0.99855,0.00001
99.81000,1.98000,0.00271,0.99727,0.00002
100.01000,1.98000,0.00492,0.99507,0.00001
100.21000,1.98000,0.00199,0.99800,0.00001
100.41000,1.98000,0.00049,0.99950,0.00001
100.61000,1.98000,0.00117,0.99881,0.00002
100.81000,1.98000,0.00238,0.99759,0.00003
101.01000,1.98000,0.00826,0.99166,0.00008
101.21000,1.98000,0.01166,0.98824,0.00011
101.41000,1.98000,0.02138,0.97848,0.00014
101.61000,1.98000,0.01852,0.98133,0.00015
101.81000,1.98000,0.00531,0.99460,0.00009
102.01000,1.98000,0.00275,0.99718,0.00008
102.21000,1.98000,0.00277,0.99715,0.00008
102.41000,1.98000,0.00670,0.99314,0.00016
102.61000,1.98000,0.00462,0.99519,0.00019
102.81000,1.98000,0.00222,0.99769,0.00009
103.01000,1.98000,0.00403,0.99577,0.00020
103.21000,1.98000,0.02107,0.97849,0.00044
103.41000,1.98000,0.06922,0.93025,0.00053
103.61000,1.98000,0.07340,0.92625,0.00035
103.81000,1.98000,0.08962,0.91015,0.00024
104.01000,1.98000,0.04950,0.95040,0.00011
104.21000,1.98000,0.03258,0.96734,0.00009
104.41000,1.98000,0.04558,0.95430,0.00012
104.61000,1.98000,0.02847,0.97144,0.00009
104.81000,1.98000,0.02639,0.97356,0.00006
105.01000,1.98000,0.00986,0.99008,0.00005
105.21000,1.98000,0.00358,0.99635,0.00007
105.41000,1.98000,0.01060,0.98931,0.00009
105.61000,1.98000,0.05751,0.94227,0.00023
105.81000,1.98000,0.11959,0.88012,0.00028
106.01000,1.98000,0.10951,0.89029,0.00021
106.21000,1.98000,0.03604,0.96387,0.00009
106.41000,1.98000,0.02669,0.97324,0.00007
106.61000,1.98000,0.03386,0.96603,0.00011
106.81000,1.98000,0.05537,0.94430,0.00033
107.01000,1.98000,0.05368,0.94610,0.00022
107.21000,1.98000,0.02045,0.97932,0.00023
107.41000,1.98000,0.00750,0.99226,0.00024
107.61000,1.98000,0.00904,0.99053,0.00043
107.81000,1.98000,0.04224,0.95731,0.00044
108.01000,1.98000,0.08124,0.91828,0.00048
108.21000,1.98000,0.08266,0.91702,0.00032
108.41000,1.98000,0.07884,0.92082,0.00034
108.61000,1.98000,0.03201,0.96788,0.00012
108.81000,1.98000,0.02529,0.97462,0.00009
109.01000,1.98000,0.03355,0.96637,0.00008
109.21000,1.98000,0.06198,0.93787,0.00015
109.41000,1.98000,0.03409,0.96576,0.00014
109.61000,1.98000,0.00772,0.99218,0.00010
109.81000,1.98000,0.00566,0.99418,0.00016
110.01000,1.98000,0.01789,0.98155,0.00055
110.21000,1.98000,0.09436,0.90479,0.00085
110.41000,1.98000,0.26393,0.73538,0.00068
110.61000,1.98000,0.21718,0.78229,0.00054
110.81000,1.98000,0.08425,0.91547,0.00028
111.01000,1.98000,0.01933,0.98058,0.00008
111.21000,1.98000,0.01355,0.98639,0.00006
111.41000,1.98000,0.00950,0.99045,0.00005
111.61000,1.98000,0.01300,0.98696,0.00004
111.81000,1.98000,0.01129,0.98864,0.00007
112.01000,1.98000,0.00403,0.99589,0.00008
112.21000,1.98000,0.00126,0.99868,0.00006
112.41000,1.98000,0.00373,0.99606,0.00021
112.61000,1.98000,0.01883,0.98058,0.00059
112.81000,1.98000,0.11913,0.87953,0.00134
113.01000,1.98000,0.41472,0.58363,0.00165
113.21000,1.98000,0.67316,0.32598,0.00086
113.41000,1.98000,0.43228,0.56693,0.00078
113.61000,1.98000,0.17100,0.82876,0.00024
113.81000,1.98000,0.08534,0.91451,0.00016
114.01000,1.98000,0.04997,0.94991,0.00012
114.21000,1.98000,0.11659,0.88321,0.00019
114.41000,1.98000,0.07868,0.92117,0.00016
114.61000,1.98000,0.01474,0.98516,0.00009
114.81000,1.98000,0.00591,0.99399,0.00010
115.01000,1.98000,0.00217,0.99774,0.00009
115.21000,1.98000,0.00841,0.99129,0.00030
115.41000,1.98000,0.04210,0.95733,0.00057
115.61000,1.98000,0.25206,0.74703,0.00091
115.81000,1.98000,0.69730,0.30209,0.00061
116.01000,1.98000,0.46507,0.53458,0.00035
116.21000,1.98000,0.17396,0.82581,0.00023
116.41000,1.98000,0.10810,0.89175,0.00015
116.61000,1.98000,0.06153,0.93836,0.00011
116.81000,1.98000,0.04157,0.95837,0.00007
117.01000,1.98000,0.05560,0.94431,0.00008
117.21000,1.98000,0.02639,0.97345,0.00016
117.41000,1.98000,0.00988,0.98995,0.00017
117.61000,1.98000,0.00195,0.99794,0.00011
117.81000,1.98000,0.00415,0.99547,0.00038
118.01000,1.98000,0.01258,0.98666,0.00076
118.21000,1.98000,0.06014,0.93813,0.00173
118.41000,1.98000,0.28095,0.71651,0.00255
118.61000,1.98000,0.57032,0.42766,0.00201
118.81000,1.98000,0.29744,0.70108,0.00147
119.01000,1.98000,0.15226,0.84692,0.00082
119.21000,1.98000,0.11600,0.88312,0.00088
119.41000,1.98000,0.09487,0.90405,0.00108
119.61000,1.98000,0.16463,0.83422,0.00115
119.81000,1.98000,0.09541,0.90302,0.00157
120.01000,1.98000,0.05514,0.94342,0.00144
120.21000,1.98000,0.01779,0.98123,0.00098
120.41000,1.98000,0.00839,0.99033,0.00127
120.61000,1.98000,0.04707,0.95081,0.00212
120.81000,1.98000,0.19901,0.79889,0.00210
121.01000,1.98000,0.44075,0.55827,0.00098
121.21000,1.98000,0.52868,0.47088,0.00044
121.41000,1.98000,0.24000,0.75985,0.00015
121.61000,1.98000,0.09253,0.90743,0.00005
121.81000,1.98000,0.07103,0.92893,0.00005
122.01000,1.98000,0.04074,0.95922,0.00004
122.21000,1.98000,0.06808,0.93186,0.00006
122.41000,1.98000,0.03774,0.96215,0.00011
122.61000,1.98000,0.01091,0.98899,0.00010
122.81000,1.98000,0.00401,0.99586,0.00013
123.01000,1.98000,0.00577,0.99395,0.00028
123.21000,1.98000,0.03074,0.96859,0.00067
123.41000,1.98000,0.03129,0.96791,0.00080
123.61000,1.98000,0.04399,0.95440,0.00161
123.81000,1.98000,0.08782,0.90966,0.00252
124.01000,1.98000,0.05330,0.94494,0.00177
124.21000,1.98000,0.05109,0.94706,0.00185
124.41000,1.98000,0.05014,0.94740,0.00247
124.61000,1.98000,0.07521,0.92263,0.00217
124.81000,1.98000,0.05753,0.94019,0.00228
125.01000,1.98000,0.03525,0.96205,0.00270
125.21000,1.98000,0.13397,0.86112,0.00491
125.41000,1.98000,0.34795,0.64871,0.00334
125.61000,1.98000,0.32213,0.67667,0.00120
125.81000,1.98000,0.35144,0.64677,0.00179
126.01000,1.98000,0.26061,0.73796,0.00143
126.21000,1.98000,0.15875,0.84020,0.00105
126.41000,1.98000,0.26869,0.72920,0.00211
126.61000,1.98000,0.23268,0.76496,0.00236
126.81000,1.98000,0.15342,0.84488,0.00169
127.01000,1.98000,0.06786,0.93025,0.00189
127.21000,1.98000,0.01996,0.97794,0.00210
127.41000,1.98000,0.04460,0.95229,0.00311
127.61000,1.98000,0.14525,0.85249,0.00226
127.81000,1.98000,0.08251,0.91680,0.00069
128.00999,1.98001,0.10125,0.89820,0.00055
128.21001,1.98000,0.04634,0.95339,0.00028
128.41000,1.98000,0.02696,0.97287,0.00017
128.61000,1.98000,0.01516,0.98473,0.00011
128.81000,1.98000,0.01973,0.98006,0.00020
129.00999,1.98001,0.02600,0.97374,0.00026
129.21001,1.98000,0.01381,0.98588,0.00030
129.41000,1.98000,0.00440,0.99524,0.00036
129.61000,1.98000,0.00863,0.99046,0.00091
129.81000,1.98000,0.02293,0.97521,0.00186
130.00999,1.98001,0.04845,0.94605,0.00550
130.21001,1.98000,0.07043,0.92004,0.00953
130.41000,1.98000,0.23099,0.73959,0.02942
130.61000,1.98000,0.21114,0.75445,0.03441
130.81000,1.98000,0.38240,0.58903,0.02857
131.00999,1.98001,0.40138,0.57056,0.02806
131.21001,1.98000,0.44389,0.52834,0.02778
131.41000,1.98000,0.28647,0.68624,0.02729
131.61000,1.98000,0.25391,0.69724,0.04885
131.81000,1.98000,0.28459,0.63729,0.07812
132.00999,1.98001,0.30389,0.62001,0.07609
132.21001,1.98000,0.19890,0.76714,0.03396
132.41000,1.98000,0.05429,0.94289,0.00283
132.61000,1.98000,0.01639,0.98144,0.00217
132.81000,1.98000,0.00973,0.98889,0.00137
133.00999,1.98001,0.02619,0.96995,0.00385
133.21001,1.98000,0.05529,0.93865,0.00607
133.41000,1.98000,0.12666,0.85615,0.01719
133.61000,1.98000,0.02749,0.97141,0.00110
133.81000,1.98000,0.00711,0.99258,0.00031
134.00999,1.98001,0.01788,0.98160,0.00052
134.21001,1.98000,0.11912,0.87876,0.00212
134.41000,1.98000,0.24615,0.75122,0.00263
134.61000,1.98000,0.14419,0.85137,0.00443
134.81000,1.98000,0.10979,0.88836,0.00184
135.00999,1.98001,0.03590,0.96340,0.00069
135.21001,1.98000,0.06147,0.93820,0.00033
135.41000,1.98000,0.24149,0.75760,0.00091
135.61000,1.98000,0.56186,0.43547,0.00267
135.81000,1.98000,0.59642,0.40101,0.00258
136.00999,1.98001,0.28695,0.71146,0.00159
136.21001,1.98000,0.06225,0.93734,0.00041
136.41000,1.98000,0.12231,0.87684,0.00085
136.61000,1.98000,0.27776,0.72126,0.00099
136.81000,1.98000,0.22518,0.77281,0.00201
137.00999,1.98001,0.06894,0.92880,0.00226
137.21001,1.98000,0.01765,0.98096,0.00139
137.41000,1.98000,0.00803,0.99166,0.00031
137.61000,1.98000,0.02522,0.97346,0.00131
137.81000,1.98000,0.05734,0.93586,0.00680
138.00999,1.98001,0.13189,0.85244,0.01567
138.21001,1.98000,0.07114,0.92651,0.00236
138.41000,1.98000,0.01846,0.98055,0.00099
138.61000,1.98000,0.00724,0.99246,0.00030
138.81000,1.98000,0.01104,0.98858,0.00037
139.00999,1.98001,0.03748,0.96202,0.00050
139.21001,1.98000,0.05949,0.93993,0.00058
139.41000,1.98000,0.03325,0.96612,0.00064
139.61000,1.98000,0.00812,0.99166,0.00021
139.81000,1.98000,0.00554,0.99433,0.00013
140.00999,1.98001,0.01359,0.98596,0.00045
140.21001,1.98000,0.02113,0.97835,0.00051
140.41000,1.98000,0.03759,0.96177,0.00065
140.61000,1.98000,0.07006,0.92886,0.00108
140.81000,1.98000,0.00770,0.99220,0.00010
141.00999,1.98001,0.00129,0.99869,0.00002
141.21001,1.98000,0.00273,0.99725,0.00002
141.41000,1.98000,0.01236,0.98757,0.00006
141.61000,1.98000,0.01162,0.98833,0.00005
141.81000,1.98000,0.00533,0.99463,0.00004
142.00999,1.98001,0.00251,0.99746,0.00004
142.21001,1.98000,0.00323,0.99671,0.00006
142.41000,1.98000,0.01224,0.98750,0.00026
142.61000,1.98000,0.01674,0.98292,0.00034
142.81000,1.98000,0.03681,0.96224,0.00096
143.00999,1.98001,0.01851,0.98112,0.00038
143.21001,1.98000,0.00943,0.99033,0.00024
143.41000,1.98000,0.01077,0.98833,0.00091
143.61000,1.98000,0.01833,0.98040,0.00127
143.81000,1.98000,0.03408,0.96430,0.00162
144.00999,1.98001,0.05104,0.94688,0.00209
144.21001,1.98000,0.09331,0.89868,0.00801
144.41000,1.98000,0.05823,0.93538,0.00638
144.61000,1.98000,0.07400,0.90690,0.01910
144.81000,1.98000,0.12932,0.82571,0.04497
145.00999,1.98001,0.08498,0.86566,0.04936
145.21001,1.98000,0.03052,0.95307,0.01641
145.41000,1.98000,0.02665,0.96387,0.00948
145.61000,1.98000,0.03688,0.95071,0.01242
145.81000,1.98000,0.01397,0.98314,0.00289
146.00999,1.98001,0.00279,0.99689,0.00032
146.21001,1.98000,0.00147,0.99838,0.00014
146.41000,1.98000,0.00243,0.99736,0.00021
146.61000,1.98000,0.00234,0.99753,0.00013
146.81000,1.98000,0.00173,0.99811,0.00016
147.00999,1.98001,0.00129,0.99864,0.00007
147.21001,1.98000,0.00308,0.99678,0.00015
147.41000,1.98000,0.00657,0.99328,0.00015
147.61000,1.98000,0.01007,0.98965,0.00027
147.81000,1.98000,0.00885,0.99091,0.00024
148.00999,1.98001,0.01247,0.98725,0.00028
148.21001,1.98000,0.01885,0.98058,0.00057
148.41000,1.98000,0.01073,0.98849,0.00079
148.61000,1.98000,0.01628,0.98252,0.00120
148.81000,1.98000,0.02362,0.97458,0.00180
149.00999,1.98001,0.06751,0.92795,0.00454
149.21001,1.98000,0.02871,0.96879,0.00250
149.41000,1.98000,0.01687,0.98201,0.00112
149.61000,1.98000,0.03328,0.96242,0.00430
149.81000,1.98000,0.10196,0.88404,0.01400
150.00999,1.98001,0.01994,0.97619,0.00387
150.21001,1.98000,0.01752,0.98016,0.00232
150.41000,1.98000,0.01853,0.97994,0.00153
150.61000,1.98000,0.03985,0.95888,0.00126
150.81000,1.98000,0.04799,0.95131,0.00069
151.00999,1.98001,0.04574,0.95372,0.00053
151.21001,1.98000,0.03536,0.96408,0.00056
151.41000,1.98000,0.05657,0.94251,0.00091
151.61000,1.98000,0.02194,0.97762,0.00044
151.81000,1.98000,0.01816,0.98139,0.00044
152.00999,1.98001,0.01709,0.98257,0.00034
152.21001,1.98000,0.05798,0.94060,0.00141
152.41000,1.98000,0.03686,0.96034,0.00280
152.61000,1.98000,0.03071,0.96573,0.00356
152.81000,1.98000,0.05035,0.93950,0.01015
153.00999,1.98001,0.05257,0.92336,0.02407
153.21001,1.98000,0.04997,0.92586,0.02417
153.41000,1.98000,0.04361,0.93604,0.02035
153.61000,1.98000,0.03913,0.94013,0.02074
153.81000,1.98000,0.10892,0.83922,0.05186
154.00999,1.98001,0.06278,0.91690,0.02032
154.21001,1.98000,0.05491,0.93495,0.01014
154.41000,1.98000,0.14585,0.83585,0.01830
154.61000,1.98000,0.03338,0.96003,0.00659
154.81000,1.98000,0.02462,0.97093,0.00444
155.00999,1.98001,0.03218,0.96447,0.00335
155.21001,1.98000,0.16719,0.82262,0.01020
155.41000,1.98000,0.17393,0.81950,0.00657
155.61000,1.98000,0.13948,0.85502,0.00549
155.81000,1.98000,0.14988,0.84442,0.00570
156.00999,1.98001,0.19722,0.79689,0.00589
156.21001,1.98000,0.05070,0.94731,0.00198
156.41000,1.98000,0.14514,0.85174,0.00313
156.61000,1.98000,0.19973,0.79814,0.00213
156.81000,1.98000,0.16362,0.83473,0.00165
157.00999,1.98001,0.06565,0.93365,0.00070
157.21001,1.98000,0.01784,0.98175,0.00041
157.41000,1.98000,0.01260,0.98710,0.00030
157.61000,1.98000,0.02438,0.97505,0.00057
157.81000,1.98000,0.07201,0.92754,0.00045
158.00999,1.98001,0.09508,0.90455,0.00036
158.21001,1.98000,0.04287,0.95691,0.00022
158.41000,1.98000,0.02933,0.97042,0.00025
158.61000,1.98000,0.06052,0.93920,0.00029
158.81000,1.98000,0.14523,0.85436,0.00042
159.00999,1.98001,0.10187,0.89779,0.00034
159.21001,1.98000,0.06305,0.93666,0.00029
159.41000,1.98000,0.03968,0.96015,0.00018
159.61000,1.98000,0.01329,0.98656,0.00015
159.81000,1.98000,0.01490,0.98486,0.00024
160.00999,1.98001,0.03081,0.96879,0.00040
160.21001,1.98000,0.03503,0.96461,0.00036
160.41000,1.98000,0.02882,0.97061,0.00057
160.61000,1.98000,0.02437,0.97484,0.00079
160.81000,1.98000,0.08217,0.91640,0.00143
161.00999,1.98001,0.13393,0.86467,0.00140
161.21001,1.98000,0.09845,0.89999,0.00156
161.41000,1.98000,0.11753,0.88112,0.00134
161.61000,1.98000,0.09966,0.89928,0.00106
161.81000,1.98000,0.07702,0.92142,0.00156
162.00999,1.98001,0.08430,0.91351,0.00218
162.21001,1.98000,0.05126,0.94817,0.00057
162.41000,1.98000,0.03776,0.96198,0.00026
162.61000,1.98000,0.01750,0.98218,0.00033
162.81000,1.98000,0.02038,0.97915,0.00047
163.00999,1.98001,0.02761,0.97206,0.00033
163.21001,1.98000,0.02312,0.97654,0.00035
163.41000,1.98000,0.01994,0.97971,0.00035
163.61000,1.98000,0.02542,0.97429,0.00029
163.81000,1.98000,0.02858,0.97093,0.00048
164.00999,1.98001,0.13365,0.86518,0.00117
164.21001,1.98000,0.19612,0.80239,0.00149
164.41000,1.98000,0.15164,0.84798,0.00037
164.61000,1.98000,0.08574,0.91405,0.00021
164.81000,1.98000,0.10863,0.89107,0.00030
165.00999,1.98001,0.25811,0.74148,0.00041
165.21001,1.98000,0.21606,0.78361,0.00034
165.41000,1.98000,0.16928,0.83049,0.00023
165.61000,1.98000,0.10154,0.89831,0.00015
165.81000,1.98000,0.05188,0.94793,0.00020
166.00999,1.98001,0.03479,0.96495,0.00026
166.21001,1.98000,0.04078,0.95841,0.00081
166.41000,1.98000,0.08018,0.91705,0.00277
166.61000,1.98000,0.09658,0.89535,0.00807
166.81000,1.98000,0.07544,0.90934,0.01521
167.00999,1.98001,0.10297,0.88007,0.01696
167.21001,1.98000,0.08519,0.89579,0.01902
167.41000,1.98000,0.07004,0.91693,0.01303
167.61000,1.98000,0.07789,0.90790,0.01421
167.81000,1.98000,0.10269,0.87574,0.02157
168.00999,1.98001,0.16117,0.82821,0.01062
168.21001,1.98000,0.31405,0.67894,0.00700
168.41000,1.98000,0.61499,0.38010,0.00491
168.61000,1.98000,0.65324,0.34396,0.00280
168.81000,1.98000,0.59600,0.40203,0.00197
169.00999,1.98001,0.86668,0.13136,0.00196
169.21001,1.98000,0.96351,0.03558,0.00091
169.41000,1.98000,0.98891,0.01074,0.00036
169.61000,1.98000,0.97904,0.02072,0.00024
169.81000,1.98000,0.92593,0.07377,0.00030
170.00999,1.98001,0.77072,0.22887,0.00041
170.21001,1.98000,0.62373,0.37603,0.00024
170.41000,1.98000,0.33790,0.66183,0.00026
170.61000,1.98000,0.12176,0.87803,0.00021
170.81000,1.98000,0.06707,0.93269,0.00023
171.00999,1.98001,0.03116,0.96861,0.00023
171.21001,1.98000,0.01403,0.98559,0.00038
171.41000,1.98000,0.01939,0.97915,0.00146
171.61000,1.98000,0.02881,0.96572,0.00547
171.81000,1.98000,0.07526,0.90737,0.01737
172.00999,1.98001,0.18184,0.62264,0.19552
172.21001,1.98000,0.10066,0.75153,0.14780
172.41000,1.98000,0.12318,0.62281,0.25401
172.61000,1.98000,0.14139,0.53845,0.32016
172.81000,1.98000,0.14084,0.60083,0.25834
173.00999,1.98001,0.19958,0.60002,0.20040
173.21001,1.98000,0.04549,0.92884,0.02566
173.41000,1.98000,0.03665,0.94724,0.01612
173.61000,1.98000,0.01361,0.98240,0.00400
173.81000,1.98000,0.00455,0.99453,0.00092
174.00999,1.98001,0.00192,0.99781,0.00027
174.21001,1.98000,0.00123,0.99869,0.00008
174.41000,1.98000,0.00114,0.99883,0.00003
174.61000,1.98000,0.00127,0.99871,0.00002
174.81000,1.98000,0.00042,0.99957,0.00001
175.00999,1.98001,0.00089,0.99909,0.00002
175.21001,1.98000,0.00292,0.99701,0.00006
175.41000,1.98000,0.00248,0.99746,0.00006
175.61000,1.98000,0.00232,0.99764,0.00004
175.81000,1.98000,0.00248,0.99748,0.00004
176.00999,1.98001,0.00293,0.99701,0.00006
176.21001,1.98000,0.00709,0.99274,0.00016
176.41000,1.98000,0.00901,0.99077,0.00022
176.61000,1.98000,0.00603,0.99383,0.00013
176.81000,1.98000,0.00606,0.99377,0.00017
177.00999,1.98001,0.00159,0.99835,0.00005
177.21001,1.98000,0.00545,0.99445,0.00011
177.41000,1.98000,0.01524,0.98453,0.00023
177.61000,1.98000,0.01167,0.98815,0.00018
177.81000,1.98000,0.00827,0.99162,0.00011
178.00999,1.98001,0.00319,0.99676,0.00005
178.21001,1.98000,0.00323,0.99672,0.00004
178.41000,1.98000,0.00602,0.99391,0.00008
178.61000,1.98000,0.01010,0.98977,0.00013
178.81000,1.98000,0.00982,0.99004,0.00014
179.00999,1.98001,0.00468,0.99524,0.00008
179.21001,1.98000,0.00448,0.99539,0.00013
179.41000,1.98000,0.00952,0.99023,0.00026
179.61000,1.98000,0.01969,0.97986,0.00045
179.81000,1.98000,0.02070,0.97879,0.00050
180.00999,1.98001,0.01768,0.98168,0.00064
180.21001,1.98000,0.00800,0.99159,0.00040
180.41000,1.98000,0.01612,0.98292,0.00096
180.61000,1.98000,0.04224,0.95445,0.00331
180.81000,1.98000,0.06606,0.92822,0.00572
181.00999,1.98001,0.02067,0.97714,0.00219
181.21001,1.98000,0.00997,0.98893,0.00110
181.41000,1.98000,0.00416,0.99509,0.00075
181.61000,1.98000,0.00751,0.99140,0.00110
181.81000,1.98000,0.01186,0.98722,0.00092
182.00999,1.98001,0.01401,0.98514,0.00085
182.21001,1.98000,0.00940,0.98998,0.00062
182.41000,1.98000,0.00699,0.99281,0.00020
182.61000,1.98000,0.00781,0.99193,0.00026
182.81000,1.98000,0.01361,0.98619,0.00020
183.00999,1.98001,0.01051,0.98926,0.00024
183.21001,1.98000,0.01545,0.98419,0.00036
183.41000,1.98000,0.01829,0.98126,0.00045
183.61000,1.98000,0.01256,0.98704,0.00041
183.81000,1.98000,0.01481,0.98442,0.00077
184.00999,1.98001,0.01656,0.98257,0.00086
184.21001,1.98000,0.04855,0.94976,0.00169
184.41000,1.98000,0.07689,0.92145,0.00166
184.61000,1.98000,0.05194,0.94663,0.00143
184.81000,1.98000,0.02756,0.97120,0.00124
185.00999,1.98001,0.01863,0.98039,0.00098
185.21001,1.98000,0.05550,0.94199,0.00250
185.41000,1.98000,0.08596,0.90753,0.00651
185.61000,1.98000,0.05860,0.93479,0.00661
185.81000,1.98000,0.08932,0.90283,0.00786
186.00999,1.98001,0.13571,0.83467,0.02961
186.21001,1.98000,0.19091,0.72624,0.08284
186.41000,1.98000,0.08495,0.80680,0.10825
186.61000,1.98000,0.11347,0.77324,0.11329
186.81000,1.98000,0.12584,0.74549,0.12867
187.00999,1.98001,0.09143,0.83150,0.07707
187.21001,1.98000,0.07101,0.87178,0.05720
187.41000,1.98000,0.08816,0.88749,0.02435
187.61000,1.98000,0.08377,0.90306,0.01317
187.81000,1.98000,0.04455,0.95113,0.00432
188.00999,1.98001,0.00823,0.99117,0.00060
188.21001,1.98000,0.01151,0.98771,0.00078
188.41000,1.98000,0.01273,0.98643,0.00085
188.61000,1.98000,0.01356,0.98538,0.00106
188.81000,1.98000,0.00956,0.98975,0.00070
189.00999,1.98001,0.01084,0.98832,0.00084
189.21001,1.98000,0.00855,0.99091,0.00054
189.41000,1.98000,0.00474,0.99498,0.00028
189.61000,1.98000,0.00418,0.99548,0.00033
189.81000,1.98000,0.00577,0.99362,0.00061
190.00999,1.98001,0.00541,0.99405,0.00053
190.21001,1.98000,0.00269,0.99703,0.00028
190.41000,1.98000,0.00195,0.99782,0.00023
190.61000,1.98000,0.00222,0.99753,0.00024
190.81000,1.98000,0.00890,0.99034,0.00076
191.00999,1.98001,0.01606,0.98309,0.00085
191.21001,1.98000,0.01708,0.98056,0.00236
191.41000,1.98000,0.02495,0.97060,0.00445
191.61000,1.98000,0.06956,0.92244,0.00800
191.81000,1.98000,0.07620,0.92025,0.00355
192.00999,1.98001,0.03648,0.96098,0.00253
192.21001,1.98000,0.04060,0.95556,0.00384
192.41000,1.98000,0.06004,0.93580,0.00416
192.61000,1.98000,0.06727,0.93091,0.00182
192.81000,1.98000,0.10977,0.88836,0.00188
193.00999,1.98001,0.04700,0.95263,0.00037
193.21001,1.98000,0.03420,0.96559,0.00021
193.41000,1.98000,0.03099,0.96881,0.00019
193.61000,1.98000,0.00727,0.99264,0.00009
193.81000,1.98000,0.01362,0.98622,0.00015
194.00999,1.98001,0.01106,0.98878,0.00016
194.21001,1.98000,0.00970,0.99015,0.00014
194.41000,1.98000,0.01006,0.98973,0.00021
194.61000,1.98000,0.00207,0.99783,0.00010
194.81000,1.98000,0.00499,0.99462,0.00039
195.00999,1.98001,0.00453,0.99509,0.00038
195.21001,1.98000,0.00788,0.99154,0.00058
195.41000,1.98000,0.01027,0.98896,0.00076
195.61000,1.98000,0.00365,0.99594,0.00041
195.81000,1.98000,0.00621,0.99316,0.00063
196.00999,1.98001,0.01218,0.98710,0.00071
196.21001,1.98000,0.03513,0.96157,0.00330
196.41000,1.98000,0.02960,0.96838,0.00202
196.61000,1.98000,0.01676,0.98138,0.00186
196.81000,1.98000,0.01436,0.98470,0.00094
197.00999,1.98001,0.01000,0.98939,0.00061
197.21001,1.98000,0.00938,0.98999,0.00063
197.41000,1.98000,0.00944,0.98987,0.00069
197.61000,1.98000,0.00852,0.99056,0.00093
197.81000,1.98000,0.00864,0.98984,0.00152
198.00999,1.98001,0.00355,0.99570,0.00075
198.21001,1.98000,0.00925,0.98879,0.00196
198.41000,1.98000,0.06048,0.93675,0.00277
198.61000,1.98000,0.05885,0.93815,0.00300
198.81000,1.98000,0.05275,0.94240,0.00485
199.00999,1.98001,0.02748,0.96932,0.00320
199.21001,1.98000,0.06366,0.93143,0.00492
199.41000,1.98000,0.02755,0.97118,0.00127
199.61000,1.98000,0.01597,0.98321,0.00082
199.81000,1.98000,0.01842,0.98074,0.00085
200.00999,1.98001,0.02447,0.97484,0.00069
200.21001,1.98000,0.00862,0.99068,0.00070
200.41000,1.98000,0.00691,0.99215,0.00094
200.61000,1.98000,0.00242,0.99713,0.00046
200.81000,1.98000,0.00509,0.99380,0.00111
201.00999,1.98001,0.00504,0.99340,0.00156
201.21001,1.98000,0.00552,0.99326,0.00122
201.41000,1.98000,0.01163,0.98679,0.00158
201.61000,1.98000,0.01515,0.98225,0.00260
201.81000,1.98000,0.01915,0.97773,0.00312
202.00999,1.98001,0.01504,0.98337,0.00160
202.21001,1.98000,0.02997,0.96880,0.00123
202.41000,1.98000,0.01943,0.98005,0.00052
202.61000,1.98000,0.01486,0.98488,0.00026
202.81000,1.98000,0.02036,0.97940,0.00025
203.00999,1.98001,0.01346,0.98637,0.00018
203.21001,1.98000,0.02236,0.97726,0.00037
203.41000,1.98000,0.03119,0.96856,0.00026
203.61000,1.98000,0.05374,0.94604,0.00022
203.81000,1.98000,0.06018,0.93938,0.00045
204.00999,1.98001,0.02002,0.97960,0.00038
204.21001,1.98000,0.02321,0.97628,0.00051
204.41000,1.98000,0.01951,0.98019,0.00029
204.61000,1.98000,0.02239,0.97727,0.00033
204.81000,1.98000,0.01890,0.98074,0.00037
205.00999,1.98001,0.00906,0.99068,0.00026
205.21001,1.98000,0.00367,0.99606,0.00028
205.41000,1.98000,0.00209,0.99764,0.00027
205.61000,1.98000,0.00454,0.99508,0.00038
205.81000,1.98000,0.00693,0.99248,0.00059
206.00999,1.98001,0.00514,0.99452,0.00034
206.21001,1.98000,0.00429,0.99508,0.00063
206.41000,1.98000,0.01323,0.98484,0.00193
206.61000,1.98000,0.02087,0.97709,0.00204
206.81000,1.98000,0.01883,0.97939,0.00177
207.00999,1.98001,0.01490,0.98303,0.00207
207.21001,1.98000,0.01680,0.98132,0.00188
207.41000,1.98000,0.01671,0.98243,0.00087
207.61000,1.98000,0.03330,0.96493,0.00177
207.81000,1.98000,0.03458,0.96363,0.00180
208.00999,1.98001,0.04156,0.95580,0.00264
208.21001,1.98000,0.06642,0.93060,0.00298
208.41000,1.98000,0.07754,0.91839,0.00407
208.61000,1.98000,0.05327,0.93885,0.00788
208.81000,1.98000,0.01905,0.97434,0.00661
209.00999,1.98001,0.01917,0.97874,0.00209
209.21001,1.98000,0.05113,0.94560,0.00327
209.41000,1.98000,0.01876,0.97737,0.00387
209.61000,1.98000,0.01485,0.98202,0.00313
209.81000,1.98000,0.01021,0.98797,0.00182
210.00999,1.98001,0.01412,0.98505,0.00083
210.21001,1.98000,0.01082,0.98875,0.00043
210.41000,1.98000,0.00601,0.99366,0.00033
210.61000,1.98000,0.01191,0.98761,0.00048
210.81000,1.98000,0.01237,0.98710,0.00054
211.00999,1.98001,0.00951,0.99003,0.00046
211.21001,1.98000,0.01162,0.98792,0.00046
211.41000,1.98000,0.02328,0.97583,0.00089
211.61000,1.98000,0.01519,0.98400,0.00081
211.81000,1.98000,0.01727,0.98142,0.00131
212.00999,1.98001,0.01047,0.98761,0.00192
212.21001,1.98000,0.02105,0.97733,0.00162
212.41000,1.98000,0.04874,0.94995,0.00131
212.61000,1.98000,0.20842,0.78965,0.00193
212.81000,1.98000,0.18841,0.80979,0.00180
213.00999,1.98001,0.10637,0.89207,0.00156
213.21001,1.98000,0.05063,0.94862,0.00075
213.41000,1.98000,0.03936,0.95999,0.00065
213.61000,1.98000,0.05223,0.94737,0.00040
213.81000,1.98000,0.04225,0.95766,0.00009
214.00999,1.98001,0.01503,0.98493,0.00004
214.21001,1.98000,0.00675,0.99319,0.00006
214.41000,1.98000,0.00564,0.99426,0.00011
214.61000,1.98000,0.00432,0.99554,0.00014
214.81000,1.98000,0.00553,0.99423,0.00024
215.00999,1.98001,0.00551,0.99420,0.00029
215.21001,1.98000,0.01062,0.98878,0.00060
215.41000,1.98000,0.00757,0.99206,0.00036
215.61000,1.98000,0.00324,0.99637,0.00040
215.81000,1.98000,0.00306,0.99649,0.00044
216.00999,1.98001,0.01314,0.98601,0.00086
216.21001,1.98000,0.03070,0.96816,0.00113
216.41000,1.98000,0.02906,0.97044,0.00050
216.61000,1.98000,0.03597,0.96376,0.00027
216.81000,1.98000,0.08355,0.91585,0.00060
217.00999,1.98001,0.07557,0.92386,0.00058
217.21001,1.98000,0.20322,0.79511,0.00168
217.41000,1.98000,0.36679,0.63085,0.00236
217.61000,1.98000,0.39976,0.59318,0.00706
217.81000,1.98000,0.16019,0.83570,0.00411
218.00999,1.98001,0.03626,0.96086,0.00288
218.21001,1.98000,0.00771,0.99128,0.00101
218.41000,1.98000,0.00307,0.99634,0.00059
218.61000,1.98000,0.00262,0.99710,0.00028
218.81000,1.98000,0.00142,0.99843,0.00015
219.00999,1.98001,0.00142,0.99838,0.00020
219.21001,1.98000,0.00209,0.99764,0.00027
219.41000,1.98000,0.00052,0.99942,0.00006
219.61000,1.98000,0.00072,0.99920,0.00009
219.81000,1.98000,0.00073,0.99918,0.00009
220.00999,1.98001,0.00188,0.99798,0.00014
220.21001,1.98000,0.00491,0.99479,0.00030
220.41000,1.98000,0.00255,0.99703,0.00041
220.61000,1.98000,0.00358,0.99563,0.00079
220.81000,1.98000,0.01321,0.98340,0.00339
221.00999,1.98001,0.00981,0.98640,0.00379
221.21001,1.98000,0.00606,0.99152,0.00242
221.41000,1.98000,0.00736,0.98972,0.00292
221.61000,1.98000,0.01621,0.97899,0.00480
221.81000,1.98000,0.03070,0.96180,0.00750
222.00999,1.98001,0.01490,0.98148,0.00362
222.21001,1.98000,0.00792,0.99038,0.00170
222.41000,1.98000,0.00651,0.99171,0.00178
222.61000,1.98000,0.00523,0.99356,0.00121
222.81000,1.98000,0.00085,0.99889,0.00026
223.00999,1.98001,0.00135,0.99831,0.00034
223.21001,1.98000,0.00102,0.99883,0.00015
223.41000,1.98000,0.00295,0.99684,0.00022
223.61000,1.98000,0.00233,0.99746,0.00021
223.81000,1.98000,0.00481,0.99473,0.00047
224.00999,1.98001,0.00584,0.99349,0.00067
224.21001,1.98000,0.01174,0.98742,0.00084
224.41000,1.98000,0.00968,0.98995,0.00037
224.61000,1.98000,0.01584,0.98365,0.00050
224.81000,1.98000,0.04234,0.95589,0.00176
225.00999,1.98001,0.10565,0.88970,0.00465
225.21001,1.98000,0.07810,0.91449,0.00741
225.41000,1.98000,0.07083,0.92283,0.00634
225.61000,1.98000,0.01069,0.98778,0.00153
225.81000,1.98000,0.02404,0.97283,0.00313
226.00999,1.98001,0.02218,0.97444,0.00338
226.21001,1.98000,0.02090,0.97437,0.00473
226.41000,1.98000,0.01309,0.98341,0.00350
226.61000,1.98000,0.01396,0.98329,0.00275
226.81000,1.98000,0.01925,0.97884,0.00191
227.00999,1.98001,0.02087,0.97762,0.00151
227.21001,1.98000,0.01084,0.98792,0.00124
227.41000,1.98000,0.01431,0.98456,0.00113
227.61000,1.98000,0.01455,0.98421,0.00123
227.81000,1.98000,0.03576,0.96213,0.00211
228.00999,1.98001,0.09858,0.89895,0.00247
228.21001,1.98000,0.09835,0.89914,0.00251
228.41000,1.98000,0.12976,0.86697,0.00328
228.61000,1.98000,0.07566,0.92092,0.00342
228.81000,1.98000,0.02522,0.97256,0.00222
229.00999,1.98001,0.02909,0.96945,0.00146
229.21001,1.98000,0.06374,0.93176,0.00450
229.41000,1.98000,0.10356,0.88995,0.00649
229.61000,1.98000,0.05236,0.94118,0.00647
229.81000,1.98000,0.02322,0.96854,0.00824
230.00999,1.98001,0.05996,0.92093,0.01911
230.21001,1.98000,0.05885,0.91284,0.02831
230.41000,1.98000,0.01910,0.97742,0.00349
230.61000,1.98000,0.02760,0.97059,0.00181
230.81000,1.98000,0.05833,0.93919,0.00248
231.00999,1.98001,0.04143,0.95661,0.00196
231.21001,1.98000,0.00836,0.99144,0.00020
231.41000,1.98000,0.00544,0.99448,0.00008
231.61000,1.98000,0.00812,0.99184,0.00004
231.81000,1.98000,0.00917,0.99078,0.00005
232.00999,1.98001,0.00867,0.99130,0.00003
232.21001,1.98000,0.00728,0.99270,0.00002
232.41000,1.98000,0.00990,0.99007,0.00004
232.61000,1.98000,0.00473,0.99525,0.00002
232.81000,1.98000,0.01565,0.98432,0.00003
233.00999,1.98001,0.01565,0.98431,0.00004
233.21001,1.98000,0.01941,0.98053,0.00006
233.41000,1.98000,0.01255,0.98741,0.00004
233.61000,1.98000,0.01651,0.98345,0.00005
233.81000,1.98000,0.03153,0.96842,0.00005
234.00999,1.98001,0.13928,0.86063,0.00009
234.21001,1.98000,0.53004,0.46976,0.00020
234.41000,1.98000,0.30272,0.69713,0.00015
234.61000,1.98000,0.05303,0.94694,0.00003
234.81000,1.98000,0.02566,0.97433,0.00001
235.00999,1.98001,0.10152,0.89842,0.00006
235.21001,1.98000,0.22085,0.77908,0.00007
235.41000,1.98000,0.06864,0.93132,0.00003
235.61000,1.98000,0.01266,0.98732,0.00001
235.81000,1.98000,0.00164,0.99835,0.00000
236.00999,1.98001,0.00085,0.99914,0.00000
236.21001,1.98000,0.00040,0.99960,0.00000
236.41000,1.98000,0.00077,0.99922,0.00001
236.61000,1.98000,0.00302,0.99692,0.00006
236.81000,1.98000,0.00851,0.99144,0.00005
237.00999,1.98001,0.00119,0.99880,0.00001
237.21001,1.98000,0.00080,0.99919,0.00001
237.41000,1.98000,0.00249,0.99749,0.00003
237.61000,1.98000,0.00674,0.99311,0.00016
237.81000,1.98000,0.00200,0.99798,0.00003
238.00999,1.98001,0.00208,0.99789,0.00003
238.21001,1.98000,0.00233,0.99765,0.00002
238.41000,1.98000,0.00233,0.99764,0.00003
238.61000,1.98000,0.00034,0.99965,0.00001
238.81000,1.98000,0.00027,0.99972,0.00001
239.00999,1.98001,0.00035,0.99964,0.00001
239.21001,1.98000,0.00039,0.99960,0.00001
239.41000,1.98000,0.00026,0.99973,0.00000
239.61000,1.98000,0.00016,0.99984,0.00000
239.81000,1.98000,0.00018,0.99981,0.00000
240.00999,1.98001,0.00055,0.99945,0.00000
240.21001,1.98000,0.00038,0.99962,0.00000
240.41000,1.98000,0.00038,0.99962,0.00000
240.61000,1.98000,0.00048,0.99951,0.00001
240.81000,1.98000,0.00148,0.99851,0.00002
241.00999,1.98001,0.00096,0.99903,0.00001
241.21001,1.98000,0.00041,0.99959,0.00001
241.41000,1.98000,0.00053,0.99947,0.00001
241.61000,1.98000,0.00180,0.99818,0.00002
241.81000,1.98000,0.00087,0.99912,0.00001
242.00999,1.98001,0.00022,0.99978,0.00000
242.21001,1.98000,0.00022,0.99978,0.00000
242.41000,1.98000,0.00105,0.99894,0.00001
242.61000,1.98000,0.00198,0.99800,0.00002
242.81000,1.98000,0.00065,0.99935,0.00000
243.00999,1.98001,0.00092,0.99908,0.00000
243.21001,1.98000,0.00255,0.99743,0.00002
243.41000,1.98000,0.00334,0.99663,0.00003
243.61000,1.98000,0.00282,0.99714,0.00004
243.81000,1.98000,0.00252,0.99743,0.00005
244.00999,1.98001,0.00319,0.99675,0.00006
244.21001,1.98000,0.00181,0.99816,0.00003
244.41000,1.98000,0.00174,0.99823,0.00003
244.61000,1.98000,0.00594,0.99388,0.00018
244.81000,1.98000,0.01761,0.98141,0.00098
245.00999,1.98001,0.00626,0.99304,0.00070
245.21001,1.98000,0.00265,0.99704,0.00031
245.41000,1.98000,0.00164,0.99782,0.00054
245.61000,1.98000,0.00849,0.98962,0.00188
245.81000,1.98000,0.02902,0.95673,0.01425
246.00999,1.98001,0.05247,0.92666,0.02087
246.21001,1.98000,0.02739,0.95370,0.01890
246.41000,1.98000,0.04363,0.92916,0.02720
246.61000,1.98000,0.06002,0.93506,0.00492
246.81000,1.98000,0.04205,0.95570,0.00225
247.00999,1.98001,0.03389,0.96482,0.00129
247.21001,1.98000,0.09563,0.90029,0.00408
247.41000,1.98000,0.07602,0.92089,0.00308
247.61000,1.98000,0.06420,0.93329,0.00251
247.81000,1.98000,0.13639,0.85706,0.00655
248.00999,1.98001,0.23083,0.76041,0.00875
248.21001,1.98000,0.10725,0.88698,0.00576
248.41000,1.98000,0.02734,0.96966,0.00300
248.61000,1.98000,0.03534,0.95884,0.00582
248.81000,1.98000,0.06319,0.92475,0.01206
249.00999,1.98001,0.04904,0.94442,0.00654
249.21001,1.98000,0.04782,0.94605,0.00613
249.41000,1.98000,0.04967,0.94190,0.00844
249.61000,1.98000,0.06702,0.92374,0.00923
249.81000,1.98000,0.02731,0.96464,0.00805
250.00999,1.98001,0.06648,0.91894,0.01458
250.21001,1.98000,0.16664,0.80113,0.03222
250.41000,1.98000,0.22462,0.70049,0.07489
250.61000,1.98000,0.15056,0.80889,0.04055
250.81000,1.98000,0.07782,0.91042,0.01176
251.00999,1.98001,0.05807,0.92766,0.01427
251.21001,1.98000,0.06821,0.91373,0.01805
251.41000,1.98000,0.06184,0.92260,0.01556
251.61000,1.98000,0.07129,0.91812,0.01059
251.81000,1.98000,0.02591,0.96993,0.00416
252.00999,1.98001,0.01525,0.98021,0.00454
252.21001,1.98000,0.01095,0.98564,0.00341
252.41000,1.98000,0.00731,0.99064,0.00205
252.61000,1.98000,0.00811,0.98832,0.00357
252.81000,1.98000,0.00998,0.98421,0.00581
253.00999,1.98001,0.01349,0.98110,0.00542
253.21001,1.98000,0.01227,0.98162,0.00611
253.41000,1.98000,0.01407,0.98213,0.00380
253.61000,1.98000,0.00902,0.98876,0.00222
253.81000,1.98000,0.00624,0.99228,0.00148
254.00999,1.98001,0.00656,0.99234,0.00109
254.21001,1.98000,0.00786,0.98995,0.00220
254.41000,1.98001,0.00790,0.98816,0.00395
254.61000,1.98000,0.01113,0.98510,0.00377
254.81000,1.98001,0.01052,0.98653,0.00295
255.00999,1.98000,0.01679,0.97823,0.00498
255.21001,1.98000,0.00947,0.98820,0.00233
255.41000,1.98001,0.00626,0.99226,0.00148
255.61000,1.98000,0.01480,0.98389,0.00131
255.81000,1.98001,0.08412,0.91034,0.00554
256.01001,1.97998,0.08774,0.90122,0.01104
256.20999,1.98001,0.12924,0.84185,0.02890
256.41000,1.98001,0.12743,0.84097,0.03159
256.60999,1.98001,0.11923,0.87158,0.00919
256.81000,1.98001,0.03346,0.96516,0.00139
257.01001,1.97998,0.10164,0.89102,0.00734
257.20999,1.98001,0.20847,0.77845,0.01308
257.41000,1.98001,0.17135,0.79372,0.03493
257.60999,1.98001,0.09092,0.87950,0.02959
257.81000,1.98001,0.09132,0.86048,0.04820
258.01001,1.97998,0.08598,0.87302,0.04100
258.20999,1.98001,0.08793,0.88429,0.02778
258.41000,1.98001,0.02520,0.96233,0.01246
258.60999,1.98001,0.02572,0.96310,0.01118
258.81000,1.98001,0.01907,0.97627,0.00467
259.01001,1.97998,0.01816,0.97432,0.00752
259.20999,1.98001,0.00711,0.98969,0.00320
259.41000,1.98001,0.00661,0.99167,0.00172
259.60999,1.98001,0.00376,0.99504,0.00121
259.81000,1.98001,0.00327,0.99579,0.00094
260.01001,1.97998,0.00709,0.99130,0.00161
260.20999,1.98001,0.01336,0.98207,0.00457
260.41000,1.98001,0.00970,0.98760,0.00271
260.60999,1.98001,0.00792,0.99001,0.00207
260.81000,1.98001,0.00670,0.99214,0.00115
261.01001,1.97998,0.01355,0.98275,0.00369
261.20999,1.98001,0.01449,0.98078,0.00472
261.41000,1.98001,0.01119,0.98473,0.00407
261.60999,1.98001,0.00717,0.98969,0.00315
261.81000,1.98001,0.00674,0.99062,0.00264
262.01001,1.97998,0.02082,0.97141,0.00777
262.20999,1.98001,0.10957,0.78664,0.10379
262.41000,1.98001,0.14415,0.69791,0.15793
262.60999,1.98001,0.08378,0.84162,0.07460
262.81000,1.98001,0.04846,0.93314,0.01840
263.01001,1.97998,0.03625,0.95321,0.01053
263.20999,1.98001,0.02553,0.96659,0.00787
263.41000,1.98001,0.01420,0.97966,0.00613
263.60999,1.98001,0.01491,0.98066,0.00442
263.81000,1.98001,0.02044,0.97720,0.00236
264.01001,1.97998,0.01161,0.98724,0.00115
264.20999,1.98001,0.00740,0.99124,0.00137
264.41000,1.98001,0.01304,0.98457,0.00239
264.60999,1.98001,0.00889,0.98892,0.00219
264.81000,1.98001,0.00909,0.98911,0.00180
265.01001,1.97998,0.00613,0.99202,0.00185
265.20999,1.98001,0.00681,0.98976,0.00343
265.41000,1.98001,0.00743,0.98596,0.00661
265.60999,1.98001,0.00320,0.99497,0.00184
265.81000,1.98001,0.00194,0.99694,0.00112
266.01001,1.97998,0.00100,0.99825,0.00075
266.20999,1.98001,0.00196,0.99688,0.00116
266.41000,1.98001,0.00434,0.99454,0.00112
266.60999,1.98001,0.00441,0.99436,0.00123
266.81000,1.98001,0.00738,0.98933,0.00329
267.01001,1.97998,0.01060,0.98402,0.00538
267.20999,1.98001,0.00829,0.98999,0.00171
267.41000,1.98001,0.02010,0.97605,0.00385
267.60999,1.98001,0.02259,0.97169,0.00572
267.81000,1.98001,0.01262,0.98449,0.00289
268.01001,1.97998,0.01864,0.97798,0.00338
268.20999,1.98001,0.01635,0.97963,0.00402
268.41000,1.98001,0.01203,0.98447,0.00349
268.60999,1.98001,0.00767,0.98975,0.00258
268.81000,1.98001,0.00615,0.99211,0.00173
269.01001,1.97998,0.00628,0.99201,0.00171
269.20999,1.98001,0.00865,0.98731,0.00404
269.41000,1.98001,0.03538,0.96059,0.00403
269.60999,1.98001,0.07278,0.92521,0.00200
269.81000,1.98001,0.08851,0.91052,0.00098
270.01001,1.97998,0.04303,0.95572,0.00125
270.20999,1.98001,0.02494,0.97405,0.00101
270.41000,1.98001,0.01814,0.98121,0.00065
270.60999,1.98001,0.01539,0.98417,0.00044
270.81000,1.98001,0.02281,0.97657,0.00063
271.01001,1.97998,0.01659,0.98305,0.00036
271.20999,1.98001,0.00726,0.99241,0.00033
271.41000,1.98001,0.00520,0.99376,0.00104
271.60999,1.98001,0.00429,0.99470,0.00101
271.81000,1.98001,0.00312,0.99609,0.00079
272.01001,1.97998,0.00247,0.99696,0.00057
272.20999,1.98001,0.00442,0.99500,0.00057
272.41000,1.98001,0.00355,0.99576,0.00069
272.60999,1.98001,0.00349,0.99578,0.00073
272.81000,1.98001,0.00404,0.99490,0.00106
273.01001,1.97998,0.00551,0.99298,0.00151
273.20999,1.98001,0.00409,0.99524,0.00067
273.41000,1.98001,0.00262,0.99639,0.00098
273.60999,1.98001,0.00238,0.99652,0.00110
273.81000,1.98001,0.00364,0.99494,0.00142
274.01001,1.97998,0.00543,0.99173,0.00285
274.20999,1.98001,0.00744,0.98761,0.00495
274.41000,1.98001,0.01230,0.97465,0.01304
274.60999,1.98001,0.02056,0.94823,0.03121
274.81000,1.98001,0.03297,0.94977,0.01726
275.01001,1.97998,0.07760,0.91213,0.01028
275.20999,1.98001,0.11700,0.87270,0.01030
275.41000,1.98001,0.29492,0.68738,0.01769
275.60999,1.98001,0.23668,0.75247,0.01084
275.81000,1.98001,0.26061,0.72807,0.01133
276.01001,1.97998,0.13855,0.85568,0.00577
276.20999,1.98001,0.28262,0.70718,0.01021
276.41000,1.98001,0.11407,0.88440,0.00153
276.60999,1.98001,0.04932,0.94990,0.00078
276.81000,1.98001,0.01193,0.98738,0.00068
277.01001,1.97998,0.00436,0.99504,0.00059
277.20999,1.98001,0.00148,0.99820,0.00031
277.41000,1.98001,0.00092,0.99885,0.00023
277.60999,1.98001,0.00242,0.99675,0.00083
277.81000,1.98001,0.00460,0.99433,0.00107
278.01001,1.97998,0.00551,0.99413,0.00037
278.20999,1.98001,0.00338,0.99637,0.00025
278.41000,1.98001,0.00258,0.99725,0.00018
278.60999,1.98001,0.00388,0.99589,0.00023
278.81000,1.98001,0.00301,0.99655,0.00044
279.01001,1.97998,0.00943,0.98831,0.00226
279.20999,1.98001,0.03184,0.96121,0.00695
279.41000,1.98001,0.08759,0.89606,0.01635
279.60999,1.98001,0.03530,0.95574,0.00897
279.81000,1.98001,0.01319,0.97476,0.01205
280.01001,1.97998,0.00866,0.98608,0.00525
280.20999,1.98001,0.01292,0.98155,0.00553
280.41000,1.98001,0.01696,0.97571,0.00733
280.60999,1.98001,0.01914,0.97074,0.01012
280.81000,1.98001,0.00543,0.99257,0.00200
281.01001,1.97998,0.00375,0.99582,0.00044
281.20999,1.98001,0.01017,0.98941,0.00042
281.41000,1.98001,0.01063,0.98912,0.00024
281.60999,1.98001,0.01113,0.98867,0.00020
281.81000,1.98001,0.01085,0.98905,0.00010
282.01001,1.97998,0.02568,0.97374,0.00058
282.20999,1.98001,0.01717,0.98248,0.00035
282.41000,1.98001,0.01006,0.98978,0.00017
282.60999,1.98001,0.03096,0.96881,0.00023
282.81000,1.98001,0.05750,0.94231,0.00019
283.01001,1.97998,0.01193,0.98801,0.00006
283.20999,1.98001,0.00688,0.99306,0.00006
283.41000,1.98001,0.01343,0.98646,0.00011
283.60999,1.98001,0.08969,0.90981,0.00050
283.81000,1.98001,0.04646,0.95325,0.00029
284.01001,1.97998,0.03562,0.96416,0.00022
284.20999,1.98001,0.05076,0.94896,0.00028
284.41000,1.98001,0.05242,0.94720,0.00038
284.60999,1.98001,0.01840,0.98146,0.00014
284.81000,1.98001,0.00776,0.99208,0.00015
285.01001,1.97998,0.01390,0.98573,0.00037
285.20999,1.98001,0.08835,0.90989,0.00177
285.41000,1.98001,0.04231,0.95542,0.00227
285.60999,1.98001,0.02803,0.97001,0.00196
285.81000,1.98001,0.02566,0.97224,0.00211
286.01001,1.97998,0.02625,0.97206,0.00169
286.20999,1.98001,0.01510,0.98397,0.00093
286.41000,1.98001,0.00421,0.99541,0.00039
286.60999,1.98001,0.00369,0.99564,0.00068
286.81000,1.98001,0.00285,0.99676,0.00039
287.01001,1.97998,0.00337,0.99632,0.00031
287.20999,1.98001,0.00222,0.99757,0.00021
287.41000,1.98001,0.00243,0.99729,0.00028
287.60999,1.98001,0.00260,0.99712,0.00027
287.81000,1.98001,0.00258,0.99717,0.00025
288.01001,1.97998,0.00404,0.99570,0.00026
288.20999,1.98001,0.01353,0.98597,0.00050
288.41000,1.98001,0.01138,0.98820,0.00042
288.60999,1.98001,0.02824,0.97074,0.00102
288.81000,1.98001,0.05286,0.94559,0.00155
289.01001,1.97998,0.17657,0.82159,0.00184
289.20999,1.98001,0.26299,0.73595,0.00106
289.41000,1.98001,0.27981,0.71938,0.00081
289.60999,1.98001,0.29827,0.70057,0.00116
289.81000,1.98001,0.25671,0.74197,0.00132
290.01001,1.97998,0.30078,0.69333,0.00589
290.20999,1.98001,0.46099,0.52799,0.01102
290.41000,1.98001,0.24449,0.75256,0.00294
290.60999,1.98001,0.11011,0.88864,0.00125
290.81000,1.98001,0.01742,0.98216,0.00042
291.01001,1.97998,0.00463,0.99509,0.00027
291.20999,1.98001,0.00599,0.99341,0.00059
291.41000,1.98001,0.00390,0.99571,0.00039
291.60999,1.98001,0.00363,0.99601,0.00037
291.81000,1.98001,0.00797,0.99175,0.00029
292.01001,1.97998,0.00078,0.99917,0.00004
292.20999,1.98001,0.00057,0.99940,0.00004
292.41000,1.98001,0.00063,0.99934,0.00003
292.60999,1.98001,0.00357,0.99622,0.00020
292.81000,1.98001,0.01061,0.98814,0.00124
293.01001,1.97998,0.00578,0.99342,0.00079
293.20999,1.98001,0.01208,0.98684,0.00109
293.41000,1.98001,0.07703,0.92142,0.00156
293.60999,1.98001,0.09065,0.90875,0.00060
