Time (seconds), Duration (seconds),pred_unlabelled,pred_circle,pred_shaking
0.01000,0.98000,0.06546,0.01723,0.91731
0.21000,0.98000,0.08212,0.05332,0.86456
0.41000,0.98000,0.03267,0.02089,0.94644
0.61000,0.98000,0.00866,0.01326,0.97808
0.81000,0.98000,0.00597,0.01030,0.98373
1.01000,0.98000,0.00743,0.02675,0.96582
1.21000,0.98000,0.00557,0.02684,0.96760
1.41000,0.98000,0.01160,0.02439,0.96402
1.61000,0.98000,0.02016,0.07907,0.90077
1.81000,0.98000,0.01234,0.03456,0.95310
2.01000,0.98000,0.01917,0.02535,0.95548
2.21000,0.98000,0.01259,0.03820,0.94921
2.41000,0.98000,0.01384,0.01144,0.97472
2.61000,0.98000,0.01851,0.00903,0.97246
2.81000,0.98000,0.01361,0.00873,0.97766
3.01000,0.98000,0.05584,0.00733,0.93683
3.21000,0.98000,0.16616,0.02720,0.80664
3.41000,0.98000,0.02510,0.00914,0.96576
3.61000,0.98000,0.01792,0.00699,0.97509
3.81000,0.98000,0.01442,0.00530,0.98028
4.01000,0.98000,0.01074,0.00833,0.98094
4.21000,0.98000,0.00452,0.01713,0.97835
4.41000,0.98000,0.00491,0.01918,0.97592
4.61000,0.98000,0.00438,0.01890,0.97672
4.81000,0.98000,0.00775,0.01112,0.98113
5.01000,0.98000,0.00554,0.02311,0.97135
5.21000,0.98000,0.00597,0.03055,0.96348
5.41000,0.98000,0.02067,0.03376,0.94557
5.61000,0.98000,0.03036,0.11786,0.85178
5.81000,0.98000,0.02728,0.02940,0.94332
6.01000,0.98000,0.05399,0.02153,0.92449
6.21000,0.98000,0.03177,0.03130,0.93693
6.41000,0.98000,0.03423,0.05721,0.90857
6.61000,0.98000,0.03427,0.07477,0.89096
6.81000,0.98000,0.01141,0.02684,0.96174
7.01000,0.98000,0.01250,0.03168,0.95582
7.21000,0.98000,0.01013,0.03567,0.95420
7.41000,0.98000,0.00558,0.02710,0.96732
7.61000,0.98000,0.00722,0.01042,0.98236
7.81000,0.98000,0.00292,0.01941,0.97767
8.01000,0.98000,0.00583,0.01986,0.97430
8.21000,0.98000,0.00847,0.01454,0.97698
8.41000,0.98000,0.03621,0.01302,0.95077
8.61000,0.98000,0.07292,0.02310,0.90397
8.81000,0.98000,0.05892,0.09637,0.84471
9.01000,0.98000,0.05904,0.01948,0.92148
9.21000,0.98000,0.02068,0.05356,0.92575
9.41000,0.98000,0.13997,0.00798,0.85205
9.61000,0.98000,0.10543,0.21774,0.67683
9.81000,0.98000,0.30862,0.31407,0.37731
10.01000,0.98000,0.24384,0.59371,0.16245
10.21000,0.98000,0.03812,0.24739,0.71449
10.41000,0.98000,0.03515,0.30563,0.65923
10.61000,0.98000,0.02433,0.22402,0.75165
10.81000,0.98000,0.00923,0.05154,0.93922
11.01000,0.98000,0.00259,0.02022,0.97719
11.21000,0.98000,0.00202,0.00889,0.98909
11.41000,0.98000,0.00318,0.01143,0.98539
11.61000,0.98000,0.00220,0.00452,0.99328
11.81000,0.98000,0.00230,0.00793,0.98977
12.01000,0.98000,0.00280,0.00536,0.99184
12.21000,0.98000,0.00247,0.01690,0.98063
12.41000,0.98000,0.00710,0.02096,0.97195
12.61000,0.98000,0.00845,0.01658,0.97497
12.81000,0.98000,0.01001,0.01429,0.97569
13.01000,0.98000,0.05155,0.00480,0.94365
13.21000,0.98000,0.01887,0.00785,0.97328
13.41000,0.98000,0.02841,0.00704,0.96455
13.61000,0.98000,0.02869,0.00716,0.96415
13.81000,0.98000,0.02644,0.00615,0.96741
14.01000,0.98000,0.10176,0.00273,0.89551
14.21000,0.98000,0.06222,0.00545,0.93233
14.41000,0.98000,0.06108,0.04288,0.89604
14.61000,0.98000,0.22874,0.14316,0.62810
14.81000,0.98000,0.05644,0.02154,0.92202
15.01000,0.98000,0.13039,0.08847,0.78114
15.21000,0.98000,0.14882,0.00260,0.84858
15.41000,0.98000,0.10799,0.00663,0.88538
15.61000,0.98000,0.10843,0.00543,0.88614
15.81000,0.98000,0.09110,0.00914,0.89975
16.01000,0.98000,0.03426,0.02598,0.93976
16.21000,0.98000,0.06879,0.01266,0.91855
16.41000,0.98000,0.10418,0.02101,0.87481
16.61000,0.98000,0.08393,0.00622,0.90985
16.81000,0.98000,0.04242,0.01430,0.94328
17.01000,0.98000,0.05679,0.00889,0.93431
17.21000,0.98000,0.05416,0.00604,0.93980
17.41000,0.98000,0.08046,0.01832,0.90122
17.61000,0.98000,0.07150,0.00328,0.92522
17.81000,0.98000,0.03748,0.00661,0.95591
18.01000,0.98000,0.10253,0.00407,0.89340
18.21000,0.98000,0.07613,0.00949,0.91438
18.41000,0.98000,0.04892,0.01646,0.93461
18.61000,0.98000,0.03974,0.02987,0.93039
18.81000,0.98000,0.09720,0.13083,0.77197
19.01000,0.98000,0.03742,0.10602,0.85656
19.21000,0.98000,0.08013,0.19245,0.72742
19.41000,0.98000,0.05408,0.12519,0.82073
19.61000,0.98000,0.02372,0.03498,0.94130
19.81000,0.98000,0.02330,0.06580,0.91090
20.01000,0.98000,0.01687,0.09202,0.89111
20.21000,0.98000,0.04399,0.16436,0.79165
20.41000,0.98000,0.04956,0.08477,0.86567
20.61000,0.98000,0.08541,0.02253,0.89206
20.81000,0.98000,0.09427,0.00766,0.89808
21.01000,0.98000,0.19417,0.01063,0.79520
21.21000,0.98000,0.18790,0.00225,0.80986
21.41000,0.98000,0.15116,0.00446,0.84438
21.61000,0.98000,0.09704,0.00733,0.89562
21.81000,0.98000,0.02563,0.01103,0.96335
22.01000,0.98000,0.01172,0.02614,0.96214
22.21000,0.98000,0.01768,0.03292,0.94940
22.41000,0.98000,0.01359,0.01166,0.97475
22.61000,0.98000,0.02653,0.01072,0.96275
22.81000,0.98000,0.00520,0.00804,0.98676
23.01000,0.98000,0.00430,0.00656,0.98914
23.21000,0.98000,0.00322,0.01243,0.98435
23.41000,0.98000,0.01174,0.01508,0.97318
23.61000,0.98000,0.00380,0.00695,0.98924
23.81000,0.98000,0.00597,0.00929,0.98473
24.01000,0.98000,0.00351,0.02650,0.96999
24.21000,0.98000,0.00689,0.01629,0.97682
24.41000,0.98000,0.00646,0.01337,0.98016
24.61000,0.98000,0.00552,0.02042,0.97406
24.81000,0.98000,0.01639,0.06543,0.91818
25.01000,0.98000,0.03050,0.06989,0.89961
25.21000,0.98000,0.00583,0.04037,0.95379
25.41000,0.98000,0.01596,0.00649,0.97755
25.61000,0.98000,0.01713,0.01936,0.96351
25.81000,0.98000,0.07947,0.01106,0.90947
26.01000,0.98000,0.13476,0.00573,0.85951
26.21000,0.98000,0.03060,0.00845,0.96095
26.41000,0.98000,0.01890,0.02269,0.95841
26.61000,0.98000,0.02510,0.00935,0.96554
26.81000,0.98000,0.00828,0.01996,0.97175
27.01000,0.98000,0.01024,0.00703,0.98273
27.21000,0.98000,0.00335,0.01160,0.98505
27.41000,0.98000,0.01571,0.00383,0.98046
27.61000,0.98000,0.00699,0.00624,0.98676
27.81000,0.98000,0.00650,0.01334,0.98016
28.01000,0.98000,0.03423,0.00920,0.95657
28.21000,0.98000,0.01261,0.01529,0.97209
28.41000,0.98000,0.00923,0.01094,0.97983
28.61000,0.98000,0.00452,0.00868,0.98680
28.81000,0.98000,0.03802,0.00451,0.95747
29.01000,0.98000,0.01719,0.00273,0.98009
29.21000,0.98000,0.05454,0.00445,0.94101
29.41000,0.98000,0.06588,0.00501,0.92910
29.61000,0.98000,0.05865,0.00492,0.93642
29.81000,0.98000,0.01744,0.00466,0.97790
30.01000,0.98000,0.00453,0.00687,0.98861
30.21000,0.98000,0.00288,0.00713,0.98998
30.41000,0.98000,0.00666,0.00933,0.98401
30.61000,0.98000,0.00448,0.01816,0.97736
30.81000,0.98000,0.02446,0.01305,0.96249
31.01000,0.98000,0.03724,0.04075,0.92201
31.21000,0.98000,0.01267,0.06744,0.91989
31.41000,0.98000,0.00561,0.02420,0.97019
31.61000,0.98000,0.02821,0.00962,0.96217
31.81000,0.98000,0.01502,0.01492,0.97007
32.01000,0.98000,0.07210,0.00435,0.92356
32.21000,0.98000,0.09162,0.00253,0.90585
32.41000,0.98000,0.00699,0.00472,0.98829
32.61000,0.98000,0.02049,0.00509,0.97442
32.81000,0.98000,0.04187,0.00679,0.95134
33.01000,0.98000,0.04940,0.00528,0.94532
33.21000,0.98000,0.02164,0.02754,0.95082
33.41000,0.98000,0.01630,0.02351,0.96018
33.61000,0.98000,0.00545,0.02726,0.96729
33.81000,0.98000,0.00451,0.01660,0.97889
34.01000,0.98000,0.00592,0.01252,0.98156
34.21000,0.98000,0.00282,0.02557,0.97161
34.41000,0.98000,0.00605,0.02067,0.97328
34.61000,0.98000,0.00424,0.01437,0.98139
34.81000,0.98000,0.00125,0.00885,0.98991
35.01000,0.98000,0.00142,0.00982,0.98876
35.21000,0.98000,0.00202,0.00827,0.98970
35.41000,0.98000,0.00936,0.02339,0.96725
35.61000,0.98000,0.02122,0.02321,0.95557
35.81000,0.98000,0.12648,0.03617,0.83734
36.01000,0.98000,0.22973,0.01636,0.75390
36.21000,0.98000,0.21641,0.00212,0.78147
36.41000,0.98000,0.10259,0.00284,0.89457
36.61000,0.98000,0.06386,0.00567,0.93047
36.81000,0.98000,0.13896,0.00161,0.85943
37.01000,0.98000,0.07220,0.00227,0.92553
37.21000,0.98000,0.04564,0.00560,0.94876
37.41000,0.98000,0.12751,0.00196,0.87053
37.61000,0.98000,0.06710,0.00886,0.92404
37.81000,0.98000,0.02730,0.07621,0.89649
38.01000,0.98000,0.01234,0.03379,0.95387
38.21000,0.98000,0.06936,0.22153,0.70910
38.41000,0.98000,0.00568,0.04909,0.94522
38.61000,0.98000,0.00484,0.06033,0.93483
38.81000,0.98000,0.00166,0.01067,0.98767
39.01000,0.98000,0.00119,0.00912,0.98969
39.21000,0.98000,0.00246,0.02005,0.97749
39.41000,0.98000,0.00632,0.01329,0.98039
39.61000,0.98000,0.00309,0.02058,0.97633
39.81000,0.98000,0.00450,0.01311,0.98239
40.01000,0.98000,0.01555,0.00594,0.97852
40.21000,0.98000,0.03943,0.00174,0.95883
40.41000,0.98000,0.07703,0.00298,0.91999
40.61000,0.98000,0.12135,0.00136,0.87728
40.81000,0.98000,0.07982,0.00323,0.91695
41.01000,0.98000,0.02739,0.00484,0.96777
41.21000,0.98000,0.10279,0.00229,0.89492
41.41000,0.98000,0.02788,0.00478,0.96734
41.61000,0.98000,0.07022,0.00276,0.92702
41.81000,0.98000,0.04248,0.04650,0.91102
42.01000,0.98000,0.00805,0.00847,0.98348
42.21000,0.98000,0.00902,0.01862,0.97236
42.41000,0.98000,0.01034,0.01426,0.97540
42.61000,0.98000,0.01067,0.01295,0.97638
42.81000,0.98000,0.02708,0.00610,0.96682
43.01000,0.98000,0.01264,0.00848,0.97888
43.21000,0.98000,0.00742,0.01194,0.98064
43.41000,0.98000,0.01170,0.00682,0.98147
43.61000,0.98000,0.00854,0.01129,0.98017
43.81000,0.98000,0.05175,0.00824,0.94002
44.01000,0.98000,0.05912,0.01053,0.93035
44.21000,0.98000,0.03378,0.02712,0.93910
44.41000,0.98000,0.05976,0.01172,0.92852
44.61000,0.98000,0.06496,0.01633,0.91871
44.81000,0.98000,0.33277,0.00686,0.66037
45.01000,0.98000,0.05904,0.01066,0.93030
45.21000,0.98000,0.11416,0.00281,0.88303
45.41000,0.98000,0.05986,0.01144,0.92871
45.61000,0.98000,0.07232,0.03536,0.89232
45.81000,0.98000,0.07597,0.12521,0.79882
46.01000,0.98000,0.03976,0.25307,0.70717
46.21000,0.98000,0.01415,0.06326,0.92259
46.41000,0.98000,0.00598,0.01743,0.97659
46.61000,0.98000,0.04153,0.00545,0.95303
46.81000,0.98000,0.02525,0.01637,0.95838
47.01000,0.98000,0.02170,0.01370,0.96459
47.21000,0.98000,0.05105,0.22615,0.72279
47.41000,0.98000,0.10675,0.45812,0.43512
47.61000,0.98000,0.06725,0.45886,0.47389
47.81000,0.98000,0.08901,0.78949,0.12150
48.01000,0.98000,0.08998,0.77108,0.13895
48.21000,0.98000,0.15076,0.72659,0.12266
48.41000,0.98000,0.11719,0.28062,0.60219
48.61000,0.98000,0.20147,0.16920,0.62933
48.81000,0.98000,0.14787,0.29650,0.55563
49.01000,0.98000,0.12662,0.19195,0.68143
49.21000,0.98000,0.03478,0.15591,0.80931
49.41000,0.98000,0.00888,0.02538,0.96573
49.61000,0.98000,0.00617,0.01385,0.97999
49.81000,0.98000,0.00487,0.01625,0.97888
50.01000,0.98000,0.02810,0.06048,0.91142
50.21000,0.98000,0.11621,0.37211,0.51168
50.41000,0.98000,0.04070,0.16122,0.79808
50.61000,0.98000,0.01354,0.06092,0.92554
50.81000,0.98000,0.01825,0.01795,0.96380
51.01000,0.98000,0.00928,0.05468,0.93604
51.21000,0.98000,0.02386,0.05406,0.92208
51.41000,0.98000,0.01029,0.03747,0.95225
51.61000,0.98000,0.00504,0.01743,0.97753
51.81000,0.98000,0.00273,0.00859,0.98869
52.01000,0.98000,0.00324,0.00767,0.98908
52.21000,0.98000,0.00303,0.00419,0.99278
52.41000,0.98000,0.00170,0.00938,0.98892
52.61000,0.98000,0.00358,0.00563,0.99079
52.81000,0.98000,0.00686,0.01589,0.97725
53.01000,0.98000,0.00455,0.00916,0.98630
53.21000,0.98000,0.00611,0.01859,0.97530
53.41000,0.98000,0.02806,0.01627,0.95566
53.61000,0.98000,0.11104,0.01607,0.87289
53.81000,0.98000,0.10124,0.00599,0.89277
54.01000,0.98000,0.03855,0.01616,0.94529
54.21000,0.98000,0.03896,0.04797,0.91307
54.41000,0.98000,0.01512,0.00712,0.97777
54.61000,0.98000,0.04807,0.00779,0.94414
54.81000,0.98000,0.13163,0.00514,0.86322
55.01000,0.98000,0.14121,0.00323,0.85555
55.21000,0.98000,0.04679,0.01310,0.94011
55.41000,0.98000,0.03504,0.01675,0.94821
55.61000,0.98000,0.04088,0.00722,0.95191
55.81000,0.98000,0.02695,0.00660,0.96645
56.01000,0.98000,0.04019,0.00673,0.95308
56.21000,0.98000,0.09916,0.08218,0.81867
56.41000,0.98000,0.01658,0.15746,0.82596
56.61000,0.98000,0.06324,0.29048,0.64628
56.81000,0.98000,0.09506,0.74772,0.15722
57.01000,0.98000,0.10099,0.83355,0.06546
57.21000,0.98000,0.10579,0.49924,0.39497
57.41000,0.98000,0.00500,0.08258,0.91241
57.61000,0.98000,0.00372,0.08145,0.91483
57.81000,0.98000,0.00392,0.05427,0.94181
58.01000,0.98000,0.00340,0.02630,0.97030
58.21000,0.98000,0.00871,0.01682,0.97447
58.41000,0.98000,0.04916,0.03378,0.91706
58.61000,0.98000,0.08409,0.00518,0.91073
58.81000,0.98000,0.29016,0.02464,0.68520
59.01000,0.98000,0.04160,0.02751,0.93090
59.21000,0.98000,0.06253,0.02342,0.91405
59.41000,0.98000,0.08167,0.02461,0.89373
59.61000,0.98000,0.11896,0.02286,0.85819
59.81000,0.98000,0.08633,0.06373,0.84994
60.01000,0.98000,0.15778,0.07496,0.76726
60.21000,0.98000,0.20960,0.47858,0.31181
60.41000,0.98000,0.19134,0.45128,0.35739
60.61000,0.98000,0.08049,0.08791,0.83160
60.81000,0.98000,0.53661,0.02297,0.44041
61.01000,0.98000,0.04760,0.01555,0.93686
61.21000,0.98000,0.02307,0.01436,0.96257
61.41000,0.98000,0.06785,0.60959,0.32256
61.61000,0.98000,0.10121,0.65907,0.23972
61.81000,0.98000,0.13511,0.71311,0.15179
62.01000,0.98000,0.23487,0.63928,0.12585
62.21000,0.98000,0.22383,0.52650,0.24967
62.41000,0.98000,0.25087,0.49345,0.25567
62.61000,0.98000,0.10867,0.13959,0.75174
62.81000,0.98000,0.06636,0.05257,0.88107
63.01000,0.98000,0.05080,0.03189,0.91731
63.21000,0.98000,0.13819,0.23845,0.62335
63.41000,0.98000,0.11041,0.14796,0.74162
63.61000,0.98000,0.16747,0.34409,0.48844
63.81000,0.98000,0.09022,0.02464,0.88514
64.01000,0.98000,0.28055,0.06226,0.65719
64.21000,0.98000,0.12229,0.06752,0.81019
64.41000,0.98000,0.37894,0.07386,0.54720
64.61000,0.98000,0.01052,0.00714,0.98234
64.81000,0.98000,0.00732,0.03391,0.95877
65.01000,0.98000,0.04034,0.13069,0.82897
65.21000,0.98000,0.06024,0.35719,0.58257
65.41000,0.98000,0.03042,0.04596,0.92362
65.61000,0.98000,0.05679,0.02002,0.92318
65.81000,0.98000,0.01525,0.01116,0.97359
66.01000,0.98000,0.00907,0.01842,0.97251
66.21000,0.98000,0.00716,0.02377,0.96906
66.41000,0.98000,0.01727,0.01212,0.97060
66.61000,0.98000,0.02176,0.03855,0.93969
66.81000,0.98000,0.04274,0.00390,0.95336
67.01000,0.98000,0.06530,0.00583,0.92886
67.21000,0.98000,0.09215,0.00354,0.90431
67.41000,0.98000,0.10856,0.00459,0.88686
67.61000,0.98000,0.05711,0.00697,0.93592
67.81000,0.98000,0.05792,0.01242,0.92965
68.01000,0.98000,0.09297,0.00303,0.90400
68.21000,0.98000,0.05455,0.00415,0.94129
68.41000,0.98000,0.08335,0.01142,0.90523
68.61000,0.98000,0.04949,0.10741,0.84311
68.81000,0.98000,0.04170,0.08205,0.87625
69.01000,0.98000,0.05893,0.04318,0.89789
69.21000,0.98000,0.02641,0.03988,0.93371
69.41000,0.98000,0.02445,0.01473,0.96082
69.61000,0.98000,0.01437,0.01291,0.97272
69.81000,0.98000,0.02202,0.01155,0.96643
70.01000,0.98000,0.07244,0.00358,0.92398
70.21000,0.98000,0.10010,0.00240,0.89749
70.41000,0.98000,0.10666,0.00244,0.89090
70.61000,0.98000,0.04234,0.00857,0.94909
70.81000,0.98000,0.07004,0.01654,0.91342
71.01000,0.98000,0.03939,0.00720,0.95341
71.21000,0.98000,0.00720,0.02137,0.97144
71.41000,0.98000,0.01720,0.00594,0.97686
71.61000,0.98000,0.00607,0.01140,0.98253
71.81000,0.98000,0.00459,0.01248,0.98293
72.01000,0.98000,0.01820,0.02626,0.95554
72.21000,0.98000,0.01541,0.02994,0.95465
72.41000,0.98000,0.00785,0.02084,0.97130
72.61000,0.98000,0.00760,0.01559,0.97681
72.81000,0.98000,0.00569,0.01244,0.98187
73.01000,0.98000,0.00726,0.01255,0.98019
73.21000,0.98000,0.05508,0.45566,0.48926
73.41000,0.98000,0.04100,0.20762,0.75138
73.61000,0.98000,0.06620,0.32102,0.61278
73.81000,0.98000,0.01302,0.03061,0.95637
74.01000,0.98000,0.01718,0.02710,0.95572
74.21000,0.98000,0.03595,0.01354,0.95051
74.41000,0.98000,0.03018,0.02769,0.94213
74.61000,0.98000,0.03479,0.02624,0.93898
74.81000,0.98000,0.02862,0.02645,0.94493
75.01000,0.98000,0.11823,0.00408,0.87769
75.21000,0.98000,0.10667,0.00285,0.89048
75.41000,0.98000,0.06643,0.02544,0.90813
75.61000,0.98000,0.11476,0.12972,0.75552
75.81000,0.98000,0.03203,0.13561,0.83237
76.01000,0.98000,0.01470,0.06247,0.92283
76.21000,0.98000,0.00693,0.03044,0.96263
76.41000,0.98000,0.01184,0.07917,0.90900
76.61000,0.98000,0.02556,0.10419,0.87025
76.81000,0.98000,0.01471,0.01593,0.96936
77.01000,0.98000,0.09505,0.32514,0.57981
77.21000,0.98000,0.05377,0.02004,0.92619
77.41000,0.98000,0.01436,0.02622,0.95942
77.61000,0.98000,0.02936,0.06002,0.91061
77.81000,0.98000,0.08932,0.37932,0.53136
78.01000,0.98000,0.01990,0.12759,0.85250
78.21000,0.98000,0.01823,0.15229,0.82948
78.41000,0.98000,0.00827,0.02743,0.96430
78.61000,0.98000,0.02421,0.02833,0.94746
78.81000,0.98000,0.12957,0.01864,0.85178
79.01000,0.98000,0.11758,0.00400,0.87842
79.21000,0.98000,0.18481,0.00326,0.81193
79.41000,0.98000,0.13099,0.00230,0.86672
79.61000,0.98000,0.22214,0.00191,0.77595
79.81000,0.98000,0.16530,0.00181,0.83289
80.01000,0.98000,0.09839,0.00259,0.89902
80.21000,0.98000,0.12623,0.00428,0.86950
80.41000,0.98000,0.13678,0.00247,0.86074
80.61000,0.98000,0.06843,0.01120,0.92037
80.81000,0.98000,0.11531,0.00603,0.87866
81.01000,0.98000,0.04959,0.05304,0.89737
81.21000,0.98000,0.02216,0.03801,0.93983
81.41000,0.98000,0.06793,0.00591,0.92616
81.61000,0.98000,0.11873,0.00581,0.87546
81.81000,0.98000,0.10131,0.01647,0.88221
82.01000,0.98000,0.24604,0.01187,0.74209
82.21000,0.98000,0.07799,0.00578,0.91622
82.41000,0.98000,0.08194,0.00823,0.90983
82.61000,0.98000,0.09516,0.00312,0.90172
82.81000,0.98000,0.04783,0.00314,0.94902
83.01000,0.98000,0.00823,0.00561,0.98616
83.21000,0.98000,0.00748,0.01004,0.98248
83.41000,0.98000,0.00493,0.02056,0.97450
83.61000,0.98000,0.00727,0.01985,0.97289
83.81000,0.98000,0.00513,0.03062,0.96426
84.01000,0.98000,0.00376,0.03717,0.95906
84.21000,0.98000,0.01785,0.04425,0.93790
84.41000,0.98000,0.05621,0.15661,0.78718
84.61000,0.98000,0.02119,0.05249,0.92632
84.81000,0.98000,0.10167,0.53406,0.36427
85.01000,0.98000,0.12965,0.51343,0.35691
85.21000,0.98000,0.12403,0.58234,0.29363
85.41000,0.98000,0.06351,0.21155,0.72494
85.61000,0.98000,0.01068,0.02984,0.95947
85.81000,0.98000,0.01283,0.04403,0.94315
86.01000,0.98000,0.01321,0.09761,0.88918
86.21000,0.98000,0.01549,0.06437,0.92015
86.41000,0.98000,0.03097,0.18131,0.78772
86.61000,0.98000,0.10307,0.34603,0.55090
86.81000,0.98000,0.05063,0.16130,0.78807
87.01000,0.98000,0.14698,0.55919,0.29384
87.21000,0.98000,0.03422,0.06937,0.89641
87.41000,0.98000,0.00639,0.02760,0.96601
87.61000,0.98000,0.00265,0.02051,0.97684
87.81000,0.98000,0.00398,0.01074,0.98528
88.01000,0.98000,0.00224,0.00815,0.98961
88.21000,0.98000,0.00703,0.05566,0.93732
88.41000,0.98000,0.00472,0.02937,0.96591
88.61000,0.98000,0.03718,0.28081,0.68201
88.81000,0.98000,0.00390,0.01694,0.97916
89.01000,0.98000,0.00582,0.02141,0.97277
89.21000,0.98000,0.00438,0.00500,0.99062
89.41000,0.98000,0.00181,0.01476,0.98342
89.61000,0.98000,0.00193,0.00488,0.99318
89.81000,0.98000,0.00103,0.00914,0.98984
90.01000,0.98000,0.00160,0.00812,0.99028
90.21000,0.98000,0.00348,0.00640,0.99013
90.41000,0.98000,0.00597,0.00675,0.98728
90.61000,0.98000,0.02591,0.00287,0.97122
90.81000,0.98000,0.06744,0.00330,0.92926
91.01000,0.98000,0.04996,0.00526,0.94478
91.21000,0.98000,0.00658,0.00587,0.98755
91.41000,0.98000,0.00317,0.00837,0.98847
91.61000,0.98000,0.00383,0.00953,0.98664
91.81000,0.98000,0.00599,0.01170,0.98232
92.01000,0.98000,0.00808,0.00520,0.98672
92.21000,0.98000,0.00403,0.00685,0.98912
92.41000,0.98000,0.00212,0.00428,0.99360
92.61000,0.98000,0.00200,0.00941,0.98859
92.81000,0.98000,0.00232,0.00701,0.99067
93.01000,0.98000,0.00397,0.00686,0.98917
93.21000,0.98000,0.00355,0.00798,0.98847
93.41000,0.98000,0.00154,0.00618,0.99228
93.61000,0.98000,0.00204,0.00749,0.99047
93.81000,0.98000,0.00148,0.01107,0.98745
94.01000,0.98000,0.00401,0.00486,0.99113
94.21000,0.98000,0.00430,0.00542,0.99028
94.41000,0.98000,0.00339,0.00905,0.98755
94.61000,0.98000,0.00186,0.00595,0.99220
94.81000,0.98000,0.00174,0.01493,0.98333
95.01000,0.98000,0.00549,0.00687,0.98764
95.21000,0.98000,0.00239,0.00517,0.99244
95.41000,0.98000,0.00290,0.00578,0.99132
95.61000,0.98000,0.00386,0.00627,0.98987
95.81000,0.98000,0.01198,0.00488,0.98314
96.01000,0.98000,0.00401,0.00557,0.99041
96.21000,0.98000,0.00414,0.00828,0.98758
96.41000,0.98000,0.00636,0.01014,0.98349
96.61000,0.98000,0.00374,0.00631,0.98995
96.81000,0.98000,0.00577,0.02041,0.97383
97.01000,0.98000,0.00492,0.00642,0.98866
97.21000,0.98000,0.00190,0.01312,0.98498
97.41000,0.98000,0.00457,0.01118,0.98425
97.61000,0.98000,0.00216,0.00925,0.98859
97.81000,0.98000,0.00311,0.00700,0.98989
98.01000,0.98000,0.00391,0.01899,0.97710
98.21000,0.98000,0.00157,0.00680,0.99163
98.41000,0.98000,0.00196,0.00691,0.99113
98.61000,0.98000,0.00175,0.00832,0.98993
98.81000,0.98000,0.00986,0.00445,0.98569
99.01000,0.98000,0.00694,0.00323,0.98983
99.21000,0.98000,0.00243,0.00805,0.98953
99.41000,0.98000,0.00485,0.01546,0.97969
99.61000,0.98000,0.00179,0.01491,0.98330
99.81000,0.98000,0.00176,0.01226,0.98598
100.01000,0.98000,0.01381,0.01130,0.97489
100.21000,0.98000,0.01144,0.01361,0.97496
100.41000,0.98000,0.05426,0.01523,0.93051
100.61000,0.98000,0.03093,0.03544,0.93363
100.81000,0.98000,0.06461,0.71490,0.22048
101.01000,0.98000,0.09212,0.71823,0.18965
101.21000,0.98000,0.08520,0.19534,0.71946
101.41000,0.98000,0.06791,0.15942,0.77267
101.61000,0.98000,0.05584,0.11094,0.83322
101.81000,0.98000,0.10085,0.17167,0.72748
102.01000,0.98000,0.05479,0.05697,0.88824
102.21000,0.98000,0.05708,0.07489,0.86802
102.41000,0.98000,0.10003,0.21747,0.68251
102.61000,0.98000,0.11644,0.19157,0.69199
102.81000,0.98000,0.12347,0.28980,0.58674
103.01000,0.98000,0.24165,0.52985,0.22850
103.21000,0.98000,0.24025,0.62584,0.13391
103.41000,0.98000,0.20544,0.69803,0.09652
103.61000,0.98000,0.07425,0.36707,0.55868
103.81000,0.98000,0.08149,0.62406,0.29445
104.01000,0.98000,0.10961,0.49439,0.39600
104.21000,0.98000,0.03495,0.22347,0.74158
104.41000,0.98000,0.05648,0.35677,0.58675
104.61000,0.98000,0.05670,0.13195,0.81135
104.81000,0.98000,0.01643,0.08186,0.90171
105.01000,0.98000,0.00761,0.01932,0.97307
105.21000,0.98000,0.00804,0.02143,0.97053
105.41000,0.98000,0.01620,0.07709,0.90672
105.61000,0.98000,0.09309,0.14947,0.75745
105.81000,0.98000,0.15118,0.24467,0.60415
106.01000,0.98000,0.19092,0.55153,0.25755
106.21000,0.98000,0.08370,0.21015,0.70614
106.41000,0.98000,0.07010,0.38502,0.54488
106.61000,0.98000,0.13720,0.48760,0.37521
106.81000,0.98000,0.04177,0.20311,0.75512
107.01000,0.98000,0.00602,0.06858,0.92541
107.21000,0.98000,0.00486,0.03222,0.96293
107.41000,0.98000,0.00384,0.05971,0.93646
107.61000,0.98000,0.00721,0.04062,0.95217
107.81000,0.98000,0.00702,0.03704,0.95594
108.01000,0.98000,0.02234,0.14465,0.83301
108.21000,0.98000,0.05564,0.24058,0.70378
108.41000,0.98000,0.06965,0.79266,0.13770
108.61000,0.98000,0.09961,0.82325,0.07714
108.81000,0.98000,0.12643,0.84700,0.02657
109.01000,0.98000,0.18510,0.74709,0.06781
109.21000,0.98000,0.17648,0.74921,0.07431
109.41000,0.98000,0.12316,0.52021,0.35663
109.61000,0.98000,0.02413,0.18914,0.78673
109.81000,0.98000,0.01671,0.22047,0.76283
110.01000,0.98000,0.07633,0.46833,0.45534
110.21000,0.98000,0.08467,0.29214,0.62319
110.41000,0.98000,0.19450,0.62914,0.17636
110.61000,0.98000,0.12862,0.28561,0.58577
110.81000,0.98000,0.11148,0.47369,0.41483
111.01000,0.98000,0.15941,0.64262,0.19796
111.21000,0.98000,0.31230,0.47985,0.20785
111.41000,0.98000,0.20394,0.58473,0.21133
111.61000,0.98000,0.14955,0.53594,0.31451
111.81000,0.98000,0.11535,0.80965,0.07500
112.01000,0.98000,0.09879,0.40856,0.49265
112.21000,0.98000,0.13855,0.70916,0.15229
112.41000,0.98000,0.42431,0.51368,0.06201
112.61000,0.98000,0.75773,0.19551,0.04676
112.81000,0.98000,0.48646,0.31457,0.19897
113.01000,0.98000,0.83065,0.01678,0.15256
113.21000,0.98000,0.89193,0.00702,0.10104
113.41000,0.98000,0.67844,0.01522,0.30635
113.61000,0.98000,0.42065,0.12591,0.45343
113.81000,0.98000,0.25165,0.34829,0.40006
114.01000,0.98000,0.14309,0.37184,0.48507
114.21000,0.98000,0.16051,0.39354,0.44596
114.41000,0.98000,0.16865,0.74102,0.09033
114.61000,0.98000,0.14392,0.51634,0.33974
114.81000,0.98000,0.07474,0.31369,0.61157
115.01000,0.98000,0.14121,0.05813,0.80066
115.21000,0.98000,0.29815,0.39522,0.30663
115.41000,0.98000,0.18013,0.37891,0.44095
115.61000,0.98000,0.24972,0.67209,0.07819
115.81000,0.98000,0.18186,0.76860,0.04954
116.01000,0.98000,0.14905,0.76553,0.08543
116.21000,0.98000,0.15999,0.76018,0.07983
116.41000,0.98000,0.09944,0.80475,0.09581
116.61000,0.98000,0.12528,0.66090,0.21382
116.81000,0.98000,0.19545,0.64357,0.16098
117.01000,0.98000,0.13189,0.56133,0.30679
117.21000,0.98000,0.07313,0.33841,0.58846
117.41000,0.98000,0.08920,0.32471,0.58610
117.61000,0.98000,0.22302,0.54261,0.23436
117.81000,0.98000,0.08379,0.10508,0.81113
118.01000,0.98000,0.04336,0.05583,0.90080
118.21000,0.98000,0.13021,0.02053,0.84925
118.41000,0.98000,0.10959,0.20819,0.68223
118.61000,0.98000,0.22158,0.02051,0.75791
118.81000,0.98000,0.11070,0.33214,0.55716
119.01000,0.98000,0.15653,0.34946,0.49401
119.21000,0.98000,0.15123,0.23709,0.61168
119.41000,0.98000,0.29002,0.24154,0.46844
119.61000,0.98000,0.12639,0.19844,0.67517
119.81000,0.98000,0.20666,0.07484,0.71850
120.01000,0.98000,0.03116,0.03940,0.92944
120.21000,0.98000,0.01670,0.02999,0.95331
120.41000,0.98000,0.00844,0.02895,0.96261
120.61000,0.98000,0.00749,0.03426,0.95825
120.81000,0.98000,0.02507,0.03988,0.93505
121.01000,0.98000,0.07124,0.17991,0.74885
121.21000,0.98000,0.21155,0.41643,0.37202
121.41000,0.98000,0.11814,0.20372,0.67814
121.61000,0.98000,0.13606,0.13506,0.72888
121.81000,0.98000,0.16026,0.05418,0.78556
122.01000,0.98000,0.40812,0.20844,0.38344
122.21000,0.98000,0.16371,0.02359,0.81270
122.41000,0.98000,0.18917,0.18595,0.62489
122.61000,0.98000,0.21406,0.46155,0.32440
122.81000,0.98000,0.07073,0.19301,0.73626
123.01000,0.98000,0.07815,0.23764,0.68421
123.21000,0.98000,0.05640,0.22840,0.71521
123.41000,0.98000,0.20246,0.54600,0.25153
123.61000,0.98000,0.15730,0.59910,0.24360
123.81000,0.98000,0.03978,0.07800,0.88222
124.01000,0.98000,0.05191,0.08736,0.86074
124.21000,0.98000,0.08381,0.07331,0.84288
124.41000,0.98000,0.22489,0.15984,0.61527
124.61000,0.98000,0.05257,0.15313,0.79431
124.81000,0.98000,0.05076,0.10055,0.84870
125.01000,0.98000,0.18230,0.40220,0.41551
125.21000,0.98000,0.09285,0.24958,0.65757
125.41000,0.98000,0.08656,0.29395,0.61949
125.61000,0.98000,0.16710,0.41311,0.41979
125.81000,0.98000,0.18390,0.59355,0.22255
126.01000,0.98000,0.11940,0.34217,0.53843
126.21000,0.98000,0.09733,0.30287,0.59980
126.41000,0.98000,0.17857,0.46989,0.35154
126.61000,0.98000,0.19395,0.30997,0.49608
126.81000,0.98000,0.11807,0.42825,0.45368
127.01000,0.98000,0.16406,0.71537,0.12057
127.21000,0.98000,0.18501,0.63540,0.17959
127.41000,0.98000,0.26968,0.66789,0.06243
127.61000,0.98000,0.19114,0.79035,0.01851
127.81000,0.98000,0.14160,0.45902,0.39938
128.00999,0.98001,0.03837,0.33277,0.62887
128.21001,0.98000,0.02342,0.23596,0.74063
128.41000,0.98000,0.07518,0.53998,0.38484
128.61000,0.98000,0.13095,0.62667,0.24238
128.81000,0.98000,0.13974,0.60758,0.25268
129.00999,0.98001,0.12729,0.29720,0.57551
129.21001,0.98000,0.36455,0.40915,0.22630
129.41000,0.98000,0.19932,0.43659,0.36409
129.61000,0.98000,0.17570,0.41873,0.40557
129.81000,0.98000,0.24450,0.55945,0.19605
130.00999,0.98001,0.24614,0.52917,0.22469
130.21001,0.98000,0.07803,0.15259,0.76938
130.41000,0.98000,0.03247,0.07743,0.89010
130.61000,0.98000,0.00711,0.03057,0.96232
130.81000,0.98000,0.00368,0.01326,0.98306
131.00999,0.98001,0.00609,0.09528,0.89863
131.21001,0.98000,0.01074,0.05315,0.93611
131.41000,0.98000,0.01992,0.04890,0.93118
131.61000,0.98000,0.07120,0.20398,0.72482
131.81000,0.98000,0.23568,0.30678,0.45754
132.00999,0.98001,0.02559,0.08033,0.89408
132.21001,0.98000,0.01297,0.04788,0.93915
132.41000,0.98000,0.01399,0.03031,0.95571
132.61000,0.98000,0.00764,0.02230,0.97006
132.81000,0.98000,0.01327,0.03073,0.95599
133.00999,0.98001,0.07531,0.09053,0.83415
133.21001,0.98000,0.37438,0.15727,0.46835
133.41000,0.98000,0.62027,0.03962,0.34011
133.61000,0.98000,0.76511,0.02280,0.21209
133.81000,0.98000,0.56436,0.05448,0.38116
134.00999,0.98001,0.10217,0.10430,0.79354
134.21001,0.98000,0.00686,0.02305,0.97009
134.41000,0.98000,0.01766,0.04348,0.93886
134.61000,0.98000,0.33934,0.28655,0.37411
134.81000,0.98000,0.75000,0.09107,0.15893
135.00999,0.98001,0.68529,0.04674,0.26797
135.21001,0.98000,0.85631,0.02490,0.11879
135.41000,0.98000,0.76352,0.15857,0.07791
135.61000,0.98000,0.39636,0.51469,0.08895
135.81000,0.98000,0.05503,0.14943,0.79554
136.00999,0.98001,0.01232,0.06566,0.92202
136.21001,0.98000,0.01005,0.06588,0.92407
136.41000,0.98000,0.01668,0.15241,0.83091
136.61000,0.98000,0.02515,0.15890,0.81595
136.81000,0.98000,0.05099,0.18774,0.76127
137.00999,0.98001,0.12044,0.54218,0.33738
137.21001,0.98000,0.21794,0.41120,0.37086
137.41000,0.98000,0.13304,0.30810,0.55887
137.61000,0.98000,0.02077,0.10123,0.87801
137.81000,0.98000,0.04546,0.29552,0.65902
138.00999,0.98001,0.04368,0.25170,0.70462
138.21001,0.98000,0.09270,0.16807,0.73923
138.41000,0.98000,0.45384,0.04544,0.50072
138.61000,0.98000,0.22399,0.02139,0.75461
138.81000,0.98000,0.18324,0.01109,0.80567
139.00999,0.98001,0.75260,0.01086,0.23654
139.21001,0.98000,0.72786,0.05214,0.22000
139.41000,0.98000,0.69726,0.06466,0.23808
139.61000,0.98000,0.68580,0.05059,0.26360
139.81000,0.98000,0.72338,0.06647,0.21015
140.00999,0.98001,0.86438,0.02761,0.10800
140.21001,0.98000,0.48356,0.06666,0.44978
140.41000,0.98000,0.91645,0.00425,0.07930
140.61000,0.98000,0.93615,0.00454,0.05931
140.81000,0.98000,0.68374,0.03018,0.28609
141.00999,0.98001,0.43583,0.00907,0.55510
141.21001,0.98000,0.40954,0.03014,0.56032
141.41000,0.98000,0.26167,0.38129,0.35704
141.61000,0.98000,0.15050,0.07146,0.77805
141.81000,0.98000,0.89956,0.04378,0.05666
142.00999,0.98001,0.76521,0.01882,0.21598
142.21001,0.98000,0.46106,0.03205,0.50689
142.41000,0.98000,0.52291,0.10386,0.37323
142.61000,0.98000,0.68985,0.03157,0.27858
142.81000,0.98000,0.12558,0.25382,0.62060
143.00999,0.98001,0.19601,0.59638,0.20761
143.21001,0.98000,0.11299,0.15292,0.73409
143.41000,0.98000,0.14752,0.73267,0.11982
143.61000,0.98000,0.20163,0.63130,0.16707
143.81000,0.98000,0.22906,0.56465,0.20629
144.00999,0.98001,0.12048,0.54712,0.33239
144.21001,0.98000,0.05979,0.52867,0.41154
144.41000,0.98000,0.06551,0.68275,0.25173
144.61000,0.98000,0.08439,0.59722,0.31839
144.81000,0.98000,0.08593,0.33289,0.58119
145.00999,0.98001,0.04040,0.06518,0.89442
145.21001,0.98000,0.01282,0.05335,0.93383
145.41000,0.98000,0.11354,0.24789,0.63858
145.61000,0.98000,0.02766,0.15686,0.81548
145.81000,0.98000,0.00604,0.04606,0.94790
146.00999,0.98001,0.00393,0.03455,0.96152
146.21001,0.98000,0.00983,0.07928,0.91089
146.41000,0.98000,0.01797,0.11620,0.86583
146.61000,0.98000,0.05640,0.42040,0.52320
146.81000,0.98000,0.02181,0.10717,0.87102
147.00999,0.98001,0.06150,0.17022,0.76828
147.21001,0.98000,0.01562,0.03230,0.95208
147.41000,0.98000,0.01783,0.08896,0.89321
147.61000,0.98000,0.10916,0.16397,0.72687
147.81000,0.98000,0.19780,0.25882,0.54338
148.00999,0.98001,0.24063,0.20067,0.55870
148.21001,0.98000,0.25675,0.03315,0.71011
148.41000,0.98000,0.72542,0.04960,0.22498
148.61000,0.98000,0.58381,0.12085,0.29534
148.81000,0.98000,0.10962,0.16408,0.72630
149.00999,0.98001,0.01489,0.11962,0.86549
149.21001,0.98000,0.06062,0.50558,0.43380
149.41000,0.98000,0.09319,0.73610,0.17072
149.61000,0.98000,0.14297,0.82797,0.02907
149.81000,0.98000,0.10888,0.26040,0.63072
150.00999,0.98001,0.05694,0.27779,0.66526
150.21001,0.98000,0.03072,0.10859,0.86069
150.41000,0.98000,0.01627,0.01072,0.97301
150.61000,0.98000,0.03223,0.01050,0.95727
150.81000,0.98000,0.09225,0.01071,0.89704
151.00999,0.98001,0.07363,0.06082,0.86555
151.21001,0.98000,0.06275,0.07694,0.86031
151.41000,0.98000,0.11726,0.21453,0.66821
151.61000,0.98000,0.09762,0.41149,0.49088
151.81000,0.98000,0.17269,0.42607,0.40124
152.00999,0.98001,0.23117,0.74358,0.02525
152.21001,0.98000,0.13750,0.36940,0.49310
152.41000,0.98000,0.09135,0.50640,0.40225
152.61000,0.98000,0.09806,0.50419,0.39776
152.81000,0.98000,0.08588,0.33571,0.57841
153.00999,0.98001,0.11176,0.30872,0.57952
153.21001,0.98000,0.12090,0.52148,0.35763
153.41000,0.98000,0.15783,0.37294,0.46923
153.61000,0.98000,0.24004,0.56246,0.19750
153.81000,0.98000,0.15008,0.80576,0.04416
154.00999,0.98001,0.16504,0.76980,0.06516
154.21001,0.98000,0.13668,0.55091,0.31241
154.41000,0.98000,0.08323,0.40421,0.51256
154.61000,0.98000,0.06188,0.19744,0.74068
154.81000,0.98000,0.07916,0.49846,0.42238
155.00999,0.98001,0.22040,0.55970,0.21990
155.21001,0.98000,0.21284,0.65849,0.12867
155.41000,0.98000,0.13393,0.27939,0.58669
155.61000,0.98000,0.03731,0.09031,0.87239
155.81000,0.98000,0.01619,0.06881,0.91500
156.00999,0.98001,0.04573,0.17492,0.77935
156.21001,0.98000,0.09253,0.30749,0.59998
156.41000,0.98000,0.15799,0.48435,0.35766
156.61000,0.98000,0.13703,0.35041,0.51255
156.81000,0.98000,0.18377,0.32574,0.49049
157.00999,0.98001,0.41956,0.34429,0.23615
157.21001,0.98000,0.28491,0.57061,0.14448
157.41000,0.98000,0.21661,0.52757,0.25582
157.61000,0.98000,0.17800,0.63206,0.18995
157.81000,0.98000,0.24789,0.68744,0.06467
158.00999,0.98001,0.28122,0.61885,0.09993
158.21001,0.98000,0.62834,0.10726,0.26440
158.41000,0.98000,0.42772,0.26017,0.31211
158.61000,0.98000,0.15770,0.06364,0.77865
158.81000,0.98000,0.09310,0.02682,0.88008
159.00999,0.98001,0.12980,0.20642,0.66379
159.21001,0.98000,0.06677,0.36429,0.56894
159.41000,0.98000,0.16536,0.56459,0.27005
159.61000,0.98000,0.04041,0.33152,0.62807
159.81000,0.98000,0.07007,0.56287,0.36706
160.00999,0.98001,0.14353,0.81105,0.04542
160.21001,0.98000,0.04872,0.21863,0.73265
160.41000,0.98000,0.01442,0.13784,0.84774
160.61000,0.98000,0.01941,0.08723,0.89336
160.81000,0.98000,0.01376,0.09625,0.88999
161.00999,0.98001,0.04652,0.01730,0.93618
161.21001,0.98000,0.08521,0.12012,0.79467
161.41000,0.98000,0.14987,0.17746,0.67267
161.61000,0.98000,0.15787,0.38557,0.45656
161.81000,0.98000,0.13427,0.54234,0.32339
162.00999,0.98001,0.08324,0.51432,0.40244
162.21001,0.98000,0.02951,0.20289,0.76760
162.41000,0.98000,0.02399,0.18703,0.78898
162.61000,0.98000,0.11358,0.46571,0.42071
162.81000,0.98000,0.11620,0.55459,0.32921
163.00999,0.98001,0.09515,0.55054,0.35432
163.21001,0.98000,0.11737,0.62143,0.26120
163.41000,0.98000,0.22745,0.51781,0.25474
163.61000,0.98000,0.19387,0.55523,0.25090
163.81000,0.98000,0.10423,0.44229,0.45348
164.00999,0.98001,0.05571,0.28653,0.65776
164.21001,0.98000,0.17129,0.68670,0.14202
164.41000,0.98000,0.11869,0.55809,0.32322
164.61000,0.98000,0.16018,0.75454,0.08527
164.81000,0.98000,0.09098,0.42172,0.48729
165.00999,0.98001,0.08149,0.46656,0.45195
165.21001,0.98000,0.01080,0.04336,0.94584
165.41000,0.98000,0.02944,0.11535,0.85521
165.61000,0.98000,0.06732,0.16679,0.76589
165.81000,0.98000,0.06340,0.16282,0.77378
166.00999,0.98001,0.02676,0.05328,0.91996
166.21001,0.98000,0.02158,0.04055,0.93787
166.41000,0.98000,0.00769,0.02250,0.96981
166.61000,0.98000,0.00843,0.01941,0.97216
166.81000,0.98000,0.00485,0.02035,0.97480
167.00999,0.98001,0.01782,0.07207,0.91011
167.21001,0.98000,0.10253,0.19908,0.69839
167.41000,0.98000,0.22195,0.56691,0.21114
167.61000,0.98000,0.23690,0.64850,0.11460
167.81000,0.98000,0.07742,0.21987,0.70271
168.00999,0.98001,0.01419,0.06091,0.92490
168.21001,0.98000,0.01578,0.04754,0.93668
168.41000,0.98000,0.01060,0.07705,0.91235
168.61000,0.98000,0.02565,0.28572,0.68864
168.81000,0.98000,0.04416,0.36421,0.59163
169.00999,0.98001,0.01426,0.05333,0.93242
169.21001,0.98000,0.01314,0.05180,0.93506
169.41000,0.98000,0.00813,0.05765,0.93422
169.61000,0.98000,0.02214,0.10913,0.86873
169.81000,0.98000,0.04853,0.42479,0.52668
170.00999,0.98001,0.09451,0.64554,0.25995
170.21001,0.98000,0.04167,0.28249,0.67584
170.41000,0.98000,0.03209,0.25521,0.71270
170.61000,0.98000,0.00689,0.02391,0.96921
170.81000,0.98000,0.01940,0.06258,0.91802
171.00999,0.98001,0.03142,0.10327,0.86531
171.21001,0.98000,0.15745,0.43435,0.40820
171.41000,0.98000,0.09400,0.72458,0.18142
171.61000,0.98000,0.07952,0.86968,0.05079
171.81000,0.98000,0.14606,0.80445,0.04949
172.00999,0.98001,0.12841,0.85096,0.02064
172.21001,0.98000,0.16640,0.59748,0.23612
172.41000,0.98000,0.01612,0.09591,0.88797
172.61000,0.98000,0.01946,0.14385,0.83669
172.81000,0.98000,0.01271,0.12300,0.86429
173.00999,0.98001,0.00616,0.05675,0.93709
173.21001,0.98000,0.02765,0.36732,0.60503
173.41000,0.98000,0.05007,0.46166,0.48827
173.61000,0.98000,0.09193,0.15823,0.74984
173.81000,0.98000,0.00732,0.06577,0.92692
174.00999,0.98001,0.00557,0.04677,0.94766
174.21001,0.98000,0.00928,0.08084,0.90988
174.41000,0.98000,0.02084,0.09190,0.88725
174.61000,0.98000,0.05183,0.18464,0.76353
174.81000,0.98000,0.06903,0.49897,0.43200
175.00999,0.98001,0.12540,0.56537,0.30923
175.21001,0.98000,0.15960,0.73715,0.10325
175.41000,0.98000,0.24023,0.69857,0.06121
175.61000,0.98000,0.17237,0.80599,0.02164
175.81000,0.98000,0.15154,0.55973,0.28873
176.00999,0.98001,0.07936,0.35116,0.56947
176.21001,0.98000,0.08013,0.28330,0.63657
176.41000,0.98000,0.13929,0.32566,0.53505
176.61000,0.98000,0.21525,0.62063,0.16412
176.81000,0.98000,0.05576,0.26768,0.67656
177.00999,0.98001,0.03865,0.05511,0.90624
177.21001,0.98000,0.01493,0.01199,0.97308
177.41000,0.98000,0.01825,0.01888,0.96287
177.61000,0.98000,0.18680,0.22782,0.58539
177.81000,0.98000,0.19010,0.65714,0.15275
178.00999,0.98001,0.30447,0.57841,0.11712
178.21001,0.98000,0.06310,0.13679,0.80011
178.41000,0.98000,0.04906,0.10774,0.84320
178.61000,0.98000,0.01846,0.07088,0.91067
178.81000,0.98000,0.00433,0.01442,0.98125
179.00999,0.98001,0.00998,0.15795,0.83207
179.21001,0.98000,0.03040,0.28738,0.68223
179.41000,0.98000,0.06274,0.20042,0.73684
179.61000,0.98000,0.13916,0.56324,0.29760
179.81000,0.98000,0.22752,0.56328,0.20921
180.00999,0.98001,0.18705,0.78028,0.03267
180.21001,0.98000,0.23221,0.74428,0.02350
180.41000,0.98000,0.17463,0.63138,0.19399
180.61000,0.98000,0.11311,0.39641,0.49049
180.81000,0.98000,0.13638,0.06955,0.79407
181.00999,0.98001,0.08159,0.06083,0.85757
181.21001,0.98000,0.19547,0.02506,0.77947
181.41000,0.98000,0.02643,0.00639,0.96719
181.61000,0.98000,0.02337,0.02052,0.95612
181.81000,0.98000,0.01321,0.03480,0.95198
182.00999,0.98001,0.05639,0.59778,0.34583
182.21001,0.98000,0.07373,0.75441,0.17186
182.41000,0.98000,0.04573,0.17337,0.78090
182.61000,0.98000,0.01644,0.06576,0.91780
182.81000,0.98000,0.05917,0.06633,0.87450
183.00999,0.98001,0.00440,0.01151,0.98410
183.21001,0.98000,0.00734,0.01375,0.97892
183.41000,0.98000,0.01531,0.00610,0.97859
183.61000,0.98000,0.03728,0.00375,0.95896
183.81000,0.98000,0.02441,0.00474,0.97085
184.00999,0.98001,0.06175,0.00289,0.93536
184.21001,0.98000,0.01494,0.00286,0.98220
184.41000,0.98000,0.07512,0.00204,0.92283
184.61000,0.98000,0.02445,0.00383,0.97172
184.81000,0.98000,0.05505,0.00190,0.94305
185.00999,0.98001,0.07541,0.00303,0.92155
185.21001,0.98000,0.04140,0.00305,0.95555
185.41000,0.98000,0.01876,0.00858,0.97266
185.61000,0.98000,0.01780,0.00996,0.97224
185.81000,0.98000,0.00299,0.01305,0.98396
186.00999,0.98001,0.00146,0.01587,0.98266
186.21001,0.98000,0.00130,0.00823,0.99047
186.41000,0.98000,0.00375,0.00895,0.98730
186.61000,0.98000,0.00825,0.00686,0.98490
186.81000,0.98000,0.02754,0.00330,0.96915
187.00999,0.98001,0.03421,0.00253,0.96326
187.21001,0.98000,0.03877,0.00552,0.95572
187.41000,0.98000,0.18098,0.01009,0.80893
187.61000,0.98000,0.05854,0.01672,0.92474
187.81000,0.98000,0.10535,0.01285,0.88180
188.00999,0.98001,0.14536,0.01052,0.84412
188.21001,0.98000,0.05656,0.04941,0.89404
188.41000,0.98000,0.13202,0.12413,0.74385
188.61000,0.98000,0.09344,0.25675,0.64982
188.81000,0.98000,0.02396,0.12754,0.84850
189.00999,0.98001,0.01146,0.05033,0.93821
189.21001,0.98000,0.01343,0.06590,0.92067
189.41000,0.98000,0.00261,0.00925,0.98814
189.61000,0.98000,0.00179,0.01426,0.98396
189.81000,0.98000,0.01317,0.00278,0.98405
190.00999,0.98001,0.00543,0.00468,0.98989
190.21001,0.98000,0.00600,0.00275,0.99125
190.41000,0.98000,0.01398,0.00230,0.98372
190.61000,0.98000,0.00429,0.00746,0.98825
190.81000,0.98000,0.01836,0.00581,0.97584
191.00999,0.98001,0.01474,0.00975,0.97551
191.21001,0.98000,0.01127,0.01827,0.97046
191.41000,0.98000,0.00532,0.00799,0.98669
191.61000,0.98000,0.00730,0.01446,0.97824
191.81000,0.98000,0.00421,0.01462,0.98117
192.00999,0.98001,0.00707,0.07611,0.91682
192.21001,0.98000,0.00907,0.03411,0.95682
192.41000,0.98000,0.00470,0.07005,0.92524
192.61000,0.98000,0.00192,0.02393,0.97415
192.81000,0.98000,0.00164,0.01079,0.98757
193.00999,0.98001,0.00281,0.01103,0.98616
193.21001,0.98000,0.00451,0.01232,0.98317
193.41000,0.98000,0.00247,0.01754,0.97999
193.61000,0.98000,0.00334,0.01233,0.98432
193.81000,0.98000,0.00506,0.00697,0.98797
194.00999,0.98001,0.00930,0.00901,0.98169
194.21001,0.98000,0.01167,0.00734,0.98100
194.41000,0.98000,0.00610,0.02668,0.96722
194.61000,0.98000,0.01125,0.03748,0.95127
194.81000,0.98000,0.00301,0.02803,0.96897
195.00999,0.98001,0.00370,0.05414,0.94216
195.21001,0.98000,0.00484,0.03053,0.96463
195.41000,0.98000,0.00290,0.03068,0.96642
195.61000,0.98000,0.00209,0.02401,0.97391
195.81000,0.98000,0.00211,0.02196,0.97593
196.00999,0.98001,0.00602,0.05987,0.93412
196.21001,0.98000,0.00403,0.01866,0.97731
196.41000,0.98000,0.00769,0.01376,0.97855
196.61000,0.98000,0.01920,0.00486,0.97595
196.81000,0.98000,0.03872,0.00462,0.95666
197.00999,0.98001,0.07271,0.00228,0.92501
197.21001,0.98000,0.04791,0.00446,0.94763
197.41000,0.98000,0.06777,0.00216,0.93007
197.61000,0.98000,0.01310,0.00480,0.98209
197.81000,0.98000,0.01479,0.00272,0.98250
198.00999,0.98001,0.00404,0.00707,0.98889
198.21001,0.98000,0.00220,0.00573,0.99207
198.41000,0.98000,0.00256,0.00650,0.99094
198.61000,0.98000,0.00244,0.00595,0.99161
198.81000,0.98000,0.00114,0.00587,0.99299
199.00999,0.98001,0.00117,0.00847,0.99036
199.21001,0.98000,0.00078,0.00948,0.98974
199.41000,0.98000,0.00118,0.00828,0.99054
199.61000,0.98000,0.00104,0.00796,0.99100
199.81000,0.98000,0.00148,0.00611,0.99241
200.00999,0.98001,0.00168,0.00643,0.99189
200.21001,0.98000,0.00146,0.00626,0.99228
200.41000,0.98000,0.00347,0.00613,0.99040
200.61000,0.98000,0.00287,0.00837,0.98877
200.81000,0.98000,0.00618,0.01815,0.97567
201.00999,0.98001,0.01402,0.05440,0.93157
201.21001,0.98000,0.00128,0.01358,0.98514
201.41000,0.98000,0.00134,0.01658,0.98208
201.61000,0.98000,0.00167,0.02072,0.97761
201.81000,0.98000,0.00167,0.01198,0.98635
202.00999,0.98001,0.00216,0.01701,0.98082
202.21001,0.98000,0.04853,0.01479,0.93668
202.41000,0.98000,0.10953,0.17642,0.71405
202.61000,0.98000,0.16564,0.17925,0.65511
202.81000,0.98000,0.14678,0.30564,0.54759
203.00999,0.98001,0.11905,0.08873,0.79222
203.21001,0.98000,0.07179,0.02076,0.90745
203.41000,0.98000,0.14477,0.00578,0.84946
203.61000,0.98000,0.25179,0.09564,0.65257
203.81000,0.98000,0.12908,0.03653,0.83439
204.00999,0.98001,0.03637,0.04345,0.92018
204.21001,0.98000,0.13073,0.01437,0.85490
204.41000,0.98000,0.08370,0.08305,0.83325
204.61000,0.98000,0.21612,0.01689,0.76699
204.81000,0.98000,0.06783,0.04996,0.88221
205.00999,0.98001,0.40604,0.03479,0.55917
205.21001,0.98000,0.05219,0.01303,0.93478
205.41000,0.98000,0.08932,0.00974,0.90094
205.61000,0.98000,0.13282,0.00309,0.86410
205.81000,0.98000,0.13175,0.07904,0.78921
206.00999,0.98001,0.24693,0.00641,0.74666
206.21001,0.98000,0.14433,0.23352,0.62215
206.41000,0.98000,0.15669,0.29926,0.54405
206.61000,0.98000,0.17962,0.40631,0.41408
206.81000,0.98000,0.12381,0.12905,0.74714
207.00999,0.98001,0.11407,0.22108,0.66484
207.21001,0.98000,0.16713,0.00633,0.82653
207.41000,0.98000,0.11358,0.03428,0.85214
207.61000,0.98000,0.28512,0.00463,0.71025
207.81000,0.98000,0.45793,0.12668,0.41539
208.00999,0.98001,0.34097,0.03346,0.62557
208.21001,0.98000,0.17201,0.05840,0.76959
208.41000,0.98000,0.08450,0.14476,0.77074
208.61000,0.98000,0.53236,0.03661,0.43103
208.81000,0.98000,0.13893,0.09476,0.76631
209.00999,0.98001,0.13433,0.16537,0.70030
209.21001,0.98000,0.16808,0.11870,0.71322
209.41000,0.98000,0.19901,0.15553,0.64546
209.61000,0.98000,0.13971,0.06394,0.79636
209.81000,0.98000,0.07778,0.01780,0.90443
210.00999,0.98001,0.21719,0.06616,0.71664
210.21001,0.98000,0.05157,0.00631,0.94211
210.41000,0.98000,0.01349,0.01025,0.97626
210.61000,0.98000,0.00597,0.00937,0.98466
210.81000,0.98000,0.00483,0.02586,0.96931
211.00999,0.98001,0.00291,0.01392,0.98317
211.21001,0.98000,0.00385,0.05466,0.94149
211.41000,0.98000,0.00955,0.09209,0.89836
211.61000,0.98000,0.01077,0.01953,0.96970
211.81000,0.98000,0.00408,0.02061,0.97531
212.00999,0.98001,0.03953,0.01616,0.94431
212.21001,0.98000,0.01070,0.01581,0.97349
212.41000,0.98000,0.02154,0.01127,0.96720
212.61000,0.98000,0.08727,0.00531,0.90742
212.81000,0.98000,0.09115,0.00623,0.90262
213.00999,0.98001,0.19706,0.00470,0.79825
213.21001,0.98000,0.10927,0.00437,0.88636
213.41000,0.98000,0.05814,0.00824,0.93362
213.61000,0.98000,0.02062,0.01872,0.96067
213.81000,0.98000,0.02479,0.02246,0.95275
214.00999,0.98001,0.17726,0.11491,0.70783
214.21001,0.98000,0.03610,0.03879,0.92511
214.41000,0.98000,0.05715,0.04963,0.89322
214.61000,0.98000,0.01422,0.04456,0.94122
214.81000,0.98000,0.02682,0.06144,0.91175
215.00999,0.98001,0.01787,0.05387,0.92825
215.21001,0.98000,0.01131,0.03609,0.95261
215.41000,0.98000,0.00743,0.01741,0.97516
215.61000,0.98000,0.01177,0.06709,0.92114
215.81000,0.98000,0.05139,0.13010,0.81851
216.00999,0.98001,0.02828,0.11736,0.85436
216.21001,0.98000,0.03071,0.12239,0.84690
216.41000,0.98000,0.07642,0.11694,0.80664
216.61000,0.98000,0.11483,0.52960,0.35557
216.81000,0.98000,0.25841,0.61500,0.12659
217.00999,0.98001,0.25995,0.38827,0.35178
217.21001,0.98000,0.11822,0.08782,0.79397
217.41000,0.98000,0.03119,0.02860,0.94022
217.61000,0.98000,0.00227,0.01255,0.98518
217.81000,0.98000,0.00263,0.01100,0.98636
218.00999,0.98001,0.00412,0.01037,0.98551
218.21001,0.98000,0.01375,0.01218,0.97408
218.41000,0.98000,0.00921,0.01889,0.97189
218.61000,0.98000,0.00893,0.02964,0.96143
218.81000,0.98000,0.00620,0.07594,0.91786
219.00999,0.98001,0.00691,0.15635,0.83673
219.21001,0.98000,0.00539,0.07705,0.91756
219.41000,0.98000,0.00437,0.04705,0.94858
219.61000,0.98000,0.03095,0.32262,0.64643
219.81000,0.98000,0.09683,0.43276,0.47041
220.00999,0.98001,0.14980,0.40790,0.44230
220.21001,0.98000,0.22487,0.07770,0.69743
220.41000,0.98000,0.08576,0.02977,0.88447
220.61000,0.98000,0.12309,0.00175,0.87516
220.81000,0.98000,0.09258,0.02411,0.88331
221.00999,0.98001,0.06872,0.00920,0.92209
221.21001,0.98000,0.11741,0.00275,0.87984
221.41000,0.98000,0.07044,0.00713,0.92243
221.61000,0.98000,0.10868,0.00135,0.88997
221.81000,0.98000,0.04092,0.00743,0.95166
222.00999,0.98001,0.01521,0.00651,0.97828
222.21001,0.98000,0.02174,0.07836,0.89989
222.41000,0.98000,0.10498,0.51941,0.37561
222.61000,0.98000,0.11399,0.67456,0.21145
222.81000,0.98000,0.16063,0.47222,0.36716
223.00999,0.98001,0.12658,0.74896,0.12446
223.21001,0.98000,0.16795,0.77016,0.06189
223.41000,0.98000,0.15788,0.78558,0.05654
223.61000,0.98000,0.16314,0.76375,0.07312
223.81000,0.98000,0.12953,0.84274,0.02772
224.00999,0.98001,0.17355,0.65601,0.17043
224.21001,0.98000,0.17772,0.54601,0.27627
224.41000,0.98000,0.08506,0.27060,0.64434
224.61000,0.98000,0.05515,0.16298,0.78186
224.81000,0.98000,0.01721,0.09944,0.88335
225.00999,0.98001,0.02787,0.09252,0.87960
225.21001,0.98000,0.00942,0.03910,0.95148
225.41000,0.98000,0.01747,0.02799,0.95454
225.61000,0.98000,0.02170,0.13139,0.84691
225.81000,0.98000,0.14665,0.26260,0.59076
226.00999,0.98001,0.04684,0.25496,0.69820
226.21001,0.98000,0.08353,0.13007,0.78640
226.41000,0.98000,0.11619,0.34195,0.54186
226.61000,0.98000,0.07960,0.38012,0.54029
226.81000,0.98000,0.05562,0.13953,0.80485
227.00999,0.98001,0.00362,0.01298,0.98341
227.21001,0.98000,0.00229,0.02411,0.97359
227.41000,0.98000,0.02906,0.09439,0.87655
227.61000,0.98000,0.06761,0.31226,0.62013
227.81000,0.98000,0.09972,0.62797,0.27231
228.00999,0.98001,0.01707,0.29960,0.68333
228.21001,0.98000,0.01230,0.20125,0.78645
228.41000,0.98000,0.00702,0.18111,0.81188
228.61000,0.98000,0.00282,0.06189,0.93529
228.81000,0.98000,0.00330,0.09781,0.89889
229.00999,0.98001,0.00367,0.04405,0.95228
229.21001,0.98000,0.01009,0.14419,0.84572
229.41000,0.98000,0.00490,0.01712,0.97798
229.61000,0.98000,0.00272,0.02025,0.97703
229.81000,0.98000,0.00568,0.03142,0.96290
230.00999,0.98001,0.00809,0.03481,0.95710
230.21001,0.98000,0.00927,0.02723,0.96350
230.41000,0.98000,0.00638,0.01783,0.97579
230.61000,0.98000,0.04002,0.09310,0.86689
230.81000,0.98000,0.00541,0.02382,0.97077
231.00999,0.98001,0.01696,0.20586,0.77717
231.21001,0.98000,0.01868,0.20186,0.77946
231.41000,0.98000,0.00295,0.02668,0.97037
231.61000,0.98000,0.00245,0.02553,0.97203
231.81000,0.98000,0.00620,0.02493,0.96886
232.00999,0.98001,0.00347,0.02448,0.97205
232.21001,0.98000,0.00285,0.04003,0.95712
232.41000,0.98000,0.00228,0.02753,0.97018
232.61000,0.98000,0.00246,0.01738,0.98016
232.81000,0.98000,0.01102,0.07182,0.91716
233.00999,0.98001,0.00240,0.01645,0.98116
233.21001,0.98000,0.00199,0.02916,0.96885
233.41000,0.98000,0.00270,0.03614,0.96116
233.61000,0.98000,0.00383,0.04579,0.95038
233.81000,0.98000,0.00328,0.04744,0.94928
234.00999,0.98001,0.01193,0.10153,0.88654
234.21001,0.98000,0.04327,0.36197,0.59476
234.41000,0.98000,0.00169,0.02976,0.96855
234.61000,0.98000,0.00143,0.02386,0.97471
234.81000,0.98000,0.00259,0.03068,0.96674
235.00999,0.98001,0.00640,0.06850,0.92510
235.21001,0.98000,0.02183,0.17897,0.79919
235.41000,0.98000,0.06510,0.48712,0.44779
235.61000,0.98000,0.11506,0.35731,0.52763
235.81000,0.98000,0.06121,0.22259,0.71620
236.00999,0.98001,0.02413,0.06507,0.91080
236.21001,0.98000,0.01040,0.01804,0.97156
236.41000,0.98000,0.00298,0.01050,0.98652
236.61000,0.98000,0.00762,0.02196,0.97043
236.81000,0.98000,0.01824,0.09479,0.88697
237.00999,0.98001,0.04192,0.31185,0.64623
237.21001,0.98000,0.01734,0.03184,0.95082
237.41000,0.98000,0.11140,0.11592,0.77268
237.61000,0.98000,0.25430,0.09526,0.65044
237.81000,0.98000,0.07674,0.13935,0.78391
238.00999,0.98001,0.00662,0.00945,0.98393
238.21001,0.98000,0.00547,0.01649,0.97804
238.41000,0.98000,0.00396,0.01261,0.98343
238.61000,0.98000,0.01085,0.00951,0.97964
238.81000,0.98000,0.01282,0.00671,0.98048
239.00999,0.98001,0.00741,0.03199,0.96059
239.21001,0.98000,0.02387,0.03083,0.94529
239.41000,0.98000,0.04171,0.14771,0.81057
