Time (seconds), Duration (seconds),pred_unlabelled,pred_anomaly
0.01000,0.48000,0.96899,0.03101
0.03000,0.48000,0.96195,0.03805
0.05000,0.48000,0.96834,0.03166
0.07000,0.48000,0.97790,0.02210
0.09000,0.48000,0.97042,0.02958
0.11000,0.48000,0.97173,0.02827
0.13000,0.48000,0.93046,0.06954
0.15000,0.48000,0.97528,0.02472
0.17000,0.48000,0.94675,0.05325
0.19000,0.48000,0.96326,0.03674
0.21000,0.48000,0.97667,0.02333
0.23000,0.48000,0.97931,0.02069
0.25000,0.48000,0.95314,0.04686
0.27000,0.48000,0.97988,0.02012
0.29000,0.48000,0.93831,0.06169
0.31000,0.48000,0.97796,0.02204
0.33000,0.48000,0.97180,0.02820
0.35000,0.48000,0.96800,0.03200
0.37000,0.48000,0.98209,0.01791
0.39000,0.48000,0.96961,0.03039
0.41000,0.48000,0.96188,0.03812
0.43000,0.48000,0.97862,0.02138
0.45000,0.48000,0.96516,0.03484
0.47000,0.48000,0.97727,0.02273
0.49000,0.48000,0.97336,0.02664
0.51000,0.48000,0.97911,0.02089
0.53000,0.48000,0.98353,0.01647
0.55000,0.48000,0.98344,0.01656
0.57000,0.48000,0.98926,0.01074
0.59000,0.48000,0.99025,0.00975
0.61000,0.48000,0.97961,0.02039
0.63000,0.48000,0.98257,0.01743
0.65000,0.48000,0.97517,0.02483
0.67000,0.48000,0.97743,0.02257
0.69000,0.48000,0.96646,0.03354
0.71000,0.48000,0.97982,0.02018
0.73000,0.48000,0.97976,0.02024
0.75000,0.48000,0.98540,0.01460
0.77000,0.48000,0.96711,0.03289
0.79000,0.48000,0.97462,0.02538
0.81000,0.48000,0.95079,0.04921
0.83000,0.48000,0.97066,0.02934
0.85000,0.48000,0.94583,0.05417
0.87000,0.48000,0.97644,0.02356
0.89000,0.48000,0.97467,0.02533
0.91000,0.48000,0.97452,0.02548
0.93000,0.48000,0.95833,0.04167
0.95000,0.48000,0.97779,0.02221
0.97000,0.48000,0.94090,0.05910
0.99000,0.48000,0.96221,0.03779
1.01000,0.48000,0.91438,0.08562
1.03000,0.48000,0.97683,0.02317
1.05000,0.48000,0.95410,0.04590
1.07000,0.48000,0.97687,0.02313
1.09000,0.48000,0.97307,0.02693
1.11000,0.48000,0.98611,0.01389
1.13000,0.48000,0.96508,0.03492
1.15000,0.48000,0.97875,0.02125
1.17000,0.48000,0.91576,0.08424
1.19000,0.48000,0.98056,0.01944
1.21000,0.48000,0.93162,0.06838
1.23000,0.48000,0.97297,0.02703
1.25000,0.48000,0.95978,0.04022
1.27000,0.48000,0.97715,0.02285
1.29000,0.48000,0.97326,0.02674
1.31000,0.48000,0.98432,0.01568
1.33000,0.48000,0.92574,0.07426
1.35000,0.48000,0.98335,0.01665
1.37000,0.48000,0.94303,0.05697
1.39000,0.48000,0.97206,0.02794
1.41000,0.48000,0.97286,0.02714
1.43000,0.48000,0.98465,0.01535
1.45000,0.48000,0.98407,0.01593
1.47000,0.48000,0.98232,0.01768
1.49000,0.48000,0.97523,0.02477
1.51000,0.48000,0.99066,0.00934
1.53000,0.48000,0.97604,0.02396
1.55000,0.48000,0.98368,0.01632
1.57000,0.48000,0.96878,0.03122
1.59000,0.48000,0.98326,0.01674
1.61000,0.48000,0.98701,0.01299
1.63000,0.48000,0.97461,0.02539
1.65000,0.48000,0.98280,0.01720
1.67000,0.48000,0.98224,0.01776
1.69000,0.48000,0.98282,0.01718
1.71000,0.48000,0.99089,0.00911
1.73000,0.48000,0.97755,0.02245
1.75000,0.48000,0.99108,0.00892
1.77000,0.48000,0.99031,0.00969
1.79000,0.48000,0.98180,0.01820
1.81000,0.48000,0.98420,0.01580
1.83000,0.48000,0.97899,0.02101
1.85000,0.48000,0.98273,0.01727
1.87000,0.48000,0.97511,0.02489
1.89000,0.48000,0.98464,0.01536
1.91000,0.48000,0.98713,0.01287
1.93000,0.48000,0.99049,0.00951
1.95000,0.48000,0.98284,0.01716
1.97000,0.48000,0.98203,0.01797
1.99000,0.48000,0.97540,0.02460
2.01000,0.48000,0.98004,0.01996
2.03000,0.48000,0.96751,0.03249
2.05000,0.48000,0.98369,0.01631
2.07000,0.48000,0.98498,0.01502
2.09000,0.48000,0.98668,0.01332
2.11000,0.48000,0.97493,0.02507
2.13000,0.48000,0.98514,0.01486
2.15000,0.48000,0.96249,0.03751
2.17000,0.48000,0.96745,0.03255
2.19000,0.48000,0.95610,0.04390
2.21000,0.48000,0.97185,0.02815
2.23000,0.48000,0.97772,0.02228
2.25000,0.48000,0.97507,0.02493
2.27000,0.48000,0.98011,0.01989
2.29000,0.48000,0.98637,0.01363
2.31000,0.48000,0.96814,0.03186
2.33000,0.48000,0.97244,0.02756
2.35000,0.48000,0.95059,0.04941
2.37000,0.48000,0.98216,0.01784
2.39000,0.48000,0.96313,0.03687
2.41000,0.48000,0.96327,0.03673
2.43000,0.48000,0.95338,0.04662
2.45000,0.48000,0.97630,0.02370
2.47000,0.48000,0.95622,0.04378
2.49000,0.48000,0.97206,0.02794
2.51000,0.48000,0.89445,0.10555
2.53000,0.48000,0.97857,0.02143
2.55000,0.48000,0.92389,0.07611
2.57000,0.48000,0.95391,0.04609
2.59000,0.48000,0.95047,0.04953
2.61000,0.48000,0.97050,0.02950
2.63000,0.48000,0.94221,0.05779
2.65000,0.48000,0.97122,0.02878
2.67000,0.48000,0.92390,0.07610
2.69000,0.48000,0.98439,0.01561
2.71000,0.48000,0.96163,0.03837
2.73000,0.48000,0.98394,0.01606
2.75000,0.48000,0.97721,0.02279
2.77000,0.48000,0.98820,0.01180
2.79000,0.48000,0.97443,0.02557
2.81000,0.48000,0.98529,0.01471
2.83000,0.48000,0.95897,0.04103
2.85000,0.48000,0.98749,0.01251
2.87000,0.48000,0.98100,0.01900
2.89000,0.48000,0.98868,0.01132
2.91000,0.48000,0.98628,0.01372
2.93000,0.48000,0.99043,0.00957
2.95000,0.48000,0.98906,0.01094
2.97000,0.48000,0.99361,0.00639
2.99000,0.48000,0.97524,0.02476
3.01000,0.48000,0.98627,0.01373
3.03000,0.48000,0.97535,0.02465
3.05000,0.48000,0.98498,0.01502
3.07000,0.48000,0.98904,0.01096
3.09000,0.48000,0.98305,0.01695
3.11000,0.48000,0.99507,0.00493
3.13000,0.48000,0.99258,0.00742
3.15000,0.48000,0.99251,0.00749
3.17000,0.48000,0.98737,0.01263
3.19000,0.48000,0.99217,0.00783
3.21000,0.48000,0.98789,0.01211
3.23000,0.48000,0.98646,0.01354
3.25000,0.48000,0.98716,0.01284
3.27000,0.48000,0.98911,0.01089
3.29000,0.48000,0.98464,0.01536
3.31000,0.48000,0.98350,0.01650
3.33000,0.48000,0.98410,0.01590
3.35000,0.48000,0.97874,0.02126
3.37000,0.48000,0.97373,0.02627
3.39000,0.48000,0.97812,0.02188
3.41000,0.48000,0.96201,0.03799
3.43000,0.48000,0.98498,0.01502
3.45000,0.48000,0.97701,0.02299
3.47000,0.48000,0.98184,0.01816
3.49000,0.48000,0.98063,0.01937
3.51000,0.48000,0.97392,0.02608
3.53000,0.48000,0.97038,0.02962
3.55000,0.48000,0.97325,0.02675
3.57000,0.48000,0.98042,0.01958
3.59000,0.48000,0.98072,0.01928
3.61000,0.48000,0.97190,0.02810
3.63000,0.48000,0.95801,0.04199
3.65000,0.48000,0.97707,0.02293
3.67000,0.48000,0.94726,0.05274
3.69000,0.48000,0.97150,0.02850
3.71000,0.48000,0.89707,0.10293
3.73000,0.48000,0.97985,0.02015
3.75000,0.48000,0.93539,0.06461
3.77000,0.48000,0.96436,0.03564
3.79000,0.48000,0.92204,0.07796
3.81000,0.48000,0.97038,0.02962
3.83000,0.48000,0.89533,0.10467
3.85000,0.48000,0.96708,0.03292
3.87000,0.48000,0.88283,0.11717
3.89000,0.48000,0.98013,0.01987
3.91000,0.48000,0.93712,0.06288
3.93000,0.48000,0.95714,0.04286
3.95000,0.48000,0.92200,0.07800
3.97000,0.48000,0.97205,0.02795
3.99000,0.48000,0.91411,0.08589
4.01000,0.48000,0.95103,0.04897
4.03000,0.48000,0.83742,0.16258
4.05000,0.48000,0.98151,0.01849
4.07000,0.48000,0.91634,0.08366
4.09000,0.48000,0.98001,0.01999
4.11000,0.48000,0.95208,0.04792
4.13000,0.48000,0.97995,0.02005
4.15000,0.48000,0.96517,0.03483
4.17000,0.48000,0.97332,0.02668
4.19000,0.48000,0.92330,0.07670
4.21000,0.48000,0.97542,0.02458
4.23000,0.48000,0.92279,0.07721
4.25000,0.48000,0.96879,0.03121
4.27000,0.48000,0.94260,0.05740
4.29000,0.48000,0.97755,0.02245
4.31000,0.48000,0.97844,0.02156
4.33000,0.48000,0.98413,0.01587
4.35000,0.48000,0.94691,0.05309
4.37000,0.48000,0.98164,0.01836
4.39000,0.48000,0.94864,0.05136
4.41000,0.48000,0.96949,0.03051
4.43000,0.48000,0.97080,0.02920
4.45000,0.48000,0.98385,0.01615
4.47000,0.48000,0.98920,0.01080
4.49000,0.48000,0.98111,0.01889
4.51000,0.48000,0.98426,0.01574
4.53000,0.48000,0.99016,0.00984
4.55000,0.48000,0.98224,0.01776
4.57000,0.48000,0.98399,0.01601
4.59000,0.48000,0.95875,0.04125
4.61000,0.48000,0.97883,0.02117
4.63000,0.48000,0.98839,0.01161
4.65000,0.48000,0.96266,0.03734
4.67000,0.48000,0.97859,0.02141
4.69000,0.48000,0.97747,0.02253
4.71000,0.48000,0.97706,0.02294
4.73000,0.48000,0.98786,0.01214
4.75000,0.48000,0.96869,0.03131
4.77000,0.48000,0.98755,0.01245
4.79000,0.48000,0.98980,0.01020
4.81000,0.48000,0.97743,0.02257
4.83000,0.48000,0.97763,0.02237
4.85000,0.48000,0.97927,0.02073
4.87000,0.48000,0.97088,0.02912
4.89000,0.48000,0.97270,0.02730
4.91000,0.48000,0.96654,0.03346
4.93000,0.48000,0.98528,0.01472
4.95000,0.48000,0.98837,0.01163
4.97000,0.48000,0.97987,0.02013
4.99000,0.48000,0.97471,0.02529
5.01000,0.48000,0.97668,0.02332
5.03000,0.48000,0.97188,0.02812
5.05000,0.48000,0.96751,0.03249
5.07000,0.48000,0.97278,0.02722
5.09000,0.48000,0.97912,0.02088
5.11000,0.48000,0.91093,0.08907
5.13000,0.48000,0.86751,0.13249
5.15000,0.48000,0.76155,0.23845
5.17000,0.48000,0.75699,0.24301
5.19000,0.48000,0.57048,0.42952
5.21000,0.48000,0.46267,0.53733
5.23000,0.48000,0.34301,0.65699
5.25000,0.48000,0.36611,0.63389
5.27000,0.48000,0.27522,0.72478
5.29000,0.48000,0.38841,0.61159
5.31000,0.48000,0.28346,0.71654
5.33000,0.48000,0.16597,0.83403
5.35000,0.48000,0.20370,0.79630
5.37000,0.48000,0.27956,0.72044
5.39000,0.48000,0.32008,0.67992
5.41000,0.48000,0.15757,0.84243
5.43000,0.48000,0.08478,0.91522
5.45000,0.48000,0.05160,0.94840
5.47000,0.48000,0.05627,0.94373
5.49000,0.48000,0.01475,0.98525
5.51000,0.48000,0.01954,0.98046
5.53000,0.48000,0.01734,0.98266
5.55000,0.48000,0.00917,0.99083
5.57000,0.48000,0.01725,0.98275
5.59000,0.48000,0.00855,0.99145
5.61000,0.48000,0.02352,0.97648
5.63000,0.48000,0.01139,0.98861
5.65000,0.48000,0.02904,0.97096
5.67000,0.48000,0.00911,0.99089
5.69000,0.48000,0.00277,0.99723
5.71000,0.48000,0.00442,0.99558
5.73000,0.48000,0.00302,0.99698
5.75000,0.48000,0.00546,0.99454
5.77000,0.48000,0.00406,0.99594
5.79000,0.48000,0.00432,0.99568
5.81000,0.48000,0.00612,0.99388
5.83000,0.48000,0.01062,0.98938
5.85000,0.48000,0.01083,0.98917
5.87000,0.48000,0.05048,0.94952
5.89000,0.48000,0.02829,0.97171
5.91000,0.48000,0.17756,0.82244
5.93000,0.48000,0.16264,0.83736
5.95000,0.48000,0.21543,0.78457
5.97000,0.48000,0.16127,0.83873
5.99000,0.48000,0.17507,0.82493
6.01000,0.48000,0.06017,0.93983
6.03000,0.48000,0.05207,0.94793
6.05000,0.48000,0.01523,0.98477
6.07000,0.48000,0.04548,0.95452
6.09000,0.48000,0.03385,0.96615
6.11000,0.48000,0.12919,0.87081
6.13000,0.48000,0.05165,0.94835
6.15000,0.48000,0.71060,0.28940
6.17000,0.48000,0.49114,0.50886
6.19000,0.48000,0.58237,0.41763
6.21000,0.48000,0.24672,0.75328
6.23000,0.48000,0.26334,0.73666
6.25000,0.48000,0.20587,0.79413
6.27000,0.48000,0.24916,0.75084
6.29000,0.48000,0.11274,0.88726
6.31000,0.48000,0.26833,0.73167
6.33000,0.48000,0.08185,0.91815
6.35000,0.48000,0.21423,0.78577
6.37000,0.48000,0.06831,0.93169
6.39000,0.48000,0.28901,0.71099
6.41000,0.48000,0.03875,0.96125
6.43000,0.48000,0.12717,0.87283
6.45000,0.48000,0.01844,0.98156
6.47000,0.48000,0.03614,0.96386
6.49000,0.48000,0.01000,0.99000
6.51000,0.48000,0.00886,0.99114
6.53000,0.48000,0.00739,0.99261
6.55000,0.48000,0.01186,0.98814
6.57000,0.48000,0.00671,0.99329
6.59000,0.48000,0.00607,0.99393
6.61000,0.48000,0.00135,0.99865
6.63000,0.48000,0.00549,0.99451
6.65000,0.48000,0.00334,0.99666
6.67000,0.48000,0.00087,0.99913
6.69000,0.48000,0.01459,0.98541
6.71000,0.48000,0.02310,0.97690
6.73000,0.48000,0.02879,0.97121
6.75000,0.48000,0.03276,0.96724
6.77000,0.48000,0.01477,0.98523
6.79000,0.48000,0.01275,0.98725
6.81000,0.48000,0.00218,0.99782
6.83000,0.48000,0.00168,0.99832
6.85000,0.48000,0.00053,0.99947
6.87000,0.48000,0.00102,0.99898
6.89000,0.48000,0.00076,0.99924
6.91000,0.48000,0.00129,0.99871
6.93000,0.48000,0.00025,0.99975
6.95000,0.48000,0.00177,0.99823
6.97000,0.48000,0.00088,0.99912
6.99000,0.48000,0.00177,0.99823
7.01000,0.48000,0.00055,0.99945
7.03000,0.48000,0.00113,0.99887
7.05000,0.48000,0.00119,0.99881
7.07000,0.48000,0.00156,0.99844
7.09000,0.48000,0.00047,0.99953
7.11000,0.48000,0.00079,0.99921
7.13000,0.48000,0.00092,0.99908
7.15000,0.48000,0.00132,0.99868
7.17000,0.48000,0.00063,0.99937
7.19000,0.48000,0.00046,0.99954
7.21000,0.48000,0.00095,0.99905
7.23000,0.48000,0.00058,0.99942
7.25000,0.48000,0.00180,0.99820
7.27000,0.48000,0.00140,0.99860
7.29000,0.48000,0.00134,0.99866
7.31000,0.48000,0.00155,0.99845
7.33000,0.48000,0.00198,0.99802
7.35000,0.48000,0.00105,0.99895
7.37000,0.48000,0.00165,0.99835
7.39000,0.48000,0.00098,0.99902
7.41000,0.48000,0.00101,0.99899
7.43000,0.48000,0.00065,0.99935
7.45000,0.48000,0.00094,0.99906
7.47000,0.48000,0.00095,0.99905
7.49000,0.48000,0.00085,0.99915
7.51000,0.48000,0.00192,0.99808
7.53000,0.48000,0.00154,0.99846
7.55000,0.48000,0.00248,0.99752
7.57000,0.48000,0.00148,0.99852
7.59000,0.48000,0.00180,0.99820
7.61000,0.48000,0.00141,0.99859
7.63000,0.48000,0.00123,0.99877
7.65000,0.48000,0.00099,0.99901
7.67000,0.48000,0.00118,0.99882
7.69000,0.48000,0.00163,0.99837
7.71000,0.48000,0.00121,0.99879
7.73000,0.48000,0.00153,0.99847
7.75000,0.48000,0.00171,0.99829
7.77000,0.48000,0.00131,0.99869
7.79000,0.48000,0.00155,0.99845
7.81000,0.48000,0.00128,0.99872
7.83000,0.48000,0.00280,0.99720
7.85000,0.48000,0.00232,0.99768
7.87000,0.48000,0.00243,0.99757
7.89000,0.48000,0.00207,0.99793
7.91000,0.48000,0.00183,0.99817
7.93000,0.48000,0.00245,0.99755
7.95000,0.48000,0.00279,0.99721
7.97000,0.48000,0.00364,0.99636
7.99000,0.48000,0.00421,0.99579
8.01000,0.48000,0.00430,0.99570
8.03000,0.48000,0.00566,0.99434
8.05000,0.48000,0.00791,0.99209
8.07000,0.48000,0.00949,0.99051
8.09000,0.48000,0.00989,0.99011
8.11000,0.48000,0.01734,0.98266
8.13000,0.48000,0.03290,0.96710
8.15000,0.48000,0.11619,0.88381
8.17000,0.48000,0.22560,0.77440
8.19000,0.48000,0.42472,0.57528
8.21000,0.48000,0.36224,0.63776
8.23000,0.48000,0.41976,0.58024
8.25000,0.48000,0.54205,0.45795
8.27000,0.48000,0.71549,0.28451
8.29000,0.48000,0.75264,0.24736
8.31000,0.48000,0.75404,0.24596
8.33000,0.48000,0.80440,0.19560
8.35000,0.48000,0.94591,0.05409
8.37000,0.48000,0.84980,0.15020
8.39000,0.48000,0.90717,0.09283
8.41000,0.48000,0.77396,0.22604
8.43000,0.48000,0.95732,0.04268
8.45000,0.48000,0.88314,0.11686
8.47000,0.48000,0.96914,0.03086
8.49000,0.48000,0.97960,0.02040
8.51000,0.48000,0.99742,0.00258
8.53000,0.48000,0.99430,0.00570
8.55000,0.48000,0.99846,0.00154
8.57000,0.48000,0.99374,0.00626
8.59000,0.48000,0.99644,0.00356
8.61000,0.48000,0.98989,0.01011
8.63000,0.48000,0.99600,0.00400
8.65000,0.48000,0.98765,0.01235
8.67000,0.48000,0.99637,0.00363
8.69000,0.48000,0.99301,0.00699
8.71000,0.48000,0.99569,0.00431
8.73000,0.48000,0.99384,0.00616
8.75000,0.48000,0.99581,0.00419
8.77000,0.48000,0.97865,0.02135
8.79000,0.48000,0.98778,0.01222
8.81000,0.48000,0.96097,0.03903
8.83000,0.48000,0.98045,0.01955
8.85000,0.48000,0.95722,0.04278
8.87000,0.48000,0.96471,0.03529
8.89000,0.48000,0.97311,0.02689
8.91000,0.48000,0.97213,0.02787
8.93000,0.48000,0.97926,0.02074
8.95000,0.48000,0.97763,0.02237
8.97000,0.48000,0.98561,0.01439
8.99000,0.48000,0.96527,0.03473
9.01000,0.48000,0.98818,0.01182
9.03000,0.48000,0.97677,0.02323
9.05000,0.48000,0.97822,0.02178
9.07000,0.48000,0.96503,0.03497
9.09000,0.48000,0.97504,0.02496
9.11000,0.48000,0.96491,0.03509
9.13000,0.48000,0.98045,0.01955
9.15000,0.48000,0.96117,0.03883
9.17000,0.48000,0.97796,0.02204
9.19000,0.48000,0.96314,0.03686
9.21000,0.48000,0.98240,0.01760
9.23000,0.48000,0.98487,0.01513
9.25000,0.48000,0.99443,0.00557
9.27000,0.48000,0.99136,0.00864
9.29000,0.48000,0.99387,0.00613
9.31000,0.48000,0.99377,0.00623
9.33000,0.48000,0.99437,0.00563
9.35000,0.48000,0.99027,0.00973
9.37000,0.48000,0.99397,0.00603
9.39000,0.48000,0.99165,0.00835
9.41000,0.48000,0.99294,0.00706
9.43000,0.48000,0.99051,0.00949
9.45000,0.48000,0.98577,0.01423
9.47000,0.48000,0.99328,0.00672
9.49000,0.48000,0.98909,0.01091
9.51000,0.48000,0.99398,0.00602
9.53000,0.48000,0.99103,0.00897
9.55000,0.48000,0.99309,0.00691
9.57000,0.48000,0.99160,0.00840
9.59000,0.48000,0.98410,0.01590
9.61000,0.48000,0.97767,0.02233
9.63000,0.48000,0.98365,0.01635
9.65000,0.48000,0.99089,0.00911
9.67000,0.48000,0.98622,0.01378
9.69000,0.48000,0.97705,0.02295
9.71000,0.48000,0.97575,0.02425
9.73000,0.48000,0.98366,0.01634
9.75000,0.48000,0.97231,0.02769
9.77000,0.48000,0.98694,0.01306
9.79000,0.48000,0.98418,0.01582
9.81000,0.48000,0.99011,0.00989
9.83000,0.48000,0.98833,0.01167
9.85000,0.48000,0.98606,0.01394
9.87000,0.48000,0.97950,0.02050
9.89000,0.48000,0.98240,0.01760
9.91000,0.48000,0.98466,0.01534
9.93000,0.48000,0.97961,0.02039
9.95000,0.48000,0.98770,0.01230
9.97000,0.48000,0.97621,0.02379
9.99000,0.48000,0.97809,0.02191
10.01000,0.48000,0.98986,0.01014
10.03000,0.48000,0.99047,0.00953
10.05000,0.48000,0.99315,0.00685
10.07000,0.48000,0.99463,0.00537
10.09000,0.48000,0.99154,0.00846
10.11000,0.48000,0.99359,0.00641
10.13000,0.48000,0.99281,0.00719
10.15000,0.48000,0.99331,0.00669
10.17000,0.48000,0.99216,0.00784
10.19000,0.48000,0.99345,0.00655
10.21000,0.48000,0.98530,0.01470
10.23000,0.48000,0.99195,0.00805
10.25000,0.48000,0.99348,0.00652
10.27000,0.48000,0.99350,0.00650
10.29000,0.48000,0.99533,0.00467
10.31000,0.48000,0.99584,0.00416
10.33000,0.48000,0.99473,0.00527
10.35000,0.48000,0.99651,0.00349
10.37000,0.48000,0.99443,0.00557
10.39000,0.48000,0.99468,0.00532
10.41000,0.48000,0.99604,0.00396
10.43000,0.48000,0.99430,0.00570
10.45000,0.48000,0.99400,0.00600
10.47000,0.48000,0.99676,0.00324
10.49000,0.48000,0.99375,0.00625
10.51000,0.48000,0.99664,0.00336
10.53000,0.48000,0.99676,0.00324
10.55000,0.48000,0.99730,0.00270
10.57000,0.48000,0.99771,0.00229
10.59000,0.48000,0.99835,0.00165
10.61000,0.48000,0.99849,0.00151
10.63000,0.48000,0.99717,0.00283
10.65000,0.48000,0.99749,0.00251
10.67000,0.48000,0.99648,0.00352
10.69000,0.48000,0.99637,0.00363
10.71000,0.48000,0.99549,0.00451
10.73000,0.48000,0.99508,0.00492
10.75000,0.48000,0.99632,0.00368
10.77000,0.48000,0.99626,0.00374
10.79000,0.48000,0.99328,0.00672
10.81000,0.48000,0.99576,0.00424
10.83000,0.48000,0.99592,0.00408
10.85000,0.48000,0.99635,0.00365
10.87000,0.48000,0.98532,0.01468
10.89000,0.48000,0.98671,0.01329
10.91000,0.48000,0.95292,0.04708
10.93000,0.48000,0.95408,0.04592
10.95000,0.48000,0.98955,0.01045
10.97000,0.48000,0.98470,0.01530
10.99000,0.48000,0.99264,0.00736
11.01000,0.48000,0.94141,0.05859
11.03000,0.48000,0.98168,0.01832
11.05000,0.48000,0.93158,0.06842
11.07000,0.48000,0.94628,0.05372
11.09000,0.48000,0.79000,0.21000
11.11000,0.48000,0.91286,0.08714
11.13000,0.48000,0.75533,0.24467
11.15000,0.48000,0.92076,0.07924
11.17000,0.48000,0.61119,0.38881
11.19000,0.48000,0.82131,0.17869
11.21000,0.48000,0.36512,0.63488
11.23000,0.48000,0.56846,0.43154
11.25000,0.48000,0.03944,0.96056
11.27000,0.48000,0.05499,0.94501
11.29000,0.48000,0.01222,0.98778
11.31000,0.48000,0.02727,0.97273
11.33000,0.48000,0.01115,0.98885
11.35000,0.48000,0.01381,0.98619
11.37000,0.48000,0.00617,0.99383
11.39000,0.48000,0.01282,0.98718
11.41000,0.48000,0.00525,0.99475
11.43000,0.48000,0.01683,0.98317
11.45000,0.48000,0.00554,0.99446
11.47000,0.48000,0.01712,0.98288
11.49000,0.48000,0.00511,0.99489
11.51000,0.48000,0.02163,0.97837
11.53000,0.48000,0.00492,0.99508
11.55000,0.48000,0.03793,0.96207
11.57000,0.48000,0.00799,0.99201
11.59000,0.48000,0.08256,0.91744
11.61000,0.48000,0.07048,0.92952
11.63000,0.48000,0.19099,0.80901
11.65000,0.48000,0.13535,0.86465
11.67000,0.48000,0.18737,0.81263
11.69000,0.48000,0.14971,0.85029
11.71000,0.48000,0.12840,0.87160
11.73000,0.48000,0.06043,0.93957
11.75000,0.48000,0.09964,0.90036
11.77000,0.48000,0.07566,0.92434
11.79000,0.48000,0.07204,0.92796
11.81000,0.48000,0.02451,0.97549
11.83000,0.48000,0.02373,0.97627
11.85000,0.48000,0.01775,0.98225
11.87000,0.48000,0.02101,0.97899
11.89000,0.48000,0.03356,0.96644
11.91000,0.48000,0.02309,0.97691
11.93000,0.48000,0.04946,0.95054
11.95000,0.48000,0.04270,0.95730
11.97000,0.48000,0.02950,0.97050
11.99000,0.48000,0.04922,0.95078
12.01000,0.48000,0.06364,0.93636
12.03000,0.48000,0.04500,0.95500
12.05000,0.48000,0.10001,0.89999
12.07000,0.48000,0.17879,0.82121
12.09000,0.48000,0.05787,0.94213
12.11000,0.48000,0.06549,0.93451
12.13000,0.48000,0.03794,0.96206
12.15000,0.48000,0.02369,0.97631
12.17000,0.48000,0.02301,0.97699
12.19000,0.48000,0.01009,0.98991
12.21000,0.48000,0.01356,0.98644
12.23000,0.48000,0.01085,0.98915
12.25000,0.48000,0.00735,0.99265
12.27000,0.48000,0.01109,0.98891
12.29000,0.48000,0.00817,0.99183
12.31000,0.48000,0.02860,0.97140
12.33000,0.48000,0.01510,0.98490
12.35000,0.48000,0.01063,0.98937
12.37000,0.48000,0.00622,0.99378
12.39000,0.48000,0.01323,0.98677
12.41000,0.48000,0.00443,0.99557
12.43000,0.48000,0.00600,0.99400
12.45000,0.48000,0.00701,0.99299
12.47000,0.48000,0.00444,0.99556
12.49000,0.48000,0.00522,0.99478
12.51000,0.48000,0.00362,0.99638
12.53000,0.48000,0.00482,0.99518
12.55000,0.48000,0.00662,0.99338
12.57000,0.48000,0.00405,0.99595
12.59000,0.48000,0.00575,0.99425
12.61000,0.48000,0.00400,0.99600
12.63000,0.48000,0.00431,0.99569
12.65000,0.48000,0.00273,0.99727
12.67000,0.48000,0.00233,0.99767
12.69000,0.48000,0.00124,0.99876
12.71000,0.48000,0.00257,0.99743
12.73000,0.48000,0.00138,0.99862
12.75000,0.48000,0.00233,0.99767
12.77000,0.48000,0.00186,0.99814
12.79000,0.48000,0.00239,0.99761
12.81000,0.48000,0.00172,0.99828
12.83000,0.48000,0.00276,0.99724
12.85000,0.48000,0.00164,0.99836
12.87000,0.48000,0.00322,0.99678
12.89000,0.48000,0.00218,0.99782
12.91000,0.48000,0.00438,0.99562
12.93000,0.48000,0.00270,0.99730
12.95000,0.48000,0.00442,0.99558
12.97000,0.48000,0.00217,0.99783
12.99000,0.48000,0.00240,0.99760
13.01000,0.48000,0.00369,0.99631
13.03000,0.48000,0.00143,0.99857
13.05000,0.48000,0.00169,0.99831
13.07000,0.48000,0.00248,0.99752
13.09000,0.48000,0.00216,0.99784
13.11000,0.48000,0.00097,0.99903
13.13000,0.48000,0.00175,0.99825
13.15000,0.48000,0.00164,0.99836
13.17000,0.48000,0.00227,0.99773
13.19000,0.48000,0.00049,0.99951
13.21000,0.48000,0.00204,0.99796
13.23000,0.48000,0.00052,0.99948
13.25000,0.48000,0.03741,0.96259
13.27000,0.48000,0.00029,0.99971
13.29000,0.48000,0.00616,0.99384
13.31000,0.48000,0.00047,0.99953
13.33000,0.48000,0.00363,0.99637
13.35000,0.48000,0.00035,0.99964
13.37000,0.48000,0.00221,0.99779
13.39000,0.48000,0.00032,0.99968
13.41000,0.48000,0.00397,0.99603
13.43000,0.48000,0.00060,0.99940
13.45000,0.48000,0.00075,0.99925
13.47000,0.48000,0.00065,0.99935
13.49000,0.48000,0.00137,0.99863
13.51000,0.48000,0.00108,0.99892
13.53000,0.48000,0.00060,0.99940
13.55000,0.48000,0.00174,0.99826
13.57000,0.48000,0.00158,0.99842
13.59000,0.48000,0.00192,0.99808
13.61000,0.48000,0.00067,0.99933
13.63000,0.48000,0.00175,0.99825
13.65000,0.48000,0.00096,0.99904
13.67000,0.48000,0.00423,0.99577
13.69000,0.48000,0.00194,0.99806
13.71000,0.48000,0.00925,0.99075
13.73000,0.48000,0.00259,0.99741
13.75000,0.48000,0.01248,0.98752
13.77000,0.48000,0.01043,0.98957
13.79000,0.48000,0.01161,0.98839
13.81000,0.48000,0.02258,0.97742
13.83000,0.48000,0.05856,0.94144
13.85000,0.48000,0.03770,0.96230
13.87000,0.48000,0.27731,0.72269
13.89000,0.48000,0.39907,0.60093
13.91000,0.48000,0.29790,0.70210
13.93000,0.48000,0.58243,0.41757
13.95000,0.48000,0.42439,0.57561
13.97000,0.48000,0.53890,0.46110
13.99000,0.48000,0.54009,0.45991
14.01000,0.48000,0.51926,0.48074
14.03000,0.48000,0.80999,0.19001
14.05000,0.48000,0.76269,0.23731
14.07000,0.48000,0.30277,0.69723
14.09000,0.48000,0.60397,0.39603
14.11000,0.48000,0.50646,0.49354
14.13000,0.48000,0.59137,0.40863
14.15000,0.48000,0.80703,0.19297
14.17000,0.48000,0.80518,0.19482
14.19000,0.48000,0.94791,0.05209
14.21000,0.48000,0.99430,0.00570
14.23000,0.48000,0.98901,0.01099
14.25000,0.48000,0.99305,0.00695
14.27000,0.48000,0.98763,0.01237
14.29000,0.48000,0.99527,0.00473
14.31000,0.48000,0.97972,0.02028
14.33000,0.48000,0.99501,0.00499
14.35000,0.48000,0.97863,0.02137
14.37000,0.48000,0.99406,0.00594
14.39000,0.48000,0.97457,0.02543
14.41000,0.48000,0.98967,0.01033
14.43000,0.48000,0.95614,0.04386
14.45000,0.48000,0.99059,0.00941
14.47000,0.48000,0.89476,0.10524
14.49000,0.48000,0.98810,0.01190
14.51000,0.48000,0.94978,0.05022
14.53000,0.48000,0.97850,0.02150
14.55000,0.48000,0.92381,0.07619
14.57000,0.48000,0.97739,0.02261
14.59000,0.48000,0.92827,0.07173
14.61000,0.48000,0.96876,0.03124
14.63000,0.48000,0.95054,0.04946
14.65000,0.48000,0.96812,0.03188
14.67000,0.48000,0.94484,0.05516
14.69000,0.48000,0.96325,0.03675
14.71000,0.48000,0.93290,0.06710
14.73000,0.48000,0.98445,0.01555
14.75000,0.48000,0.95596,0.04404
14.77000,0.48000,0.96708,0.03292
14.79000,0.48000,0.95461,0.04539
14.81000,0.48000,0.95329,0.04671
14.83000,0.48000,0.94639,0.05361
14.85000,0.48000,0.97758,0.02242
14.87000,0.48000,0.96296,0.03704
14.89000,0.48000,0.98491,0.01509
14.91000,0.48000,0.97901,0.02099
14.93000,0.48000,0.99167,0.00833
14.95000,0.48000,0.98622,0.01378
14.97000,0.48000,0.99222,0.00778
14.99000,0.48000,0.98959,0.01041
15.01000,0.48000,0.99575,0.00425
15.03000,0.48000,0.99319,0.00681
15.05000,0.48000,0.99188,0.00812
15.07000,0.48000,0.99090,0.00910
15.09000,0.48000,0.99178,0.00822
15.11000,0.48000,0.98363,0.01637
15.13000,0.48000,0.99400,0.00600
15.15000,0.48000,0.98684,0.01316
15.17000,0.48000,0.99531,0.00469
15.19000,0.48000,0.98943,0.01057
15.21000,0.48000,0.99376,0.00624
15.23000,0.48000,0.99072,0.00928
15.25000,0.48000,0.99400,0.00600
15.27000,0.48000,0.99332,0.00668
15.29000,0.48000,0.99310,0.00690
15.31000,0.48000,0.98120,0.01880
15.33000,0.48000,0.99228,0.00772
15.35000,0.48000,0.98881,0.01119
15.37000,0.48000,0.99605,0.00395
15.39000,0.48000,0.98641,0.01359
15.41000,0.48000,0.99561,0.00439
15.43000,0.48000,0.98562,0.01438
15.45000,0.48000,0.99343,0.00657
15.47000,0.48000,0.98383,0.01617
15.49000,0.48000,0.99334,0.00666
15.51000,0.48000,0.97851,0.02149
15.53000,0.48000,0.99311,0.00689
15.55000,0.48000,0.97811,0.02189
15.57000,0.48000,0.99307,0.00693
15.59000,0.48000,0.95815,0.04185
15.61000,0.48000,0.99173,0.00827
15.63000,0.48000,0.97950,0.02050
15.65000,0.48000,0.99086,0.00914
15.67000,0.48000,0.98263,0.01737
15.69000,0.48000,0.99266,0.00734
15.71000,0.48000,0.98640,0.01360
15.73000,0.48000,0.99441,0.00559
15.75000,0.48000,0.99277,0.00723
15.77000,0.48000,0.99568,0.00432
15.79000,0.48000,0.98959,0.01041
15.81000,0.48000,0.99543,0.00457
15.83000,0.48000,0.99306,0.00694
15.85000,0.48000,0.99736,0.00264
15.87000,0.48000,0.99194,0.00806
15.89000,0.48000,0.99675,0.00325
15.91000,0.48000,0.99159,0.00841
15.93000,0.48000,0.99534,0.00466
15.95000,0.48000,0.99354,0.00646
15.97000,0.48000,0.99676,0.00324
15.99000,0.48000,0.99270,0.00730
16.01000,0.48000,0.99763,0.00237
16.03000,0.48000,0.99470,0.00530
16.05000,0.48000,0.99728,0.00272
16.07000,0.48000,0.99662,0.00338
16.09000,0.48000,0.99606,0.00394
16.11000,0.48000,0.99586,0.00414
16.13000,0.48000,0.99690,0.00310
16.15000,0.48000,0.99633,0.00367
16.17000,0.48000,0.99598,0.00402
16.19000,0.48000,0.99532,0.00468
16.21000,0.48000,0.99769,0.00231
16.23000,0.48000,0.99560,0.00440
16.25000,0.48000,0.99694,0.00306
16.27000,0.48000,0.99508,0.00492
16.29000,0.48000,0.99549,0.00451
16.31000,0.48000,0.99437,0.00563
16.33000,0.48000,0.99606,0.00394
16.35000,0.48000,0.99758,0.00242
16.37000,0.48000,0.99528,0.00472
16.39000,0.48000,0.99717,0.00283
16.41000,0.48000,0.99816,0.00184
16.43000,0.48000,0.99703,0.00297
16.45000,0.48000,0.99651,0.00349
16.47000,0.48000,0.99676,0.00324
16.49000,0.48000,0.99701,0.00299
16.51000,0.48000,0.99688,0.00312
16.53000,0.48000,0.99488,0.00512
16.55000,0.48000,0.99726,0.00274
16.57000,0.48000,0.99677,0.00323
16.59000,0.48000,0.99744,0.00256
16.61000,0.48000,0.99574,0.00426
16.63000,0.48000,0.99709,0.00291
16.65000,0.48000,0.99652,0.00348
16.67000,0.48000,0.99628,0.00372
16.69000,0.48000,0.99527,0.00473
16.71000,0.48000,0.99632,0.00368
16.73000,0.48000,0.99516,0.00484
16.75000,0.48000,0.99688,0.00312
16.77000,0.48000,0.99208,0.00792
16.79000,0.48000,0.99546,0.00454
16.81000,0.48000,0.99385,0.00615
16.83000,0.48000,0.99456,0.00544
16.85000,0.48000,0.99599,0.00401
16.87000,0.48000,0.99382,0.00618
16.89000,0.48000,0.99478,0.00522
16.91000,0.48000,0.99382,0.00618
16.93000,0.48000,0.99603,0.00397
16.95000,0.48000,0.99536,0.00464
16.97000,0.48000,0.99578,0.00422
16.99000,0.48000,0.99462,0.00538
17.01000,0.48000,0.99494,0.00506
17.03000,0.48000,0.99696,0.00304
17.05000,0.48000,0.99600,0.00400
17.07000,0.48000,0.99718,0.00282
17.09000,0.48000,0.99610,0.00390
17.11000,0.48000,0.99765,0.00235
17.13000,0.48000,0.99600,0.00400
17.15000,0.48000,0.99590,0.00410
17.17000,0.48000,0.99585,0.00415
17.19000,0.48000,0.99720,0.00280
17.21000,0.48000,0.99416,0.00584
17.23000,0.48000,0.99665,0.00335
17.25000,0.48000,0.99056,0.00944
17.27000,0.48000,0.99861,0.00139
17.29000,0.48000,0.99664,0.00336
17.31000,0.48000,0.99784,0.00216
17.33000,0.48000,0.99463,0.00537
17.35000,0.48000,0.99755,0.00245
17.37000,0.48000,0.99370,0.00630
17.39000,0.48000,0.99726,0.00274
17.41000,0.48000,0.99442,0.00558
17.43000,0.48000,0.99736,0.00264
17.45000,0.48000,0.99535,0.00465
17.47000,0.48000,0.99673,0.00327
17.49000,0.48000,0.99506,0.00494
17.51000,0.48000,0.99677,0.00323
17.53000,0.48000,0.99607,0.00393
17.55000,0.48000,0.99580,0.00420
17.57000,0.48000,0.99649,0.00351
17.59000,0.48000,0.99685,0.00315
17.61000,0.48000,0.99620,0.00380
17.63000,0.48000,0.99718,0.00282
17.65000,0.48000,0.99679,0.00321
17.67000,0.48000,0.99625,0.00375
17.69000,0.48000,0.99339,0.00661
17.71000,0.48000,0.99606,0.00394
17.73000,0.48000,0.99470,0.00530
17.75000,0.48000,0.99547,0.00453
17.77000,0.48000,0.99567,0.00433
17.79000,0.48000,0.99400,0.00600
17.81000,0.48000,0.99670,0.00330
17.83000,0.48000,0.99765,0.00235
17.85000,0.48000,0.99650,0.00350
17.87000,0.48000,0.99761,0.00239
17.89000,0.48000,0.99604,0.00396
17.91000,0.48000,0.99744,0.00256
17.93000,0.48000,0.99661,0.00339
17.95000,0.48000,0.99643,0.00357
17.97000,0.48000,0.99670,0.00330
17.99000,0.48000,0.99766,0.00234
18.01000,0.48000,0.99664,0.00336
18.03000,0.48000,0.99241,0.00759
18.05000,0.48000,0.99623,0.00377
18.07000,0.48000,0.99642,0.00358
18.09000,0.48000,0.99637,0.00363
18.11000,0.48000,0.99682,0.00318
18.13000,0.48000,0.99600,0.00400
18.15000,0.48000,0.99791,0.00209
18.17000,0.48000,0.99662,0.00338
18.19000,0.48000,0.99580,0.00420
18.21000,0.48000,0.99760,0.00240
18.23000,0.48000,0.99779,0.00221
18.25000,0.48000,0.99631,0.00369
18.27000,0.48000,0.99693,0.00307
18.29000,0.48000,0.99536,0.00464
18.31000,0.48000,0.99818,0.00182
18.33000,0.48000,0.99643,0.00357
18.35000,0.48000,0.99784,0.00216
18.37000,0.48000,0.99525,0.00475
18.39000,0.48000,0.99824,0.00176
18.41000,0.48000,0.99017,0.00983
18.43000,0.48000,0.99689,0.00311
18.45000,0.48000,0.99312,0.00688
18.47000,0.48000,0.99783,0.00217
18.49000,0.48000,0.99643,0.00357
18.51000,0.48000,0.99736,0.00264
18.53000,0.48000,0.99394,0.00606
18.55000,0.48000,0.99718,0.00282
18.57000,0.48000,0.99417,0.00583
18.59000,0.48000,0.99661,0.00339
18.61000,0.48000,0.99242,0.00758
18.63000,0.48000,0.99724,0.00277
18.65000,0.48000,0.99381,0.00619
18.67000,0.48000,0.99614,0.00386
18.69000,0.48000,0.99375,0.00625
18.71000,0.48000,0.99435,0.00565
18.73000,0.48000,0.99281,0.00719
18.75000,0.48000,0.99360,0.00640
18.77000,0.48000,0.99294,0.00706
18.79000,0.48000,0.99662,0.00338
18.81000,0.48000,0.99360,0.00640
18.83000,0.48000,0.99619,0.00381
18.85000,0.48000,0.99577,0.00423
18.87000,0.48000,0.99653,0.00347
18.89000,0.48000,0.99141,0.00859
18.91000,0.48000,0.99481,0.00519
18.93000,0.48000,0.99254,0.00746
18.95000,0.48000,0.97417,0.02583
18.97000,0.48000,0.86285,0.13715
18.99000,0.48000,0.88136,0.11864
19.01000,0.48000,0.72307,0.27693
19.03000,0.48000,0.91108,0.08892
19.05000,0.48000,0.73054,0.26946
19.07000,0.48000,0.76659,0.23341
19.09000,0.48000,0.35592,0.64408
19.11000,0.48000,0.39460,0.60540
19.13000,0.48000,0.33139,0.66861
19.15000,0.48000,0.35088,0.64912
19.17000,0.48000,0.27248,0.72752
19.19000,0.48000,0.19704,0.80296
19.21000,0.48000,0.15838,0.84162
19.23000,0.48000,0.11694,0.88306
19.25000,0.48000,0.08441,0.91559
19.27000,0.48000,0.06715,0.93285
19.29000,0.48000,0.03285,0.96715
19.31000,0.48000,0.03054,0.96946
19.33000,0.48000,0.01399,0.98601
19.35000,0.48000,0.00752,0.99248
19.37000,0.48000,0.01026,0.98974
19.39000,0.48000,0.00862,0.99138
19.41000,0.48000,0.01594,0.98406
19.43000,0.48000,0.01390,0.98610
19.45000,0.48000,0.01713,0.98287
19.47000,0.48000,0.01240,0.98760
19.49000,0.48000,0.01773,0.98227
19.51000,0.48000,0.04201,0.95799
19.53000,0.48000,0.00993,0.99007
19.55000,0.48000,0.01593,0.98407
19.57000,0.48000,0.01673,0.98327
19.59000,0.48000,0.01499,0.98501
19.61000,0.48000,0.01487,0.98513
19.63000,0.48000,0.02591,0.97409
19.65000,0.48000,0.02269,0.97731
19.67000,0.48000,0.04409,0.95591
19.69000,0.48000,0.07937,0.92063
19.71000,0.48000,0.02538,0.97462
19.73000,0.48000,0.03203,0.96797
19.75000,0.48000,0.02059,0.97941
19.77000,0.48000,0.03252,0.96748
19.79000,0.48000,0.00601,0.99399
19.81000,0.48000,0.02169,0.97831
19.83000,0.48000,0.01753,0.98247
19.85000,0.48000,0.11751,0.88249
19.87000,0.48000,0.03414,0.96586
19.89000,0.48000,0.46234,0.53766
19.91000,0.48000,0.06762,0.93238
19.93000,0.48000,0.50471,0.49529
19.95000,0.48000,0.01430,0.98570
19.97000,0.48000,0.10672,0.89328
19.99000,0.48000,0.01038,0.98962
20.01000,0.48000,0.12942,0.87058
20.03000,0.48000,0.04105,0.95895
20.05000,0.48000,0.03012,0.96987
20.07000,0.48000,0.02634,0.97366
20.09000,0.48000,0.08881,0.91119
20.11000,0.48000,0.01311,0.98689
20.13000,0.48000,0.08973,0.91027
20.15000,0.48000,0.04408,0.95592
20.17000,0.48000,0.04837,0.95163
20.19000,0.48000,0.02099,0.97901
20.21000,0.48000,0.01501,0.98499
20.23000,0.48000,0.01409,0.98591
20.25000,0.48000,0.01306,0.98694
20.27000,0.48000,0.04054,0.95946
20.29000,0.48000,0.01001,0.98999
20.31000,0.48000,0.07157,0.92843
20.33000,0.48000,0.04556,0.95444
20.35000,0.48000,0.01407,0.98593
20.37000,0.48000,0.01070,0.98930
20.39000,0.48000,0.00876,0.99124
20.41000,0.48000,0.01417,0.98583
20.43000,0.48000,0.00880,0.99120
20.45000,0.48000,0.01836,0.98164
20.47000,0.48000,0.00951,0.99049
20.49000,0.48000,0.01116,0.98884
20.51000,0.48000,0.00846,0.99154
20.53000,0.48000,0.00674,0.99326
20.55000,0.48000,0.00883,0.99117
20.57000,0.48000,0.00679,0.99321
20.59000,0.48000,0.00711,0.99289
20.61000,0.48000,0.01075,0.98925
20.63000,0.48000,0.00884,0.99116
20.65000,0.48000,0.00937,0.99063
20.67000,0.48000,0.00915,0.99085
20.69000,0.48000,0.00265,0.99735
20.71000,0.48000,0.00856,0.99144
20.73000,0.48000,0.00213,0.99787
20.75000,0.48000,0.00414,0.99586
20.77000,0.48000,0.00152,0.99848
20.79000,0.48000,0.00403,0.99597
20.81000,0.48000,0.00119,0.99881
20.83000,0.48000,0.00211,0.99789
20.85000,0.48000,0.00074,0.99926
20.87000,0.48000,0.00079,0.99921
20.89000,0.48000,0.00029,0.99971
20.91000,0.48000,0.00054,0.99946
20.93000,0.48000,0.00052,0.99948
20.95000,0.48000,0.00084,0.99916
20.97000,0.48000,0.00029,0.99971
20.99000,0.48000,0.00117,0.99883
21.01000,0.48000,0.00072,0.99928
21.03000,0.48000,0.00067,0.99933
21.05000,0.48000,0.00062,0.99938
21.07000,0.48000,0.00081,0.99919
21.09000,0.48000,0.00112,0.99888
21.11000,0.48000,0.00108,0.99892
21.13000,0.48000,0.00160,0.99840
21.15000,0.48000,0.00116,0.99884
21.17000,0.48000,0.00239,0.99761
21.19000,0.48000,0.00241,0.99759
21.21000,0.48000,0.00319,0.99681
21.23000,0.48000,0.00533,0.99467
21.25000,0.48000,0.00331,0.99669
21.27000,0.48000,0.00419,0.99581
21.29000,0.48000,0.00621,0.99379
21.31000,0.48000,0.00647,0.99353
21.33000,0.48000,0.00445,0.99555
21.35000,0.48000,0.00798,0.99202
21.37000,0.48000,0.01524,0.98476
21.39000,0.48000,0.00656,0.99344
21.41000,0.48000,0.01106,0.98894
21.43000,0.48000,0.00313,0.99687
21.45000,0.48000,0.00940,0.99060
21.47000,0.48000,0.00498,0.99502
21.49000,0.48000,0.00858,0.99142
21.51000,0.48000,0.00537,0.99463
21.53000,0.48000,0.00823,0.99177
21.55000,0.48000,0.00546,0.99454
21.57000,0.48000,0.01248,0.98752
21.59000,0.48000,0.00744,0.99256
21.61000,0.48000,0.01209,0.98791
21.63000,0.48000,0.00804,0.99196
21.65000,0.48000,0.01240,0.98760
21.67000,0.48000,0.00913,0.99087
21.69000,0.48000,0.02940,0.97060
21.71000,0.48000,0.02810,0.97190
21.73000,0.48000,0.07576,0.92424
21.75000,0.48000,0.08220,0.91780
21.77000,0.48000,0.28787,0.71213
21.79000,0.48000,0.16650,0.83350
21.81000,0.48000,0.47105,0.52895
21.83000,0.48000,0.27818,0.72182
21.85000,0.48000,0.61053,0.38947
21.87000,0.48000,0.53670,0.46330
21.89000,0.48000,0.68377,0.31623
21.91000,0.48000,0.67758,0.32242
21.93000,0.48000,0.87339,0.12661
21.95000,0.48000,0.64277,0.35723
21.97000,0.48000,0.85500,0.14500
21.99000,0.48000,0.61362,0.38638
22.01000,0.48000,0.81660,0.18340
22.03000,0.48000,0.65952,0.34048
22.05000,0.48000,0.78733,0.21267
22.07000,0.48000,0.82064,0.17936
22.09000,0.48000,0.92018,0.07982
22.11000,0.48000,0.96867,0.03133
22.13000,0.48000,0.95103,0.04897
22.15000,0.48000,0.97830,0.02170
22.17000,0.48000,0.96359,0.03641
22.19000,0.48000,0.97211,0.02789
22.21000,0.48000,0.96577,0.03423
22.23000,0.48000,0.97025,0.02975
22.25000,0.48000,0.91026,0.08974
22.27000,0.48000,0.95885,0.04115
22.29000,0.48000,0.89684,0.10316
22.31000,0.48000,0.92876,0.07124
22.33000,0.48000,0.92882,0.07118
22.35000,0.48000,0.87825,0.12175
22.37000,0.48000,0.87653,0.12347
22.39000,0.48000,0.90573,0.09427
22.41000,0.48000,0.88001,0.11999
22.43000,0.48000,0.94324,0.05676
22.45000,0.48000,0.95986,0.04014
22.47000,0.48000,0.95737,0.04263
22.49000,0.48000,0.93548,0.06452
22.51000,0.48000,0.95500,0.04500
22.53000,0.48000,0.93501,0.06499
22.55000,0.48000,0.97022,0.02978
22.57000,0.48000,0.97423,0.02577
22.59000,0.48000,0.96960,0.03040
22.61000,0.48000,0.97333,0.02667
22.63000,0.48000,0.96906,0.03094
22.65000,0.48000,0.97423,0.02577
22.67000,0.48000,0.96183,0.03817
22.69000,0.48000,0.98521,0.01479
22.71000,0.48000,0.98642,0.01358
22.73000,0.48000,0.98681,0.01319
22.75000,0.48000,0.97782,0.02218
22.77000,0.48000,0.98532,0.01468
22.79000,0.48000,0.98723,0.01277
22.81000,0.48000,0.98480,0.01520
22.83000,0.48000,0.98742,0.01258
22.85000,0.48000,0.96948,0.03052
22.87000,0.48000,0.95732,0.04268
22.89000,0.48000,0.97399,0.02601
22.91000,0.48000,0.96493,0.03507
22.93000,0.48000,0.97336,0.02664
22.95000,0.48000,0.95126,0.04874
22.97000,0.48000,0.96887,0.03113
22.99000,0.48000,0.95386,0.04614
23.01000,0.48000,0.96473,0.03527
23.03000,0.48000,0.97340,0.02660
23.05000,0.48000,0.97545,0.02455
23.07000,0.48000,0.98421,0.01579
23.09000,0.48000,0.98863,0.01137
23.11000,0.48000,0.98506,0.01494
23.13000,0.48000,0.99458,0.00542
23.15000,0.48000,0.99087,0.00913
23.17000,0.48000,0.99456,0.00544
23.19000,0.48000,0.98885,0.01115
23.21000,0.48000,0.98917,0.01083
23.23000,0.48000,0.98479,0.01521
23.25000,0.48000,0.99349,0.00651
23.27000,0.48000,0.99192,0.00808
23.29000,0.48000,0.99806,0.00194
23.31000,0.48000,0.99664,0.00336
23.33000,0.48000,0.99633,0.00367
23.35000,0.48000,0.99662,0.00338
23.37000,0.48000,0.99854,0.00146
23.39000,0.48000,0.99656,0.00344
23.41000,0.48000,0.99577,0.00423
23.43000,0.48000,0.99639,0.00361
23.45000,0.48000,0.99543,0.00457
23.47000,0.48000,0.99562,0.00438
23.49000,0.48000,0.99617,0.00383
23.51000,0.48000,0.99439,0.00561
23.53000,0.48000,0.99607,0.00393
23.55000,0.48000,0.99050,0.00950
23.57000,0.48000,0.99478,0.00522
23.59000,0.48000,0.99523,0.00477
23.61000,0.48000,0.99452,0.00548
23.63000,0.48000,0.99395,0.00605
23.65000,0.48000,0.99633,0.00367
23.67000,0.48000,0.99673,0.00327
23.69000,0.48000,0.99412,0.00588
23.71000,0.48000,0.99604,0.00396
23.73000,0.48000,0.99309,0.00691
23.75000,0.48000,0.99290,0.00710
23.77000,0.48000,0.99315,0.00685
23.79000,0.48000,0.99230,0.00770
23.81000,0.48000,0.99388,0.00612
23.83000,0.48000,0.99072,0.00928
23.85000,0.48000,0.99310,0.00690
23.87000,0.48000,0.99620,0.00380
23.89000,0.48000,0.99316,0.00684
23.91000,0.48000,0.99547,0.00453
23.93000,0.48000,0.99494,0.00506
23.95000,0.48000,0.99736,0.00264
23.97000,0.48000,0.99226,0.00774
23.99000,0.48000,0.96141,0.03859
24.01000,0.48000,0.92871,0.07129
24.03000,0.48000,0.95448,0.04552
24.05000,0.48000,0.95694,0.04306
24.07000,0.48000,0.90945,0.09055
24.09000,0.48000,0.95927,0.04073
24.11000,0.48000,0.87701,0.12299
24.13000,0.48000,0.80776,0.19224
24.15000,0.48000,0.87741,0.12259
24.17000,0.48000,0.87067,0.12933
24.19000,0.48000,0.76567,0.23433
24.21000,0.48000,0.78767,0.21233
24.23000,0.48000,0.66974,0.33026
24.25000,0.48000,0.74904,0.25096
24.27000,0.48000,0.44508,0.55492
24.29000,0.48000,0.66499,0.33501
24.31000,0.48000,0.42485,0.57515
24.33000,0.48000,0.49324,0.50676
24.35000,0.48000,0.06925,0.93075
24.37000,0.48000,0.02643,0.97357
24.39000,0.48000,0.01905,0.98095
24.41000,0.48000,0.01711,0.98289
24.43000,0.48000,0.00813,0.99187
24.45000,0.48000,0.00588,0.99412
24.47000,0.48000,0.00593,0.99407
24.49000,0.48000,0.00589,0.99411
24.51000,0.48000,0.01293,0.98707
24.53000,0.48000,0.00840,0.99160
24.55000,0.48000,0.00608,0.99392
24.57000,0.48000,0.00310,0.99690
24.59000,0.48000,0.00901,0.99099
24.61000,0.48000,0.00437,0.99563
24.63000,0.48000,0.00414,0.99586
24.65000,0.48000,0.00334,0.99666
24.67000,0.48000,0.00596,0.99404
24.69000,0.48000,0.00276,0.99724
24.71000,0.48000,0.00638,0.99362
24.73000,0.48000,0.00422,0.99578
24.75000,0.48000,0.01372,0.98628
24.77000,0.48000,0.00440,0.99560
24.79000,0.48000,0.01009,0.98991
24.81000,0.48000,0.00548,0.99452
24.83000,0.48000,0.00388,0.99612
24.85000,0.48000,0.00169,0.99831
24.87000,0.48000,0.00299,0.99701
24.89000,0.48000,0.00832,0.99168
24.91000,0.48000,0.00313,0.99687
24.93000,0.48000,0.00500,0.99500
24.95000,0.48000,0.00207,0.99793
24.97000,0.48000,0.00970,0.99030
24.99000,0.48000,0.00340,0.99660
25.01000,0.48000,0.00341,0.99659
25.03000,0.48000,0.00181,0.99819
25.05000,0.48000,0.00491,0.99509
25.07000,0.48000,0.00273,0.99727
25.09000,0.48000,0.00460,0.99540
25.11000,0.48000,0.00525,0.99475
25.13000,0.48000,0.00595,0.99405
25.15000,0.48000,0.00366,0.99634
25.17000,0.48000,0.00618,0.99382
25.19000,0.48000,0.00833,0.99167
25.21000,0.48000,0.00657,0.99343
25.23000,0.48000,0.00511,0.99489
25.25000,0.48000,0.01166,0.98834
25.27000,0.48000,0.01133,0.98867
25.29000,0.48000,0.00758,0.99242
25.31000,0.48000,0.01043,0.98957
25.33000,0.48000,0.00783,0.99217
25.35000,0.48000,0.01297,0.98703
25.37000,0.48000,0.00641,0.99359
25.39000,0.48000,0.01487,0.98513
25.41000,0.48000,0.01445,0.98555
25.43000,0.48000,0.01473,0.98527
25.45000,0.48000,0.01060,0.98940
25.47000,0.48000,0.01585,0.98415
25.49000,0.48000,0.00754,0.99246
25.51000,0.48000,0.03226,0.96774
25.53000,0.48000,0.01178,0.98822
25.55000,0.48000,0.02997,0.97003
25.57000,0.48000,0.00818,0.99182
25.59000,0.48000,0.02317,0.97683
25.61000,0.48000,0.01141,0.98859
25.63000,0.48000,0.02114,0.97886
25.65000,0.48000,0.02176,0.97824
25.67000,0.48000,0.04386,0.95614
25.69000,0.48000,0.05489,0.94511
25.71000,0.48000,0.07562,0.92438
25.73000,0.48000,0.06482,0.93518
25.75000,0.48000,0.04637,0.95363
25.77000,0.48000,0.01152,0.98848
25.79000,0.48000,0.03119,0.96881
25.81000,0.48000,0.01144,0.98856
25.83000,0.48000,0.06237,0.93763
25.85000,0.48000,0.01587,0.98413
25.87000,0.48000,0.03360,0.96640
25.89000,0.48000,0.02348,0.97652
25.91000,0.48000,0.05480,0.94520
25.93000,0.48000,0.00972,0.99028
25.95000,0.48000,0.04989,0.95011
25.97000,0.48000,0.04645,0.95355
25.99000,0.48000,0.08456,0.91544
26.01000,0.48000,0.07234,0.92766
26.03000,0.48000,0.10893,0.89107
26.05000,0.48000,0.27521,0.72479
26.07000,0.48000,0.11807,0.88193
26.09000,0.48000,0.08980,0.91020
26.11000,0.48000,0.02321,0.97679
26.13000,0.48000,0.02059,0.97941
26.15000,0.48000,0.01057,0.98943
26.17000,0.48000,0.00986,0.99014
26.19000,0.48000,0.01051,0.98949
26.21000,0.48000,0.01432,0.98568
26.23000,0.48000,0.00500,0.99500
26.25000,0.48000,0.01290,0.98710
26.27000,0.48000,0.00644,0.99356
26.29000,0.48000,0.01767,0.98233
26.31000,0.48000,0.00343,0.99657
26.33000,0.48000,0.01596,0.98404
26.35000,0.48000,0.01162,0.98838
26.37000,0.48000,0.04262,0.95738
26.39000,0.48000,0.01144,0.98856
26.41000,0.48000,0.04811,0.95189
26.43000,0.48000,0.01665,0.98335
26.45000,0.48000,0.05273,0.94727
26.47000,0.48000,0.02965,0.97035
26.49000,0.48000,0.15463,0.84537
26.51000,0.48000,0.07897,0.92103
26.53000,0.48000,0.25357,0.74643
26.55000,0.48000,0.15540,0.84460
26.57000,0.48000,0.26150,0.73850
26.59000,0.48000,0.09511,0.90489
26.61000,0.48000,0.16367,0.83633
26.63000,0.48000,0.15817,0.84183
26.65000,0.48000,0.11795,0.88205
26.67000,0.48000,0.26122,0.73878
26.69000,0.48000,0.19394,0.80606
26.71000,0.48000,0.21817,0.78183
26.73000,0.48000,0.16448,0.83552
26.75000,0.48000,0.52074,0.47926
26.77000,0.48000,0.41846,0.58154
26.79000,0.48000,0.59790,0.40210
26.81000,0.48000,0.78166,0.21834
26.83000,0.48000,0.87439,0.12561
26.85000,0.48000,0.94048,0.05952
26.87000,0.48000,0.92755,0.07245
26.89000,0.48000,0.91670,0.08330
26.91000,0.48000,0.87150,0.12850
26.93000,0.48000,0.90629,0.09371
26.95000,0.48000,0.86595,0.13405
26.97000,0.48000,0.93673,0.06327
26.99000,0.48000,0.92432,0.07568
27.01000,0.48000,0.93411,0.06589
27.03000,0.48000,0.94019,0.05981
27.05000,0.48000,0.93288,0.06712
27.07000,0.48000,0.95301,0.04699
27.09000,0.48000,0.95340,0.04660
27.11000,0.48000,0.95333,0.04667
27.13000,0.48000,0.97542,0.02458
27.15000,0.48000,0.97920,0.02080
27.17000,0.48000,0.98529,0.01471
27.19000,0.48000,0.99074,0.00926
27.21000,0.48000,0.99528,0.00472
27.23000,0.48000,0.99161,0.00839
27.25000,0.48000,0.99697,0.00303
27.27000,0.48000,0.99661,0.00339
27.29000,0.48000,0.99708,0.00292
27.31000,0.48000,0.99720,0.00280
27.33000,0.48000,0.99749,0.00251
27.35000,0.48000,0.99510,0.00490
27.37000,0.48000,0.99795,0.00205
27.39000,0.48000,0.99671,0.00329
27.41000,0.48000,0.99745,0.00255
27.43000,0.48000,0.99603,0.00397
27.45000,0.48000,0.99780,0.00220
27.47000,0.48000,0.99725,0.00275
27.49000,0.48000,0.99392,0.00608
27.51000,0.48000,0.99760,0.00240
27.53000,0.48000,0.99702,0.00298
27.55000,0.48000,0.99770,0.00230
27.57000,0.48000,0.99487,0.00513
27.59000,0.48000,0.99619,0.00381
27.61000,0.48000,0.99620,0.00380
27.63000,0.48000,0.99704,0.00296
27.65000,0.48000,0.99670,0.00330
27.67000,0.48000,0.99801,0.00199
27.69000,0.48000,0.99603,0.00397
27.71000,0.48000,0.99679,0.00321
27.73000,0.48000,0.99426,0.00574
27.75000,0.48000,0.99667,0.00333
27.77000,0.48000,0.99634,0.00366
27.79000,0.48000,0.99775,0.00225
27.81000,0.48000,0.99696,0.00304
27.83000,0.48000,0.99671,0.00329
27.85000,0.48000,0.99804,0.00196
27.87000,0.48000,0.99753,0.00247
27.89000,0.48000,0.99737,0.00263
27.91000,0.48000,0.99767,0.00233
27.93000,0.48000,0.99707,0.00293
27.95000,0.48000,0.99617,0.00383
27.97000,0.48000,0.99551,0.00449
27.99000,0.48000,0.99785,0.00215
28.01000,0.48000,0.99707,0.00293
28.03000,0.48000,0.99602,0.00397
28.05000,0.48000,0.99642,0.00358
28.07000,0.48000,0.99703,0.00297
28.09000,0.48000,0.99378,0.00622
28.11000,0.48000,0.99665,0.00335
28.13000,0.48000,0.99488,0.00512
28.15000,0.48000,0.99561,0.00439
28.17000,0.48000,0.99354,0.00646
28.19000,0.48000,0.99609,0.00391
28.21000,0.48000,0.98994,0.01006
28.23000,0.48000,0.99427,0.00573
28.25000,0.48000,0.99365,0.00635
28.27000,0.48000,0.99644,0.00356
28.29000,0.48000,0.99210,0.00790
28.31000,0.48000,0.99659,0.00341
28.33000,0.48000,0.99539,0.00461
28.35000,0.48000,0.99735,0.00265
28.37000,0.48000,0.99558,0.00442
28.39000,0.48000,0.99815,0.00185
28.41000,0.48000,0.99623,0.00377
28.43000,0.48000,0.99800,0.00200
28.45000,0.48000,0.99643,0.00357
28.47000,0.48000,0.99774,0.00226
28.49000,0.48000,0.99432,0.00567
28.51000,0.48000,0.99787,0.00213
28.53000,0.48000,0.99433,0.00567
28.55000,0.48000,0.99831,0.00169
28.57000,0.48000,0.99634,0.00366
28.59000,0.48000,0.99821,0.00179
28.61000,0.48000,0.99806,0.00194
28.63000,0.48000,0.99817,0.00183
28.65000,0.48000,0.99667,0.00333
28.67000,0.48000,0.99828,0.00172
28.69000,0.48000,0.99797,0.00203
28.71000,0.48000,0.99832,0.00168
28.73000,0.48000,0.99788,0.00212
28.75000,0.48000,0.99879,0.00121
28.77000,0.48000,0.99850,0.00150
28.79000,0.48000,0.99889,0.00111
28.81000,0.48000,0.99837,0.00163
28.83000,0.48000,0.99856,0.00144
28.85000,0.48000,0.99846,0.00154
28.87000,0.48000,0.99884,0.00116
28.89000,0.48000,0.99816,0.00184
28.91000,0.48000,0.99827,0.00173
28.93000,0.48000,0.99748,0.00252
28.95000,0.48000,0.99873,0.00127
28.97000,0.48000,0.99562,0.00438
28.99000,0.48000,0.99802,0.00198
29.01000,0.48000,0.99683,0.00317
29.03000,0.48000,0.99774,0.00227
29.05000,0.48000,0.99764,0.00236
29.07000,0.48000,0.99753,0.00247
29.09000,0.48000,0.99725,0.00275
29.11000,0.48000,0.99769,0.00231
29.13000,0.48000,0.99748,0.00252
29.15000,0.48000,0.99787,0.00213
29.17000,0.48000,0.99675,0.00325
29.19000,0.48000,0.99806,0.00194
29.21000,0.48000,0.99760,0.00240
29.23000,0.48000,0.99742,0.00258
29.25000,0.48000,0.99792,0.00208
29.27000,0.48000,0.99764,0.00236
29.29000,0.48000,0.99628,0.00372
29.31000,0.48000,0.99460,0.00540
29.33000,0.48000,0.99778,0.00222
29.35000,0.48000,0.99738,0.00262
29.37000,0.48000,0.99798,0.00202
29.39000,0.48000,0.99643,0.00357
29.41000,0.48000,0.99822,0.00178
29.43000,0.48000,0.99672,0.00328
29.45000,0.48000,0.99733,0.00267
29.47000,0.48000,0.99401,0.00599
29.49000,0.48000,0.99757,0.00243
29.51000,0.48000,0.99256,0.00744
29.53000,0.48000,0.99681,0.00319
29.55000,0.48000,0.99437,0.00563
29.57000,0.48000,0.99671,0.00329
29.59000,0.48000,0.99639,0.00361
29.61000,0.48000,0.99625,0.00375
29.63000,0.48000,0.99167,0.00833
29.65000,0.48000,0.99655,0.00345
29.67000,0.48000,0.99505,0.00495
29.69000,0.48000,0.99765,0.00235
29.71000,0.48000,0.99465,0.00535
29.73000,0.48000,0.99707,0.00293
29.75000,0.48000,0.99748,0.00252
29.77000,0.48000,0.99586,0.00414
29.79000,0.48000,0.99647,0.00353
29.81000,0.48000,0.99714,0.00286
29.83000,0.48000,0.99739,0.00261
29.85000,0.48000,0.99776,0.00224
29.87000,0.48000,0.99682,0.00318
29.89000,0.48000,0.99782,0.00218
29.91000,0.48000,0.99797,0.00203
29.93000,0.48000,0.99725,0.00275
29.95000,0.48000,0.99734,0.00266
29.97000,0.48000,0.99808,0.00192
29.99000,0.48000,0.99589,0.00411
30.01000,0.48000,0.99665,0.00335
30.03000,0.48000,0.99394,0.00606
30.05000,0.48000,0.99715,0.00285
30.07000,0.48000,0.99479,0.00521
30.09000,0.48000,0.99601,0.00399
30.11000,0.48000,0.99313,0.00687
