# Time (seconds),f0,f1,f2
0.0099999,0.037353515625,-0.245361328125,1.041748046875
0.029999900000000003,-0.119384765625,-0.010498046875,1.153564453125
0.0499999,0.002197265625,-0.3173828125,0.826904296875
0.0699999,0.08935546875,-0.06103515625,0.964111328125
0.08999990000000001,0.0703125,-0.28271484375,0.960693359375
0.10999990000000001,0.088623046875,-0.22021484375,1.077880859375
0.1299999,-0.080322265625,-0.107666015625,1.029541015625
0.14999990000000002,-0.007080078125,-0.26904296875,0.8857421875
0.1699999,0.04150390625,-0.072509765625,0.96484375
0.1899999,0.029541015625,-0.219970703125,1.0068359375
0.20999990000000002,0.125732421875,-0.15234375,1.067138671875
0.2299999,-0.021728515625,-0.232421875,0.959716796875
0.2499999,0.04833984375,-0.16552734375,0.974609375
0.2699999,0.0126953125,-0.05078125,0.955810546875
0.28999990000000003,-0.015869140625,-0.124755859375,1.055908203125
0.3099999,0.0712890625,-0.0771484375,1.0078125
0.3299999,0.0361328125,-0.247802734375,0.984619140625
0.34999990000000003,0.05029296875,-0.10791015625,1.01025390625
0.3699999,-0.02783203125,-0.079345703125,0.9462890625
0.3899999,-0.039794921875,-0.099609375,1.078125
0.40999990000000003,0.035888671875,-0.0947265625,0.933837890625
0.4299999,0.07275390625,-0.154052734375,1.02490234375
0.4499999,0.037109375,-0.177734375,0.981201171875
0.4699999,-0.0234375,-0.175048828125,0.9912109375
0.4899999,-0.102294921875,-0.025146484375,1.038330078125
0.5099999,0.0595703125,-0.18798828125,0.866943359375
0.5299999,0.066162109375,-0.090087890625,1.020263671875
0.5499999,0.06884765625,-0.34375,0.989990234375
0.5699999,0.04638671875,-0.180419921875,1.052001953125
0.5899998999999999,-0.1162109375,-0.084228515625,0.932373046875
0.6099998999999999,0.0888671875,-0.252197265625,0.827880859375
0.6299999,-0.039306640625,-0.1015625,1.021484375
0.6499999,0.09716796875,-0.355224609375,1.0419921875
0.6699999,0.0830078125,-0.12646484375,1.05908203125
0.6899999,-0.039306640625,-0.237060546875,0.867919921875
0.7099999,0.0498046875,-0.187255859375,0.86962890625
0.7299998999999999,-0.100341796875,-0.10009765625,1.037353515625
0.7499998999999999,0.056884765625,-0.25,1.08642578125
0.7699999,0.05419921875,-0.054931640625,1.02001953125
0.7899999,0.045166015625,-0.25830078125,0.909912109375
0.8099999,0.01416015625,-0.118896484375,0.941650390625
0.8299999,-0.09912109375,-0.10205078125,1.01123046875
0.8499998999999999,0.03125,-0.171142578125,1.116943359375
0.8699998999999999,0.01220703125,-0.02490234375,0.997314453125
0.8899999,0.081787109375,-0.17822265625,0.9453125
0.9099999,-0.009521484375,-0.078857421875,0.966064453125
0.9299999,-0.060302734375,-0.207763671875,0.995849609375
0.9499999,-0.028564453125,-0.035888671875,1.136474609375
0.9699998999999999,0.044677734375,-0.102294921875,0.92626953125
0.9899998999999999,0.02880859375,-0.10986328125,0.97412109375
1.0099999,0.03955078125,-0.127197265625,0.925537109375
1.0299999,0.00244140625,-0.2734375,1.018798828125
1.0499999,-0.0810546875,-0.00439453125,1.045166015625
1.0699999,0.059814453125,-0.18310546875,0.849609375
1.0899999,-0.0751953125,-0.141845703125,1.018310546875
1.1099999,0.15185546875,-0.28271484375,0.926513671875
1.1299999,0.034912109375,-0.197509765625,1.00927734375
1.1499999,0.04052734375,-0.20556640625,0.93212890625
1.1699998999999999,-0.009033203125,-0.150146484375,0.861083984375
1.1899998999999999,-0.079833984375,-0.193115234375,1.056396484375
1.2099999,0.15869140625,-0.31005859375,0.984130859375
1.2299999,0.00244140625,-0.142333984375,0.96533203125
1.2499999,0.152587890625,-0.290771484375,0.8740234375
1.2699999,-0.083740234375,-0.09033203125,0.93505859375
1.2899999,-0.02685546875,-0.138427734375,1.037109375
1.3099999,0.066650390625,-0.22216796875,1.077880859375
1.3299999,0.0107421875,-0.084716796875,0.9677734375
1.3499999,0.121826171875,-0.217041015625,0.883544921875
1.3699999,-0.09814453125,-0.029296875,0.98828125
1.3899999,-0.09814453125,-0.029296875,0.98828125
1.4099999,-0.00390625,-0.146484375,1.1611328125
1.4299998999999999,-0.00390625,-0.146484375,1.1611328125
1.4499999,0.068115234375,-0.155029296875,0.914306640625
1.4699999,0.068115234375,-0.155029296875,0.914306640625
1.4899999,0.01904296875,-0.30419921875,1.04296875
1.5099999,0.01904296875,-0.30419921875,1.04296875
1.5299999,-0.069091796875,-0.068115234375,1.20849609375
1.5499999,0.052001953125,-0.211669921875,0.8603515625
1.5699999,0.050537109375,-0.10986328125,0.95654296875
1.5899999,0.1201171875,-0.164794921875,0.898681640625
1.6099999,0.070556640625,-0.26318359375,1.063720703125
1.6299999,-0.064697265625,-0.03173828125,1.156982421875
1.6499999,-0.04150390625,-0.213134765625,0.872314453125
1.6699999,0.037109375,-0.098388671875,1.00048828125
1.6899998999999999,0.139892578125,-0.246337890625,0.893798828125
1.7099999,0.068603515625,-0.1875,1.03759765625
1.7299999,0.029296875,-0.122802734375,1.02294921875
1.7499999,-0.10205078125,-0.17529296875,0.942138671875
1.7699999,0.030517578125,-0.113525390625,1.01123046875
1.7899999,0.071533203125,-0.19921875,0.9814453125
1.8099999,0.040283203125,-0.183837890625,0.970947265625
1.8299999,0.10791015625,-0.24755859375,0.931884765625
1.8499999,-0.07958984375,-0.15576171875,1.02490234375
1.8699999,0.057861328125,-0.100341796875,1.017333984375
1.8899999,-0.023681640625,-0.1337890625,1.055908203125
1.9099999,0.047607421875,-0.184814453125,0.927978515625
1.9299998999999999,0.103515625,-0.24560546875,0.939697265625
1.9499999,-0.01806640625,-0.095458984375,1.037109375
1.9699999,0.053955078125,-0.1220703125,0.9970703125
1.9899999,-0.0712890625,-0.09423828125,1.152587890625
2.0099999,0.064453125,-0.195556640625,0.877197265625
2.0299999,0.096435546875,-0.151611328125,0.965576171875
2.0499999,0.04052734375,-0.109130859375,0.97265625
2.0699999,0.033203125,-0.205078125,1.009033203125
2.0899999,-0.111328125,-0.021728515625,1.172119140625
2.1099999,0.033447265625,-0.278564453125,0.826171875
2.1299999,0.09423828125,-0.06494140625,0.96337890625
2.1499999,0.076171875,-0.2421875,0.950439453125
2.1699999,0.061279296875,-0.249267578125,1.06396484375
2.1899999,-0.116943359375,-0.03564453125,1.10546875
2.2099999,-0.00732421875,-0.299560546875,0.841064453125
2.2299999,0.07275390625,-0.060546875,0.964111328125
2.2499999,0.060546875,-0.27490234375,0.97900390625
2.2699999,0.11865234375,-0.187255859375,1.079833984375
2.2899999,-0.056396484375,-0.16259765625,1.000732421875
2.3099999,0.019775390625,-0.22412109375,0.927490234375
2.3299999,0.039306640625,-0.062744140625,0.953369140625
2.3499999,0.005615234375,-0.175537109375,1.01953125
2.3699999,0.104736328125,-0.120849609375,1.03369140625
2.3899999,-0.00634765625,-0.236572265625,0.97216796875
2.4099999,0.06201171875,-0.14013671875,1.007080078125
2.4299999,0.000732421875,-0.043701171875,0.959716796875
2.4499999,-0.022216796875,-0.111328125,1.062744140625
2.4699999,0.044189453125,-0.073486328125,0.989013671875
2.4899999,0.03271484375,-0.230224609375,0.993896484375
2.5099999,0.05224609375,-0.10693359375,1.00439453125
2.5299999,-0.033935546875,-0.09814453125,0.952880859375
2.5499999,-0.04296875,-0.098388671875,1.0810546875
2.5699999,0.038330078125,-0.10400390625,0.935302734375
2.5899999,0.0830078125,-0.14599609375,1.021728515625
2.6099999,0.02880859375,-0.18701171875,0.98828125
2.6299999,-0.019287109375,-0.191162109375,0.988037109375
2.6499999,-0.103271484375,-0.01513671875,1.0380859375
2.6699999,0.067626953125,-0.19189453125,0.871337890625
2.6899999,0.06298828125,-0.08251953125,1.02001953125
2.7099999,0.06640625,-0.326416015625,0.9921875
2.7299999,0.0390625,-0.191650390625,1.042236328125
2.7499999,-0.115478515625,-0.06494140625,0.947021484375
2.7699999,0.07861328125,-0.24609375,0.831298828125
2.7899999,-0.018798828125,-0.096435546875,1.029296875
2.8099999,0.10009765625,-0.37353515625,1.029052734375
2.8299999,0.081787109375,-0.13818359375,1.0556640625
2.8499999,-0.079345703125,-0.19140625,0.88623046875
2.8699999,0.068115234375,-0.20849609375,0.839599609375
2.8899999,-0.080078125,-0.111083984375,1.038330078125
2.9099999,0.0810546875,-0.309814453125,1.05810546875
2.9299999,0.068603515625,-0.0869140625,1.036376953125
2.9499999,-0.0029296875,-0.257568359375,0.894287109375
2.9699999,0.053955078125,-0.152587890625,0.877685546875
2.9899999,-0.100341796875,-0.087158203125,1.015380859375
3.0099999,0.050537109375,-0.221435546875,1.10693359375
3.0299999,0.036865234375,-0.049072265625,1.0234375
3.0499999,0.060791015625,-0.2333984375,0.911376953125
3.0699999,0.005126953125,-0.099853515625,0.93115234375
3.0899999,-0.082763671875,-0.11865234375,1.0107421875
3.1099999,0.03076171875,-0.137451171875,1.138427734375
3.1299999,0.017822265625,-0.03125,0.986083984375
3.1499999,0.0751953125,-0.151611328125,0.947021484375
3.1699999,-0.002685546875,-0.077880859375,0.957275390625
3.1899999,-0.04931640625,-0.2294921875,0.985107421875
3.2099999,-0.029052734375,-0.028076171875,1.1259765625
3.2299999,0.053466796875,-0.112060546875,0.93896484375
3.2499999,0.029541015625,-0.114013671875,0.979248046875
3.2699999,0.0322265625,-0.11376953125,0.931640625
3.2899999,0.012939453125,-0.27392578125,1.00537109375
3.3099999,-0.07080078125,0.013427734375,1.04931640625
3.3299999000000002,0.066650390625,-0.181884765625,0.86962890625
3.3499999,-0.0595703125,-0.13330078125,1.018310546875
3.3699999,0.132080078125,-0.23681640625,0.900390625
3.3899999,0.03857421875,-0.21923828125,0.97802734375
3.4099999,-0.00341796875,-0.142578125,0.949951171875
3.4299999,0.01806640625,-0.16064453125,0.853515625
3.4499999,-0.092041015625,-0.1884765625,1.0556640625
3.4699999,0.171142578125,-0.32275390625,0.96728515625
3.4899999,0.0302734375,-0.166748046875,0.97998046875
3.5099999,0.134033203125,-0.275634765625,0.886474609375
3.5299999,-0.04931640625,-0.107421875,0.902099609375
3.5499999,-0.051513671875,-0.169921875,1.06591796875
3.5699999,0.117919921875,-0.26416015625,1.023193359375
3.5899999,0,-0.118896484375,0.987060546875
3.6099999,0.1484375,-0.258544921875,0.87646484375
3.6299999,-0.0927734375,-0.0654296875,0.96875
3.6499999,-0.007568359375,-0.13232421875,1.046142578125
3.6699999,0.04541015625,-0.18505859375,1.100341796875
3.6899999,0.0166015625,-0.086669921875,0.965576171875
3.7099999,0.09716796875,-0.196044921875,0.883544921875
3.7299999,-0.084716796875,-0.024169921875,0.98876953125
3.7499999,0.010498046875,-0.20361328125,1.02197265625
3.7699999,-0.0166015625,-0.1435546875,1.15966796875
3.7899999,0.055908203125,-0.1201171875,0.927490234375
3.8099999,0.05908203125,-0.156005859375,0.907958984375
3.8299999000000002,-0.01171875,-0.033203125,0.953857421875
3.8499999,0.031494140625,-0.29052734375,1.06005859375
3.8699999,-0.06689453125,-0.07861328125,1.19921875
3.8899999,0.062255859375,-0.197021484375,0.87353515625
3.9099999,0.048095703125,-0.1201171875,0.956298828125
3.9299999,0.083251953125,-0.127197265625,0.89306640625
3.9499999,0.069091796875,-0.2958984375,1.072265625
3.9699999,-0.068359375,-0.029296875,1.1689453125
3.9899999,-0.006591796875,-0.2177734375,0.839111328125
4.0099999,0.018798828125,-0.09033203125,1.01708984375
4.029999900000001,0.1494140625,-0.24560546875,0.921875
4.0499999,0.1494140625,-0.24560546875,0.921875
4.069999900000001,-0.017333984375,-0.06396484375,1.061767578125
4.0899999000000005,-0.017333984375,-0.06396484375,1.061767578125
4.1099999,0.007568359375,-0.08740234375,0.966552734375
4.1299999000000005,0.007568359375,-0.08740234375,0.966552734375
4.1499999,0.109130859375,-0.2265625,0.94384765625
4.1699999000000005,0.060791015625,-0.184814453125,1.03369140625
4.1899999,0.064208984375,-0.18359375,0.951171875
4.209999900000001,-0.097900390625,-0.166259765625,0.970947265625
4.2299999,0.047119140625,-0.108642578125,1.03369140625
4.249999900000001,0.027587890625,-0.167236328125,1.009765625
4.2699999,0.03466796875,-0.186767578125,0.95654296875
4.289999900000001,0.110595703125,-0.260009765625,0.9326171875
4.3099999,-0.0556640625,-0.131103515625,1.030029296875
4.329999900000001,0.061279296875,-0.099853515625,1.01171875
4.3499999,-0.037841796875,-0.1259765625,1.098388671875
4.369999900000001,0.052978515625,-0.178955078125,0.915771484375
4.3899999,0.0966796875,-0.2333984375,0.942626953125
4.409999900000001,0.005859375,-0.08203125,1.019287109375
4.4299999,0.047119140625,-0.13232421875,0.99755859375
4.449999900000001,-0.078369140625,-0.08837890625,1.159423828125
4.4699999,0.047119140625,-0.206298828125,0.87353515625
4.489999900000001,0.098876953125,-0.139892578125,0.95556640625
4.5099999,0.042724609375,-0.126708984375,0.97509765625
4.529999900000001,0.037109375,-0.22021484375,1.007080078125
4.5499999,-0.1123046875,-0.01171875,1.174072265625
4.569999900000001,0.02783203125,-0.279296875,0.8359375
4.5899999000000005,0.10595703125,-0.078125,0.958251953125
4.609999900000001,0.064208984375,-0.2421875,0.947998046875
4.6299999000000005,0.06103515625,-0.24658203125,1.057861328125
4.6499999,-0.117431640625,-0.032470703125,1.111572265625
4.6699999000000005,-0.0126953125,-0.308349609375,0.84326171875
4.6899999,0.079833984375,-0.06640625,0.967041015625
4.709999900000001,0.060791015625,-0.283203125,0.97900390625
4.7299999,0.107421875,-0.20068359375,1.0830078125
4.749999900000001,-0.060302734375,-0.135009765625,1.00830078125
4.7699999,0.010009765625,-0.2548828125,0.89501953125
4.789999900000001,0.037841796875,-0.070068359375,0.974609375
4.8099999,0.019287109375,-0.201416015625,1.02099609375
4.829999900000001,0.123779296875,-0.14111328125,1.057861328125
4.8499999,-0.0146484375,-0.2421875,0.9697265625
4.869999900000001,0.044189453125,-0.174072265625,0.9697265625
4.8899999,0.009765625,-0.048095703125,0.956787109375
4.909999900000001,-0.01708984375,-0.13232421875,1.04931640625
4.9299999,0.07861328125,-0.09033203125,1.007568359375
4.949999900000001,0.021484375,-0.25634765625,0.98583984375
4.9699999,0.054931640625,-0.1123046875,1.0146484375
4.989999900000001,-0.019287109375,-0.051025390625,0.94970703125
5.0099999,-0.022705078125,-0.1171875,1.06982421875
5.029999900000001,0.041015625,-0.07763671875,0.958984375
5.0499999,0.05908203125,-0.196044921875,1.012451171875
5.069999900000001,0.037109375,-0.12646484375,0.995849609375
5.0899999000000005,-0.0263671875,-0.130615234375,0.96142578125
5.109999900000001,-0.072998046875,-0.0654296875,1.0673828125
5.1299999000000005,0.0498046875,-0.127685546875,0.908447265625
5.1499999,0.086669921875,-0.12890625,1.0234375
5.1699999000000005,0.04052734375,-0.2275390625,0.974609375
5.1899999,-0.01318359375,-0.19384765625,1.012939453125
5.209999900000001,-0.114013671875,-0.01611328125,1.010498046875
5.2299999,0.076904296875,-0.212646484375,0.8505859375
5.249999900000001,0.046142578125,-0.089599609375,1.025634765625
5.2699999,0.0751953125,-0.340576171875,1.001708984375
5.289999900000001,0.0458984375,-0.1708984375,1.050537109375
5.3099999,-0.1181640625,-0.08447265625,0.940185546875
5.329999900000001,0.085693359375,-0.25048828125,0.82958984375
5.3499999,-0.034912109375,-0.095703125,1.031494140625
5.369999900000001,0.1044921875,-0.367919921875,1.028076171875
5.3899999,0.085693359375,-0.127197265625,1.053466796875
5.409999900000001,-0.06201171875,-0.2060546875,0.880859375
5.4299999,0.07080078125,-0.206298828125,0.832275390625
5.449999900000001,-0.08935546875,-0.116943359375,1.040283203125
5.4699999,0.069091796875,-0.286376953125,1.075439453125
5.489999900000001,0.068603515625,-0.07763671875,1.040283203125
5.5099999,0.014892578125,-0.26416015625,0.885986328125
5.529999900000001,0.037109375,-0.139404296875,0.885009765625
5.5499999,-0.098388671875,-0.08984375,1.025634765625
5.569999900000001,0.03564453125,-0.21044921875,1.100830078125
5.5899999000000005,0.013427734375,-0.0400390625,1.01611328125
5.609999900000001,0.067626953125,-0.21337890625,0.91552734375
5.6299999000000005,0.00244140625,-0.10205078125,0.946044921875
5.6499999,-0.083251953125,-0.1376953125,1.0048828125
5.6699999000000005,0.02197265625,-0.126708984375,1.13623046875
5.6899999,0.013916015625,-0.037841796875,0.97998046875
5.709999900000001,0.077392578125,-0.14990234375,0.950439453125
5.7299999,-0.0068359375,-0.07177734375,0.95654296875
5.749999900000001,-0.04443359375,-0.23583984375,0.995361328125
5.7699999,-0.046875,-0.020263671875,1.1142578125
5.789999900000001,0.044677734375,-0.12744140625,0.90869140625
5.8099999,-0.00244140625,-0.106201171875,0.992431640625
5.829999900000001,0.055419921875,-0.14208984375,0.927490234375
5.8499999,0.015625,-0.261962890625,1.0087890625
5.869999900000001,-0.070556640625,-0.01171875,1.033447265625
5.8899999,0.055908203125,-0.185546875,0.865234375
5.909999900000001,-0.077392578125,-0.1396484375,1.028564453125
5.9299999,0.14990234375,-0.28125,0.9306640625
5.949999900000001,0.0478515625,-0.21142578125,1.011962890625
5.9699999,0.033447265625,-0.1875,0.936279296875
5.989999900000001,0.00244140625,-0.145263671875,0.851806640625
6.0099999,-0.077880859375,-0.19189453125,1.06103515625
6.029999900000001,0.158447265625,-0.32177734375,0.984375
6.0499999,0.01171875,-0.145751953125,0.990234375
6.069999900000001,0.154052734375,-0.280517578125,0.87841796875
6.0899999000000005,-0.073486328125,-0.079345703125,0.9189453125
6.109999900000001,-0.01904296875,-0.1513671875,1.04541015625
6.1299999000000005,0.0869140625,-0.239990234375,1.049560546875
6.149999900000001,-0.004150390625,-0.0927734375,0.97607421875
6.1699999000000005,0.142333984375,-0.23388671875,0.86376953125
6.1899999,-0.093505859375,-0.052490234375,0.97802734375
6.209999900000001,0.00048828125,-0.148681640625,1.03466796875
6.2299999,0.017333984375,-0.169677734375,1.12548828125
6.249999900000001,0.022216796875,-0.087646484375,0.958251953125
6.2699999,0.079833984375,-0.163330078125,0.896728515625
6.289999900000001,-0.044921875,-0.013427734375,0.971435546875
6.3099999,0.010009765625,-0.25830078125,1.02978515625
6.329999900000001,-0.029541015625,-0.11962890625,1.19140625
6.3499999,0.064208984375,-0.157958984375,0.897705078125
6.369999900000001,0.047607421875,-0.136474609375,0.92724609375
6.3899999,0.053955078125,-0.079833984375,0.916015625
6.409999900000001,0.053955078125,-0.31494140625,1.060791015625
6.4299999,-0.072265625,-0.049560546875,1.18505859375
6.449999900000001,0.00732421875,-0.213134765625,0.85888671875
6.4699999,0.04638671875,-0.09375,0.97705078125
6.489999900000001,0.14208984375,-0.2138671875,0.886962890625
6.5099999,0.079833984375,-0.238525390625,1.054443359375
6.529999900000001,-0.035888671875,-0.043212890625,1.09814453125
6.5499999,-0.035888671875,-0.043212890625,1.09814453125
6.569999900000001,0.024658203125,-0.0966796875,1.00634765625
6.5899999000000005,0.024658203125,-0.0966796875,1.00634765625
6.609999900000001,0.059814453125,-0.191162109375,1.015625
6.6299999000000005,0.059814453125,-0.191162109375,1.015625
6.649999900000001,-0.1044921875,-0.161865234375,0.9755859375
6.6699999000000005,-0.1044921875,-0.161865234375,0.9755859375
6.6899999,0.03662109375,-0.109130859375,1.011962890625
6.709999900000001,0.04345703125,-0.1845703125,0.9931640625
6.7299999,0.041748046875,-0.190673828125,0.96142578125
6.749999900000001,0.113525390625,-0.254150390625,0.931884765625
6.7699999,-0.069580078125,-0.131591796875,1.042236328125
6.789999900000001,0.0654296875,-0.0986328125,1.00439453125
6.8099999,-0.02880859375,-0.1337890625,1.086181640625
6.829999900000001,0.05517578125,-0.1767578125,0.91796875
6.8499999,0.100341796875,-0.22607421875,0.946044921875
6.869999900000001,-0.003662109375,-0.079833984375,1.017822265625
6.8899999,0.051025390625,-0.133544921875,0.995849609375
6.909999900000001,-0.0771484375,-0.089111328125,1.166748046875
6.9299999,0.05078125,-0.222900390625,0.8779296875
6.949999900000001,0.0986328125,-0.130615234375,0.96337890625
6.9699999,0.041015625,-0.1396484375,0.967529296875
6.989999900000001,0.0283203125,-0.232421875,1.032958984375
7.0099999,-0.1142578125,-0.018798828125,1.16162109375
7.029999900000001,0.0087890625,-0.291259765625,0.83740234375
7.0499999,0.085205078125,-0.059326171875,0.957763671875
7.069999900000001,0.062255859375,-0.269287109375,0.952880859375
7.0899999000000005,0.072509765625,-0.234130859375,1.07666015625
7.109999900000001,-0.087890625,-0.063232421875,1.0625
7.1299999000000005,-0.00439453125,-0.296875,0.851318359375
7.149999900000001,0.056396484375,-0.061767578125,0.964111328125
7.1699999000000005,0.0458984375,-0.24267578125,0.986328125
7.1899999,0.12548828125,-0.170654296875,1.073486328125
7.209999900000001,-0.034912109375,-0.199951171875,0.974609375
7.2299999,0.03564453125,-0.2109375,0.9462890625
7.249999900000001,0.020751953125,-0.058837890625,0.954833984375
7.2699999,-0.003173828125,-0.139404296875,1.031005859375
7.289999900000001,0.0986328125,-0.111572265625,1.0263671875
7.3099999,0.00390625,-0.2646484375,0.969970703125
7.329999900000001,0.056396484375,-0.126953125,0.99951171875
7.3499999,-0.0146484375,-0.044921875,0.950927734375
7.369999900000001,-0.023681640625,-0.123779296875,1.07275390625
7.3899999,0.040283203125,-0.0859375,0.98388671875
7.409999900000001,0.044189453125,-0.21044921875,1.0009765625
7.4299999,0.033935546875,-0.1220703125,1.01123046875
7.449999900000001,-0.040771484375,-0.12158203125,0.965576171875
7.4699999,-0.06201171875,-0.072021484375,1.078125
7.489999900000001,0.04443359375,-0.12939453125,0.918212890625
7.5099999,0.079833984375,-0.12451171875,1.02001953125
7.529999900000001,0.037841796875,-0.241455078125,0.982177734375
7.5499999,-0.012451171875,-0.195068359375,1.010498046875
7.569999900000001,-0.12109375,-0.017578125,1.0029296875
7.5899999000000005,0.075927734375,-0.223876953125,0.852783203125
7.609999900000001,0.02783203125,-0.079833984375,1.017578125
7.6299999000000005,0.082275390625,-0.358642578125,0.999755859375
7.649999900000001,0.04638671875,-0.1728515625,1.052001953125
7.6699999000000005,-0.1064453125,-0.1181640625,0.9169921875
7.6899999,0.0888671875,-0.2490234375,0.83203125
7.709999900000001,-0.05712890625,-0.10888671875,1.043212890625
7.7299999,0.085693359375,-0.3466796875,1.052001953125
7.749999900000001,0.07958984375,-0.1220703125,1.046142578125
7.7699999,-0.043212890625,-0.236328125,0.883056640625
7.789999900000001,0.0625,-0.18701171875,0.837890625
7.8099999,-0.098876953125,-0.105712890625,1.046630859375
7.829999900000001,0.04833984375,-0.26611328125,1.110595703125
7.8499999,0.04931640625,-0.05029296875,1.03515625
7.869999900000001,0.021484375,-0.234130859375,0.887939453125
7.8899999,0.024658203125,-0.130126953125,1.0029296875
7.909999900000001,-0.389404296875,-0.544921875,1.352294921875
7.9299999,-0.006591796875,-0.5439453125,0.852294921875
7.949999900000001,-1.180419921875,0.405517578125,0.72216796875
7.9699999,-1.5263671875,1.928955078125,1.430419921875
7.989999900000001,1.510498046875,-2.140380859375,0.39208984375
8.0099999,-0.47119140625,-0.97509765625,0.773681640625
8.0299999,-0.964599609375,1.611572265625,1.02783203125
8.049999900000001,0.20703125,-1.003173828125,1.1826171875
8.069999900000001,0.037109375,-0.29052734375,0.912109375
8.0899999,-0.0595703125,-0.13916015625,0.92822265625
8.1099999,0.10595703125,-0.731689453125,0.86083984375
8.129999900000001,-0.192626953125,0.027099609375,0.993896484375
8.149999900000001,0.844970703125,0.225341796875,1.70703125
8.1699999,0.15087890625,-0.575927734375,0.33203125
8.1899999,-0.457275390625,-1.5673828125,0.420654296875
8.2099999,-1.287353515625,2.733154296875,1.252197265625
8.229999900000001,1.36767578125,-1.373046875,1.3427734375
8.2499999,0.318115234375,0.677001953125,1.525146484375
8.2699999,-0.386474609375,0.105712890625,0.6826171875
8.2899999,0.109375,-1.051025390625,0.347412109375
8.309999900000001,-0.33251953125,0.59033203125,1.5458984375
8.3299999,0.169189453125,-1.19921875,1.008056640625
8.3499999,-0.027587890625,0.296630859375,0.88916015625
8.3699999,0.514892578125,1.849365234375,3.604736328125
8.389999900000001,0.289794921875,0.709228515625,1.989501953125
8.4099999,-2.888916015625,4.711181640625,-3.782470703125
8.4299999,0.65625,-0.720947265625,-0.925048828125
8.4499999,-0.428955078125,0.046875,1.18310546875
8.469999900000001,-0.28955078125,0.2646484375,0.95751953125
8.4899999,0,-0.221435546875,1.502685546875
8.5099999,0.268310546875,-0.693603515625,0.279541015625
8.5299999,-0.430908203125,-0.19580078125,0.890869140625
8.549999900000001,-0.087890625,0.250732421875,1.413330078125
8.569999900000001,0.061279296875,-0.497802734375,1.595458984375
8.5899999,0.108154296875,-0.277587890625,0.205810546875
8.6099999,-0.095703125,-0.545166015625,0.885498046875
8.629999900000001,-0.084228515625,0.113525390625,1.135009765625
8.649999900000001,0.247802734375,0.15673828125,1.59814453125
8.6699999,-0.03662109375,-0.307373046875,0.426025390625
8.6899999,0.218505859375,-0.071044921875,1.254638671875
8.709999900000001,0.385986328125,0.08349609375,0.565185546875
8.729999900000001,-0.24072265625,-0.2919921875,0.992431640625
8.7499999,0.79931640625,-0.43798828125,1.419189453125
8.7699999,-0.01611328125,-0.39453125,0.822021484375
8.7899999,0.18798828125,0.1181640625,0.793212890625
8.809999900000001,-0.626220703125,-0.230712890625,0.776611328125
8.8299999,1.065185546875,-0.34521484375,1.24951171875
8.8499999,-0.405029296875,-0.404052734375,0.625
8.8699999,-0.21435546875,0.037353515625,1.1396484375
8.889999900000001,-0.008056640625,-0.446044921875,0.89013671875
8.9099999,0.743408203125,0.09912109375,1.4599609375
8.9299999,-0.1494140625,-0.144775390625,0.723876953125
8.9499999,0.044921875,-0.1396484375,0.718017578125
8.969999900000001,0.581787109375,-0.048095703125,1.358642578125
8.9899999,0.60888671875,-0.182861328125,0.646728515625
9.0099999,0.138916015625,-0.169677734375,1.194091796875
9.0299999,0.058837890625,-0.16845703125,1.147216796875
9.049999900000001,-0.12255859375,-0.16259765625,0.943603515625
9.069999900000001,-0.00830078125,-0.077392578125,0.89501953125
9.0899999,-0.00830078125,-0.077392578125,0.89501953125
9.1099999,0.077392578125,-0.1240234375,0.93798828125
9.129999900000001,0.077392578125,-0.1240234375,0.93798828125
9.149999900000001,0.03369140625,-0.1962890625,1.126708984375
9.1699999,0.03369140625,-0.1962890625,1.126708984375
9.1899999,0.055419921875,-0.313232421875,1.005126953125
9.209999900000001,-0.0234375,-0.139892578125,0.9921875
9.229999900000001,0.060791015625,-0.19921875,0.968505859375
9.2499999,-0.06494140625,0.028076171875,1.021484375
9.2699999,0.078857421875,-0.05078125,0.871826171875
9.2899999,-0.04638671875,-0.247802734375,0.94580078125
9.309999900000001,0.0517578125,-0.29638671875,0.81591796875
9.3299999,0.01416015625,-0.162841796875,0.993896484375
9.3499999,0.020751953125,-0.3359375,0.89453125
9.3699999,-0.011474609375,-0.187255859375,0.9755859375
9.389999900000001,0.13427734375,-0.25,0.871337890625
9.4099999,-0.048828125,-0.107421875,0.995361328125
9.4299999,-0.058837890625,-0.04296875,0.89404296875
9.4499999,-0.0732421875,0.027587890625,0.873779296875
9.469999900000001,0.110107421875,-0.316650390625,0.786865234375
9.4899999,-0.163818359375,-0.173828125,0.9765625
9.5099999,-0.0537109375,-0.130126953125,1.20166015625
9.5299999,-0.176513671875,-0.3037109375,1.24853515625
9.549999900000001,-0.074462890625,-0.191162109375,1.116455078125
9.569999900000001,0.13916015625,-0.32763671875,0.5283203125
9.5899999,0.010498046875,-0.13623046875,1.005615234375
9.6099999,0.029296875,-0.451904296875,1.28857421875
9.629999900000001,-0.0224609375,-0.0654296875,0.770751953125
9.649999900000001,0.152099609375,-0.2607421875,0.931396484375
9.6699999,0.045654296875,-0.2333984375,0.776123046875
9.6899999,-0.2880859375,0.23681640625,1.346435546875
9.709999900000001,0.43017578125,-0.9326171875,0.692626953125
9.729999900000001,0.029541015625,0.6650390625,1.115966796875
9.7499999,0.4228515625,-0.775390625,1.60107421875
9.7699999,-1.137939453125,0.663818359375,1.4990234375
9.7899999,0.09716796875,-0.077880859375,1.51513671875
9.809999900000001,-0.272705078125,-0.592529296875,0.66162109375
9.8299999,-0.249755859375,0.2998046875,1.48681640625
9.8499999,0.32666015625,-1.143310546875,0.802001953125
9.8699999,-0.43310546875,0.27099609375,0.7041015625
9.889999900000001,0.4814453125,-0.904541015625,-0.25830078125
9.9099999,-0.816650390625,0.302978515625,0.5126953125
9.9299999,0.4443359375,-0.902099609375,0.114990234375
9.9499999,-0.042236328125,-0.74658203125,1.101318359375
9.969999900000001,0.497802734375,-1.297119140625,0.663818359375
9.9899999,-0.10302734375,0.427734375,1.107666015625
10.0099999,0.752197265625,-0.8095703125,1.494384765625
10.0299999,-0.403076171875,0.27587890625,1.052001953125
10.049999900000001,-0.06689453125,-0.0830078125,1.831787109375
10.069999900000001,-0.1572265625,-0.482666015625,1.002685546875
10.0899999,-0.5048828125,-0.23291015625,0.6923828125
10.1099999,0.161865234375,-0.826416015625,0.50830078125
10.129999900000001,-0.31396484375,-0.135009765625,0.91357421875
10.149999900000001,-0.693603515625,0.496337890625,0.765380859375
10.1699999,-0.3466796875,-0.38623046875,1.4140625
10.1899999,0.2392578125,-0.0712890625,0.86181640625
10.209999900000001,0.021728515625,0.126220703125,1.186279296875
10.229999900000001,0.177978515625,0.08740234375,1.017333984375
10.2499999,-0.258544921875,-0.412353515625,0.930908203125
10.2699999,0.020263671875,-0.669677734375,0.502685546875
10.2899999,0.314453125,-0.07177734375,0.577392578125
10.309999900000001,0.1123046875,0.049072265625,0.50634765625
10.3299999,0.315185546875,-0.558349609375,0.775146484375
10.3499999,-0.68798828125,-0.1552734375,0.98779296875
10.3699999,0.14990234375,0.014892578125,1.973388671875
10.389999900000001,0.31591796875,-0.470458984375,0.799072265625
10.4099999,0.39111328125,-0.361572265625,1.546875
10.4299999,-0.35400390625,-0.220703125,0.38037109375
10.4499999,-0.074951171875,-0.531982421875,0.89599609375
10.469999900000001,0.193115234375,-0.0419921875,0.79052734375
10.4899999,0.55419921875,-0.25634765625,2.015869140625
10.5099999,-0.36279296875,-0.8974609375,0.828125
10.5299999,0.06298828125,-0.33984375,0.96044921875
10.549999900000001,-0.259033203125,-0.050537109375,1.04541015625
10.569999900000001,0.172607421875,-0.020263671875,0.795654296875
10.5899999,-0.094970703125,-0.309814453125,1.0166015625
10.6099999,0.72705078125,0.20703125,1.571533203125
10.629999900000001,-0.13232421875,-0.145751953125,0.986572265625
10.649999900000001,-0.368896484375,0.044189453125,0.959228515625
10.6699999,0.830322265625,-0.7109375,1.632080078125
10.6899999,-0.33447265625,0.1103515625,0.86083984375
10.709999900000001,0.012939453125,0.072021484375,0.963134765625
10.729999900000001,0.67041015625,-0.00927734375,1.6533203125
10.7499999,-0.087158203125,-0.009521484375,0.980224609375
10.7699999,-0.06103515625,-0.252685546875,0.87353515625
10.7899999,0.436279296875,0.458984375,1.61865234375
10.809999900000001,0.20751953125,0.072021484375,1.090087890625
10.8299999,-0.381591796875,-0.175048828125,0.890625
10.8499999,0.178955078125,0.314208984375,1.811279296875
10.8699999,-0.09716796875,0.037841796875,1.321533203125
10.889999900000001,0.15087890625,0.02099609375,0.9111328125
10.9099999,-0.03369140625,-0.158203125,1.16015625
10.9299999,-0.087158203125,-0.018798828125,0.60693359375
10.9499999,-0.0703125,0.086181640625,1.09716796875
10.969999900000001,0.05029296875,-0.27685546875,0.324462890625
10.9899999,0.37451171875,-0.33447265625,0.934326171875
11.0099999,0.22265625,0.114501953125,1.781005859375
11.0299999,0.13037109375,-0.08203125,1.1591796875
11.049999900000001,-0.45458984375,-0.200927734375,1.1904296875
11.069999900000001,0.552490234375,-0.468017578125,0.243408203125
11.0899999,0.122314453125,0.025390625,1.059326171875
11.1099999,0.46826171875,-0.165283203125,1.63232421875
11.129999900000001,0.404541015625,-0.04931640625,1.4052734375
11.149999900000001,-0.236328125,-0.350830078125,0.398681640625
11.1699999,-0.18359375,-0.624755859375,0.426025390625
11.1899999,0.052490234375,0.040283203125,1.181884765625
11.209999900000001,0.101806640625,0.216796875,1.583251953125
11.229999900000001,-0.01708984375,0.074462890625,0.31005859375
11.2499999,0.020751953125,0.2060546875,1.235595703125
11.2699999,0.1953125,-0.265625,1.623779296875
11.2899999,-0.0888671875,-0.2392578125,1.361083984375
11.309999900000001,-0.0771484375,-0.137939453125,0.2236328125
11.3299999,-0.298583984375,-0.213623046875,0.4697265625
11.3499999,0.01953125,-0.1240234375,1.7802734375
11.3699999,0.115478515625,-0.240478515625,1.627197265625
11.389999900000001,0.19970703125,0.228271484375,1.14697265625
11.4099999,0.297607421875,-0.12646484375,0.326171875
11.4299999,0.158447265625,-0.068115234375,0.58984375
11.4499999,-0.15673828125,-0.453125,0.595458984375
11.469999900000001,-0.666748046875,0.176513671875,0.681884765625
11.4899999,0.345703125,-0.109619140625,1.7841796875
11.5099999,0.148681640625,-0.072998046875,1.4619140625
11.5299999,0.5966796875,0.431640625,1.088623046875
11.549999900000001,0.89404296875,-0.187744140625,0.814697265625
11.569999900000001,0.20703125,-0.0791015625,0.796875
11.5899999,-0.249755859375,-0.265869140625,0.04541015625
11.6099999,-0.570556640625,-0.0869140625,0.592041015625
11.629999900000001,-0.31689453125,-0.101806640625,1.707763671875
11.649999900000001,-0.07275390625,-0.021484375,1.52294921875
11.6699999,0.593994140625,0.327392578125,1.52978515625
11.6899999,0.635498046875,-0.116943359375,0.9833984375
11.709999900000001,0.23046875,-0.203857421875,0.81689453125
11.729999900000001,0.23046875,-0.203857421875,0.81689453125
11.7499999,-0.2685546875,-0.248779296875,0.40283203125
11.7699999,-0.2685546875,-0.248779296875,0.40283203125
11.7899999,-0.406494140625,-0.285400390625,1.15771484375
11.809999900000001,-0.406494140625,-0.285400390625,1.15771484375
11.8299999,0.220947265625,-0.620849609375,1.46875
11.8499999,0.220947265625,-0.620849609375,1.46875
11.8699999,-0.54541015625,-0.055908203125,1.478759765625
11.889999900000001,0.460693359375,-0.413330078125,0.775634765625
11.9099999,0.166259765625,-0.11669921875,1.372802734375
11.9299999,-0.564453125,0.197998046875,0.898681640625
11.9499999,-0.0673828125,-0.080322265625,-0.189697265625
11.969999900000001,-0.375,0.20849609375,0.693359375
11.9899999,-0.358154296875,-0.919677734375,1.35009765625
12.0099999,-0.6298828125,-0.40625,1.823486328125
12.0299999,0.3603515625,-0.741943359375,0.81396484375
12.049999900000001,0.2734375,0.016357421875,1.287841796875
12.069999900000001,-1.04248046875,0.2548828125,1.022705078125
12.0899999,-0.153564453125,0.207275390625,0.8154296875
12.1099999,-0.03369140625,0.61181640625,1.007080078125
12.129999900000001,0.33251953125,-0.570068359375,0.426513671875
12.149999900000001,0.0927734375,0.173095703125,1.442138671875
12.1699999,-0.421875,-0.197998046875,0.947998046875
12.1899999,-0.278564453125,-0.474365234375,1.029296875
12.209999900000001,0.1025390625,0.04736328125,0.473876953125
12.229999900000001,0.01318359375,-0.272705078125,0.267333984375
12.2499999,-0.095703125,-0.06640625,1.489990234375
12.2699999,-0.3681640625,-0.057861328125,0.95458984375
12.289999900000002,-0.2275390625,-0.181640625,0.754638671875
12.309999900000001,0.141845703125,-0.07861328125,0.807861328125
12.3299999,0.018798828125,-0.085205078125,1.013671875
12.3499999,0.0244140625,-0.22802734375,1.14208984375
12.3699999,-0.056884765625,-0.27685546875,1.05029296875
12.389999900000001,0.005615234375,-0.09326171875,1.102783203125
12.4099999,-0.041015625,-0.209716796875,1.033203125
12.4299999,-0.00390625,-0.16748046875,1.006591796875
12.4499999,0.018798828125,-0.18798828125,0.9560546875
12.469999900000001,0.018798828125,-0.224365234375,0.930908203125
12.4899999,0.004150390625,-0.161376953125,0.985107421875
12.5099999,0.025146484375,-0.1103515625,1.05224609375
12.5299999,-0.030517578125,-0.217041015625,1.138427734375
12.549999900000001,-0.033447265625,-0.02392578125,1.24755859375
12.569999900000001,-0.070068359375,-0.205078125,1.187255859375
12.5899999,0.037109375,-0.40771484375,1.1103515625
12.6099999,0.025390625,-0.153076171875,0.98681640625
12.629999900000001,0.1064453125,-0.21142578125,0.688720703125
12.649999900000001,0.08154296875,-0.161376953125,0.745849609375
12.6699999,-0.009765625,-0.128662109375,1.195068359375
12.6899999,-0.04345703125,-0.28466796875,1.040283203125
12.709999900000001,-0.012451171875,-0.084228515625,0.9873046875
12.729999900000001,-0.051513671875,-0.30322265625,0.83251953125
12.7499999,-0.00048828125,-0.21875,1.195068359375
12.7699999,-0.081787109375,0.029541015625,1.00439453125
12.789999900000002,0.045166015625,-0.367919921875,0.7626953125
12.809999900000001,-0.054931640625,-0.194091796875,1.12841796875
12.8299999,-0.108154296875,-0.034912109375,1.03125
12.8499999,0.034423828125,-0.232177734375,0.914306640625
12.8699999,0.05078125,-0.431640625,1.093017578125
12.889999900000001,0.08984375,-0.10302734375,0.844482421875
12.9099999,0.041748046875,-0.1640625,1.14794921875
12.9299999,0.088623046875,-0.119384765625,1.0078125
12.9499999,-0.1337890625,0.009033203125,0.966796875
12.969999900000001,0.03271484375,-0.3759765625,0.97509765625
12.9899999,0.085693359375,-0.150390625,0.869384765625
13.0099999,0.045654296875,-0.17333984375,0.999267578125
13.0299999,0.098388671875,-0.32666015625,0.943359375
13.049999900000001,0.0380859375,-0.344970703125,1.044921875
13.069999900000001,0.123779296875,-0.1396484375,0.898193359375
13.0899999,-0.03466796875,-0.197509765625,1.068115234375
13.1099999,0.096435546875,-0.316162109375,0.911865234375
13.129999900000001,0.0712890625,-0.205322265625,0.957763671875
13.149999900000001,0.060302734375,-0.258056640625,0.894775390625
13.1699999,0.044189453125,-0.06640625,1.040283203125
13.1899999,-0.12353515625,-0.025634765625,0.967041015625
13.209999900000001,-0.0048828125,-0.0751953125,0.959716796875
13.229999900000001,0.05078125,-0.2099609375,1.044921875
13.2499999,-0.017822265625,-0.10595703125,0.90087890625
13.2699999,0.070068359375,-0.197998046875,1.019775390625
13.289999900000002,0.111328125,-0.29541015625,0.863525390625
13.309999900000001,0.033203125,-0.03564453125,1.026611328125
13.3299999,-0.085693359375,0.02294921875,1.041748046875
13.3499999,0.074951171875,-0.17236328125,0.88427734375
13.3699999,-0.048095703125,-0.254150390625,1.04931640625
13.389999900000001,0.07373046875,-0.32177734375,0.916748046875
13.4099999,-0.078369140625,-0.039794921875,1.000244140625
13.4299999,0.06005859375,-0.228515625,1.117431640625
13.4499999,0.07421875,-0.248291015625,0.94482421875
13.469999900000001,0.037353515625,-0.27685546875,1.0107421875
13.4899999,0.06787109375,-0.0517578125,1.09033203125
13.5099999,0.06689453125,-0.157470703125,1.00146484375
13.5299999,0.079345703125,-0.39794921875,1.040283203125
13.549999900000001,-0.0029296875,0.00634765625,1.00146484375
13.569999900000001,0.012939453125,-0.101318359375,0.960205078125
13.5899999,0.18505859375,-0.338134765625,0.921875
13.6099999,0.019287109375,-0.1015625,0.9296875
13.629999900000001,0.0380859375,-0.12255859375,0.923095703125
13.649999900000001,0.136962890625,-0.24658203125,0.9423828125
13.6699999,0.033447265625,-0.159423828125,0.9716796875
13.6899999,0.093017578125,-0.16357421875,0.98388671875
13.709999900000001,0.044189453125,-0.2890625,1.025146484375
13.729999900000001,0.082275390625,-0.083740234375,1.08740234375
13.7499999,0.052734375,-0.179443359375,0.993896484375
13.7699999,0.0380859375,-0.306396484375,0.975341796875
13.789999900000002,0.05078125,-0.1396484375,1.033935546875
13.809999900000001,0.0244140625,-0.228271484375,0.875
13.8299999,-0.023681640625,-0.076416015625,0.937744140625
13.8499999,-0.01416015625,-0.29638671875,1.002197265625
13.8699999,-0.0048828125,-0.177734375,0.955322265625
13.889999900000001,-0.08740234375,-0.089111328125,0.932373046875
13.9099999,0.015625,-0.147705078125,1.047119140625
13.9299999,-0.02734375,-0.103515625,1.210205078125
13.9499999,0.009033203125,-0.241943359375,0.837158203125
13.969999900000001,0.043212890625,-0.066650390625,0.99169921875
13.9899999,0.04833984375,-0.147705078125,0.991455078125
14.0099999,0.05419921875,-0.182373046875,0.916259765625
14.0299999,0.116455078125,-0.159423828125,0.965576171875
14.049999900000001,0.06494140625,-0.232421875,0.988037109375
14.069999900000001,0.079833984375,-0.201171875,1.098388671875
14.0899999,-0.03515625,-0.234130859375,0.961181640625
14.1099999,0.0556640625,-0.1318359375,0.978759765625
14.129999900000001,-0.03759765625,-0.082763671875,0.938232421875
14.149999900000001,-0.08837890625,-0.039794921875,1.049072265625
14.1699999,0.098876953125,-0.231201171875,0.85546875
14.1899999,-0.0166015625,-0.096435546875,1.047119140625
14.209999900000001,0.091552734375,-0.313232421875,1.07080078125
14.229999900000001,0.091552734375,-0.313232421875,1.07080078125
14.2499999,0.067626953125,-0.19873046875,0.911865234375
14.2699999,0.067626953125,-0.19873046875,0.911865234375
14.289999900000002,-0.02783203125,-0.262451171875,0.988525390625
14.309999900000001,-0.02783203125,-0.262451171875,0.988525390625
14.3299999,0.0537109375,-0.186279296875,0.848388671875
14.3499999,0.0537109375,-0.186279296875,0.848388671875
14.3699999,-0.079833984375,-0.18017578125,1.0556640625
14.389999900000001,0.15380859375,-0.30029296875,0.9970703125
14.4099999,-0.00341796875,-0.099853515625,0.978515625
14.4299999,0.10693359375,-0.204833984375,0.869873046875
14.4499999,-0.07275390625,-0.01416015625,0.984619140625
14.469999900000001,0.02490234375,-0.28076171875,1.0498046875
14.4899999,-0.064697265625,-0.049072265625,1.2099609375
14.5099999,-0.015625,-0.239990234375,0.84228515625
14.5299999,0.046875,-0.06201171875,0.99609375
14.549999900000001,0.126220703125,-0.244384765625,0.927490234375
14.569999900000001,0.044921875,-0.178466796875,0.990966796875
14.5899999,0.107177734375,-0.260498046875,0.932861328125
14.6099999,-0.060302734375,-0.12255859375,1.049072265625
14.629999900000001,0.059814453125,-0.115966796875,0.997314453125
14.649999900000001,-0.05810546875,-0.083740234375,1.158447265625
14.6699999,0.067626953125,-0.215576171875,0.848388671875
14.6899999,0.11083984375,-0.10009765625,0.96484375
14.709999900000001,0.05224609375,-0.246337890625,0.956298828125
14.729999900000001,0.084228515625,-0.22607421875,1.078369140625
14.7499999,-0.08740234375,-0.094482421875,1.063720703125
14.7699999,-0.000244140625,-0.2626953125,0.89794921875
14.789999900000002,0.041259765625,-0.0556640625,0.951416015625
14.809999900000001,0.008056640625,-0.148193359375,1.02783203125
14.8299999,0.07763671875,-0.098876953125,1.024658203125
14.8499999,0.02294921875,-0.2392578125,0.997802734375
14.8699999,0.047119140625,-0.108154296875,0.9912109375
14.889999900000001,-0.038330078125,-0.094970703125,0.944091796875
14.9099999,-0.056884765625,-0.07568359375,1.077880859375
14.9299999,0.056640625,-0.127197265625,0.903564453125
14.9499999,0.071533203125,-0.105224609375,1.022216796875
14.969999900000001,0.056396484375,-0.307861328125,0.97998046875
14.9899999,0.039794921875,-0.197265625,1.035888671875
15.0099999,-0.11572265625,-0.0791015625,0.932861328125
15.0299999,0.09375,-0.23828125,0.822021484375
15.049999900000001,-0.059326171875,-0.098876953125,1.041259765625
15.069999900000001,0.087890625,-0.322265625,1.0625
15.0899999,0.05712890625,-0.076416015625,1.061767578125
15.1099999,0.017333984375,-0.262939453125,0.873046875
15.129999900000001,0.03564453125,-0.129150390625,0.892578125
15.149999900000001,-0.089111328125,-0.0859375,1.02099609375
15.1699999,0.036376953125,-0.1875,1.1201171875
15.1899999,0.005859375,-0.022705078125,1.0009765625
15.209999900000001,0.075439453125,-0.170166015625,0.93310546875
15.229999900000001,-0.00146484375,-0.075927734375,0.947265625
15.2499999,-0.041259765625,-0.223388671875,0.9814453125
15.2699999,-0.036865234375,-0.015869140625,1.134765625
15.289999900000002,0.065185546875,-0.136962890625,0.91552734375
15.309999900000001,-0.0146484375,-0.102294921875,0.990966796875
15.3299999,0.089599609375,-0.172607421875,0.90380859375
15.3499999,0.02294921875,-0.24755859375,1.01025390625
15.3699999,-0.027587890625,-0.0791015625,0.9951171875
15.389999900000001,0.040771484375,-0.177001953125,0.840087890625
15.4099999,-0.082275390625,-0.165771484375,1.038330078125
15.4299999,0.17822265625,-0.19970703125,1.076171875
15.4499999,-0.027587890625,-0.288818359375,0.9541015625
15.469999900000001,0.1318359375,-0.345703125,0.8896484375
15.4899999,-0.01025390625,-0.00048828125,0.94677734375
15.5099999,-0.03125,-0.184326171875,1.047119140625
15.5299999,0.076416015625,-0.240234375,1.05078125
15.549999900000001,-0.00146484375,-0.0625,0.953125
15.569999900000001,0.092041015625,-0.2119140625,0.8935546875
15.5899999,-0.093994140625,-0.07958984375,1.041015625
15.6099999,-0.00732421875,-0.22021484375,1.03662109375
15.629999900000001,0.024169921875,-0.150146484375,1.12939453125
15.649999900000001,-0.00634765625,-0.088623046875,0.9609375
15.6699999,-0.00537109375,-0.20458984375,0.9072265625
15.6899999,0.108642578125,-0.03515625,0.93701171875
15.709999900000001,0.4609375,0.375732421875,0.760498046875
15.729999900000001,-0.29638671875,5.61865234375,-0.173828125
15.7499999,1.455078125,-2.900146484375,2.08740234375
15.7699999,0.32763671875,-1.146728515625,-0.489501953125
15.789999900000002,-1.540283203125,5.25830078125,-2.04052734375
15.809999900000001,2.46630859375,-3.93408203125,0.27587890625
15.8299999,0.529541015625,0.0185546875,0.99072265625
15.8499999,0.691650390625,1.489990234375,2.32861328125
15.869999900000002,-0.858642578125,-0.819580078125,0.265625
15.889999900000001,0.087158203125,-0.241943359375,1.355712890625
15.9099999,-0.296875,2.12158203125,0.638427734375
15.9299999,0.46435546875,-0.30517578125,-0.47216796875
15.9499999,-0.663818359375,0.0625,0.52783203125
15.969999900000001,-0.095703125,0.31787109375,1.56201171875
15.9899999,-1.363037109375,0.101318359375,1.19580078125
16.0099999,0.18505859375,0.7744140625,1.457275390625
16.0299999,0.375,-0.79638671875,0.51953125
16.0499999,-0.330078125,-0.2255859375,1.38037109375
16.0699999,-0.5400390625,0.243896484375,2.03662109375
16.089999900000002,3.607421875,-2.61181640625,1.40625
16.109999900000002,-1.221923828125,1.841796875,-0.312255859375
16.1299999,0.4248046875,-0.286865234375,1.2138671875
16.1499999,1.431884765625,-0.51318359375,0.753173828125
16.1699999,0.577880859375,-0.132568359375,1.649169921875
16.1899999,-0.65234375,0.16064453125,1.464111328125
16.2099999,-0.14892578125,0.01123046875,1.41650390625
16.2299999,0.1201171875,0.276611328125,0.559326171875
16.249999900000002,-1.127197265625,0.60400390625,0.502685546875
16.269999900000002,-0.89990234375,-0.273681640625,1.304931640625
16.2899999,-0.180908203125,-0.740234375,0.086181640625
16.3099999,0.4228515625,-0.606689453125,0.430908203125
16.3299999,-0.085693359375,-0.750732421875,1.451171875
16.3499999,-0.506103515625,-0.05322265625,1.70751953125
16.3699999,0.35693359375,-0.118896484375,0.85009765625
16.3899999,1.903076171875,-0.56396484375,0.918212890625
16.4099999,-0.751708984375,0.69677734375,0.08984375
16.429999900000002,0.182373046875,-0.051513671875,1.52099609375
16.4499999,0.5498046875,-0.36767578125,1.385498046875
16.4699999,-0.0458984375,-0.420166015625,0.52392578125
16.4899999,-0.05859375,-0.096923828125,0.927490234375
16.5099999,0.5556640625,-0.197265625,0.83447265625
16.5299999,-0.410888671875,0.337158203125,0.119140625
16.5499999,0.206298828125,-0.239501953125,0.631103515625
16.5699999,0.0908203125,-0.077880859375,1.21826171875
16.589999900000002,-0.0244140625,0.06982421875,0.97998046875
16.609999900000002,-0.80224609375,0.500244140625,0.819091796875
16.6299999,-0.01416015625,-0.971923828125,0.812744140625
16.6499999,-0.13427734375,0.203125,1.591064453125
16.6699999,0.052978515625,0.072509765625,1.0458984375
16.6899999,-0.131103515625,0.23046875,0.694580078125
16.7099999,-0.273681640625,-0.9228515625,0.513427734375
16.7299999,0.057373046875,0.043212890625,1.343505859375
16.749999900000002,0.057373046875,0.043212890625,1.343505859375
16.769999900000002,-1.05859375,1.02490234375,1.0986328125
16.7899999,-1.05859375,1.02490234375,1.0986328125
16.8099999,0.13671875,-0.488037109375,0.22998046875
16.8299999,0.13671875,-0.488037109375,0.22998046875
16.8499999,-0.878173828125,0.8427734375,0.890869140625
16.8699999,-0.878173828125,0.8427734375,0.890869140625
16.8899999,0.0712890625,-0.65478515625,0.98291015625
16.9099999,-0.22265625,0.3017578125,1.32275390625
16.929999900000002,0.072021484375,-0.350341796875,1.30908203125
16.9499999,-0.200439453125,0.334228515625,0.9755859375
16.9699999,0.271728515625,-0.11767578125,0.929443359375
16.9899999,0.185791015625,-0.2119140625,1.060791015625
17.0099999,0.4072265625,-0.65576171875,1.559326171875
17.0299999,-0.160400390625,-0.11181640625,0.86767578125
17.0499999,-0.0615234375,0.010009765625,0.946044921875
17.0699999,-0.656005859375,0.69140625,0.8623046875
17.089999900000002,0.51416015625,-0.39306640625,1.00341796875
17.109999900000002,-0.135986328125,-0.076171875,1.113525390625
17.1299999,0.07568359375,-0.858642578125,1.847900390625
17.1499999,-0.046142578125,-0.28564453125,0.393798828125
17.1699999,0.2021484375,-0.408447265625,1.094482421875
17.1899999,0.228271484375,-0.26708984375,1.218505859375
17.2099999,0.149169921875,-0.13623046875,1.1376953125
17.2299999,0.35107421875,-0.521240234375,1.3974609375
17.249999900000002,0.32080078125,-0.315673828125,1.05517578125
17.269999900000002,0.0107421875,-0.129638671875,0.9951171875
17.2899999,0.216064453125,-0.369873046875,1.2587890625
17.3099999,-0.012451171875,0,1.473876953125
17.3299999,-0.270263671875,0.69091796875,0.386962890625
17.3499999,-0.136962890625,-0.159912109375,0.4208984375
17.3699999,-0.405029296875,0.103759765625,0.444091796875
17.3899999,0.28076171875,-0.531005859375,0.96044921875
17.409999900000003,-0.258056640625,-0.160888671875,1.447509765625
17.429999900000002,0.70751953125,-0.169677734375,2.01123046875
17.4499999,0.283935546875,-0.192138671875,1.6162109375
17.4699999,-0.990234375,1.322265625,-0.318115234375
17.4899999,-0.3671875,-0.627197265625,0.217529296875
17.5099999,0.807861328125,-0.00634765625,0.71728515625
17.5299999,0.32666015625,-0.9716796875,0.00439453125
17.5499999,-0.675048828125,0.57958984375,0.5068359375
17.5699999,-0.755615234375,1.12109375,1.209228515625
17.589999900000002,-0.3623046875,-0.340087890625,0.07568359375
17.609999900000002,0.14453125,-0.4404296875,1.927001953125
17.6299999,0.5361328125,0.391357421875,1.62255859375
17.6499999,-0.208740234375,0.287109375,0.978515625
17.6699999,1.383056640625,-0.94775390625,0.458984375
17.6899999,0.29736328125,-0.662841796875,1.31494140625
17.7099999,-0.252685546875,-0.19921875,0.015380859375
17.7299999,-0.3037109375,-0.057861328125,1.123779296875
17.749999900000002,0.19873046875,-0.29345703125,0.963134765625
17.769999900000002,0.02880859375,-0.360107421875,1.04052734375
17.7899999,0.112060546875,-0.140869140625,1.1650390625
17.8099999,-0.0224609375,-0.156005859375,1.002197265625
17.8299999,-0.146484375,-0.268798828125,0.927001953125
17.8499999,-0.14453125,-0.0751953125,0.79345703125
17.8699999,-0.201904296875,-0.104736328125,0.91259765625
17.8899999,0.028564453125,-0.354736328125,1.384765625
17.909999900000003,-0.335693359375,-0.043701171875,1.192626953125
17.929999900000002,-0.350830078125,-0.025390625,0.96875
17.9499999,-0.1318359375,-0.07861328125,0.6611328125
17.9699999,0.357666015625,0.035888671875,0.927978515625
17.9899999,0.08447265625,-0.216552734375,1.130615234375
18.0099999,-0.510498046875,0.433837890625,0.406982421875
18.0299999,0.191162109375,-0.157958984375,0.8740234375
18.0499999,-0.098876953125,-0.04443359375,1.015869140625
18.0699999,0.022705078125,0.038330078125,0.480224609375
18.089999900000002,0.504638671875,-0.25439453125,1.19677734375
18.109999900000002,-0.145751953125,0.099365234375,0.473876953125
18.1299999,0.506591796875,0.05908203125,0.791748046875
18.1499999,-0.094970703125,-0.041748046875,0.65087890625
18.1699999,0.502197265625,0.15673828125,0.65771484375
18.1899999,-0.078369140625,-0.1201171875,0.582275390625
18.2099999,0.58251953125,-0.10595703125,0.73486328125
18.2299999,-0.04541015625,-0.197509765625,0.437255859375
18.249999900000002,0.56787109375,-0.06689453125,0.63525390625
18.269999900000002,-0.0107421875,-0.1796875,0.529052734375
18.2899999,-0.16650390625,0.294921875,0.170654296875
18.3099999,0.3046875,-0.533935546875,1.104736328125
18.3299999,-1.228759765625,0.85693359375,0.33544921875
18.3499999,0.82958984375,-0.33447265625,0.79443359375
18.3699999,1.207763671875,0.540771484375,0.61474609375
18.3899999,1.1572265625,-1.107421875,0.47265625
18.409999900000003,-0.380615234375,0.14697265625,1.990234375
18.429999900000002,0.85693359375,-0.254638671875,2.4404296875
18.4499999,-0.02734375,-0.097900390625,1.417724609375
18.4699999,-0.061767578125,1.6728515625,0.0859375
18.4899999,0.453369140625,-0.65234375,1.4013671875
18.5099999,0.13037109375,0.1044921875,0.98681640625
18.5299999,0.80322265625,0.09423828125,1.441162109375
18.5499999,-0.52783203125,-0.28125,0.621826171875
18.5699999,-0.75439453125,0.640380859375,0.636474609375
18.589999900000002,0.665283203125,-0.27294921875,0.38232421875
18.609999900000002,-0.417724609375,0.33740234375,0.826171875
18.6299999,-0.37744140625,0.189697265625,0.766357421875
18.6499999,-0.08642578125,-0.476318359375,0.91943359375
18.6699999,0.1552734375,-0.291748046875,1.107177734375
18.6899999,0.01708984375,-0.207275390625,1.0888671875
18.7099999,0.1298828125,-0.154052734375,1.174072265625
18.7299999,-0.0146484375,0.115478515625,0.8046875
18.749999900000002,-0.044921875,-0.2412109375,0.7509765625
18.769999900000002,-0.4384765625,0.30810546875,0.787353515625
18.7899999,0.161376953125,-0.45654296875,0.499755859375
18.8099999,-0.032470703125,-0.102783203125,0.559814453125
18.8299999,0.436767578125,-0.60546875,1.126220703125
18.8499999,-0.742919921875,0.119140625,0.848388671875
18.8699999,-0.154296875,-0.607421875,2.44384765625
18.8899999,0.029052734375,-0.27587890625,1.418701171875
18.909999900000003,-0.563232421875,0.171875,1.136474609375
18.929999900000002,0.962158203125,-0.558837890625,0.1083984375
18.9499999,-0.34521484375,0.294189453125,1.40869140625
18.9699999,-0.11767578125,-0.767578125,2.32080078125
18.9899999,-0.084228515625,-0.231201171875,0.3671875
19.0099999,1.72021484375,-2.1962890625,2.584716796875
19.0299999,0.363037109375,-0.53515625,1.175537109375
19.0499999,0.07470703125,-0.025390625,1.284423828125
19.0699999,-1.2060546875,0.488037109375,0.39501953125
19.089999900000002,0.801513671875,-0.886474609375,0.53125
19.109999900000002,-0.418212890625,0.27880859375,1.07421875
19.1299999,-0.2119140625,1.1005859375,1.29296875
19.1499999,0.603759765625,-0.5390625,0.8740234375
19.1699999,-0.319580078125,-0.0908203125,1.865966796875
19.1899999,-0.095703125,0.717529296875,1.31494140625
19.2099999,0.341552734375,-0.37451171875,0.315185546875
19.2299999,-0.504150390625,0.344482421875,0.731201171875
19.249999900000002,-1.450439453125,0.384033203125,1.130859375
19.269999900000002,0.471435546875,-0.82470703125,-0.06494140625
19.2899999,0.471435546875,-0.82470703125,-0.06494140625
19.3099999,2.44677734375,-3.083984375,2.2763671875
19.3299999,2.44677734375,-3.083984375,2.2763671875
19.3499999,-0.0517578125,-0.43701171875,0.687255859375
19.3699999,-0.0517578125,-0.43701171875,0.687255859375
19.3899999,-0.59716796875,-0.2666015625,1.480712890625
19.409999900000003,1.529541015625,-0.174560546875,0.49169921875
19.429999900000002,0.2236328125,0.237060546875,1.348388671875
19.4499999,0.071533203125,-0.404541015625,0.685302734375
19.4699999,-0.705078125,0.422607421875,1.08984375
19.4899999,1.68994140625,-2.66064453125,1.783935546875
19.5099999,-0.45166015625,-0.366943359375,1.513916015625
19.5299999,0.496826171875,-0.398193359375,0.537841796875
19.5499999,0.193359375,-0.59814453125,1.7568359375
19.5699999,-0.134765625,-0.09033203125,0.9794921875
19.589999900000002,-0.05078125,0.877197265625,1.06591796875
19.609999900000002,0.033935546875,-0.755615234375,0.04541015625
19.6299999,-0.02880859375,0.095703125,1.510009765625
19.6499999,-0.046875,-0.05224609375,0.6787109375
19.6699999,0.58642578125,0.977294921875,0.3935546875
19.6899999,-0.001953125,0.04296875,1.031005859375
19.7099999,0.549560546875,-0.12744140625,1.10986328125
19.7299999,0.189453125,-0.7197265625,1.70849609375
19.749999900000002,-0.53759765625,0.169921875,1.819580078125
19.769999900000002,-1.470703125,0.54052734375,0.656005859375
19.7899999,0.0048828125,0.591796875,0.781005859375
19.8099999,0.596435546875,-0.50537109375,1.14111328125
19.8299999,0.01123046875,-0.749755859375,2.030517578125
19.8499999,-0.501953125,0.136474609375,1.887939453125
19.8699999,-0.513916015625,0.449951171875,0.41357421875
19.8899999,-0.23193359375,-0.398193359375,1.071533203125
19.909999900000003,0.165771484375,-0.25390625,0.352294921875
19.929999900000002,-0.579833984375,-0.438232421875,0.998291015625
19.9499999,-0.23974609375,-0.233642578125,1.283447265625
19.9699999,0.820068359375,-0.4287109375,0.857666015625
19.9899999,-0.231201171875,1.178955078125,0.447021484375
20.0099999,0.52734375,-0.3017578125,1.30126953125
20.0299999,0.65087890625,-0.41357421875,0.691650390625
20.0499999,-0.12451171875,-0.765380859375,2.317626953125
20.0699999,-0.086181640625,0.48583984375,1.409423828125
20.089999900000002,2.2490234375,-1.963134765625,1.462890625
20.109999900000002,-0.573974609375,1.73193359375,-0.177001953125
20.1299999,-0.0166015625,0.782470703125,1.57373046875
20.1499999,1.034423828125,-0.677734375,0.3349609375
20.1699999,-0.112060546875,-0.85009765625,0.725830078125
20.1899999,-0.522216796875,-0.789794921875,1.560791015625
20.2099999,-0.83837890625,-0.201416015625,1.8828125
20.2299999,-0.46875,0.5830078125,0.971435546875
20.249999900000002,1.1962890625,0.641357421875,0.332275390625
20.269999900000002,3.715087890625,-2.656005859375,1.325439453125
20.2899999,-1.974853515625,-0.854248046875,-0.68505859375
20.3099999,-2.284423828125,1.1748046875,0.522705078125
20.3299999,-0.802490234375,0.29736328125,1.960205078125
20.3499999,0.262451171875,-0.50146484375,1.996826171875
20.3699999,1.318115234375,-0.4599609375,0.024169921875
20.3899999,1.857666015625,-0.2685546875,0.300537109375
20.409999900000003,0.92626953125,-0.751220703125,0.4072265625
20.429999900000002,0.198486328125,-0.238037109375,1.5859375
20.4499999,-0.4091796875,-0.84423828125,1.686767578125
20.4699999,-0.43994140625,-0.63037109375,1.098388671875
20.4899999,-0.446533203125,-0.388916015625,0.730712890625
20.5099999,-0.15478515625,-0.59814453125,0.921875
20.5299999,-0.12109375,-0.42431640625,1.044921875
20.5499999,-0.22265625,-0.241943359375,1.0048828125
20.5699999,-0.099609375,-0.33642578125,1.219482421875
20.589999900000002,-0.16064453125,-0.218505859375,0.943115234375
20.609999900000002,-0.03955078125,-0.32763671875,0.897705078125
20.6299999,0.099609375,-0.3515625,0.971435546875
20.6499999,-0.141845703125,-0.14892578125,0.97509765625
20.6699999,0.012939453125,-0.333251953125,0.9150390625
20.6899999,-0.040771484375,0.019287109375,1.24169921875
20.7099999,0.10693359375,-0.285888671875,0.91357421875
20.7299999,-0.03857421875,-0.22265625,0.87841796875
20.749999900000002,-0.060791015625,-0.056884765625,1.061767578125
20.769999900000002,0.099365234375,-0.093994140625,1.013671875
20.7899999,0.078369140625,-0.153076171875,1.112060546875
20.8099999,0.045166015625,-0.24169921875,0.926513671875
20.8299999,-0.069091796875,-0.22802734375,0.947265625
20.8499999,-0.0224609375,-0.048583984375,0.915771484375
20.8699999,-0.0390625,-0.18994140625,0.934326171875
20.8899999,0.121337890625,-0.178955078125,1.02783203125
20.909999900000003,0.013671875,-0.0224609375,1.204345703125
20.929999900000002,0.08740234375,-0.007568359375,1.18310546875
20.9499999,-0.000244140625,-0.01318359375,1.03759765625
20.9699999,0.0556640625,-0.020263671875,1.110595703125
20.9899999,0.011962890625,-0.0478515625,1.04296875
21.0099999,0.05078125,0.051025390625,1.206787109375
21.0299999,-0.00439453125,0.0400390625,1.193603515625
21.0499999,0.055419921875,-0.263916015625,1.205078125
21.0699999,-0.0361328125,-0.29150390625,1.117919921875
21.089999900000002,0.059814453125,-0.076416015625,0.99365234375
21.109999900000002,-0.025634765625,0.057373046875,0.961669921875
21.1299999,0.114501953125,-0.285400390625,0.69140625
21.1499999,-0.038818359375,-0.14306640625,0.931640625
21.1699999,-0.056884765625,-0.087646484375,1.20263671875
21.1899999,0.08251953125,-0.438720703125,1.01611328125
21.2099999,0.036376953125,-0.003173828125,0.963623046875
21.2299999,0.1591796875,-0.213623046875,0.765625
21.249999900000002,0.03173828125,-0.170654296875,1.181640625
21.269999900000002,0.100830078125,-0.015869140625,1.0810546875
21.2899999,0.081787109375,-0.244140625,0.82958984375
21.3099999,0.000732421875,-0.00439453125,1.19970703125
21.3299999,0.103271484375,-0.202392578125,0.980224609375
21.3499999,0.091552734375,-0.208251953125,0.84765625
21.3699999,-0.0439453125,-0.224609375,1.10888671875
21.3899999,-0.016845703125,-0.1513671875,0.95166015625
21.409999900000003,-0.09033203125,0.087890625,1.0634765625
21.429999900000002,0.0673828125,-0.22265625,0.953125
21.4499999,0.070556640625,-0.14990234375,0.883544921875
21.4699999,0.052001953125,-0.1806640625,0.995849609375
21.4899999,0.085205078125,-0.25830078125,0.939453125
21.5099999,-0.025146484375,-0.192626953125,1.106201171875
21.5299999,0.099365234375,-0.1669921875,0.860107421875
21.5499999,-0.034912109375,-0.280029296875,1.104248046875
21.5699999,-0.014404296875,-0.126708984375,0.884521484375
21.589999900000002,-0.014892578125,-0.07373046875,1.089599609375
21.609999900000002,0.099609375,-0.337890625,0.865966796875
21.6299999,-0.0302734375,-0.128662109375,1.00048828125
21.6499999,0.010986328125,-0.117919921875,0.8798828125
21.6699999,0.11767578125,-0.319091796875,0.949951171875
21.6899999,0.07080078125,-0.185546875,0.87353515625
21.7099999,0.051513671875,-0.00927734375,0.9970703125
21.7299999,-0.07421875,-0.02783203125,1.064453125
21.749999900000002,0.088134765625,-0.118408203125,0.95263671875
21.769999900000002,0.006591796875,-0.21923828125,0.9833984375
21.7899999,0.0009765625,-0.09375,0.897216796875
21.8099999,0.1318359375,-0.319580078125,0.912353515625
21.8299999,0.023681640625,-0.108642578125,0.922119140625
21.8499999,0.0751953125,-0.061279296875,0.978759765625
21.8699999,0.017333984375,-0.098388671875,1.081787109375
21.8899999,0.07861328125,-0.303466796875,0.839111328125
21.909999900000003,0.0107421875,-0.051025390625,0.995361328125
21.929999900000002,0.0107421875,-0.051025390625,0.995361328125
21.9499999,0.062255859375,-0.177001953125,0.892578125
21.9699999,0.062255859375,-0.177001953125,0.892578125
21.9899999,0.01708984375,-0.209716796875,0.97216796875
22.0099999,0.01708984375,-0.209716796875,0.97216796875
22.0299999,-0.095458984375,-0.052978515625,0.978515625
22.0499999,0.01416015625,-0.313720703125,1.095947265625
22.0699999,0.02978515625,-0.22119140625,0.991455078125
22.089999900000002,-0.045166015625,-0.131591796875,1.017578125
22.109999900000002,0.02490234375,-0.264404296875,1.037841796875
22.1299999,-0.04736328125,-0.22900390625,0.93798828125
22.1499999,0.0400390625,-0.126220703125,0.9619140625
22.1699999,-0.041259765625,-0.227783203125,0.965087890625
22.1899999,-0.06640625,-0.22802734375,0.859375
22.2099999,0.02099609375,-0.09130859375,0.91796875
22.2299999,-0.05810546875,-0.258056640625,1.01318359375
22.249999900000002,-0.0361328125,-0.111083984375,0.991455078125
22.269999900000002,-0.067138671875,-0.107421875,0.9111328125
22.2899999,0.0087890625,-0.16650390625,1.042236328125
22.3099999,-0.048828125,-0.065673828125,1.203857421875
22.3299999,-0.021240234375,-0.2353515625,0.81787109375
22.3499999,0.053466796875,-0.100830078125,1.025634765625
22.3699999,0.007568359375,-0.142578125,1.05810546875
22.3899999,0.09375,-0.205810546875,0.82958984375
22.409999900000003,0.031494140625,-0.08203125,0.947021484375
22.429999900000002,-0.387451171875,-0.43115234375,0.261474609375
22.4499999,1.509033203125,-0.754150390625,2.477783203125
22.4699999,-0.68017578125,1.280517578125,0.58447265625
22.4899999,1.3271484375,-0.559814453125,-0.1982421875
22.5099999,2.57275390625,-3.765869140625,2.7744140625
22.5299999,-1.062255859375,1.3076171875,1.528076171875
22.5499999,0.5419921875,-1.281494140625,1.28564453125
22.5699999,-0.04833984375,-0.0224609375,0.780029296875
22.589999900000002,-0.27099609375,0.0732421875,1.1259765625
22.609999900000002,0.07861328125,-0.438720703125,1.128173828125
22.6299999,-0.058349609375,0.036376953125,0.805908203125
22.6499999,-0.1328125,0.054443359375,1.02490234375
22.6699999,0.168212890625,-0.68408203125,0.94775390625
22.6899999,-0.17626953125,0.0498046875,0.90087890625
22.7099999,0.028076171875,-0.012939453125,1.047607421875
22.7299999,0.041748046875,-0.3037109375,1.0068359375
22.749999900000002,-0.174560546875,-0.0849609375,0.53173828125
22.769999900000002,-1.8330078125,1.76220703125,2.573486328125
22.7899999,-0.05859375,0.705078125,1.148193359375
22.8099999,0.8837890625,-3.957275390625,0.718505859375
22.8299999,-0.0927734375,0.62109375,0.58154296875
22.8499999,0.071044921875,-0.794921875,0.570556640625
22.8699999,0.3486328125,-0.77490234375,1.19970703125
22.8899999,-0.24755859375,0.43359375,1.104248046875
22.909999900000003,0.12890625,-0.533935546875,1.175048828125
22.929999900000002,-0.028564453125,0.0068359375,0.929931640625
22.9499999,0.05908203125,0.003173828125,0.6611328125
22.9699999,0.136474609375,-0.14794921875,1.10400390625
22.9899999,0.21484375,-0.423583984375,1.809326171875
23.0099999,0.472900390625,0.25244140625,1.11376953125
23.0299999,0.400390625,0.827392578125,-0.076171875
23.0499999,-2.1953125,1.345458984375,2.4765625
23.0699999,-0.323486328125,1.96923828125,1.048583984375
23.089999900000002,0.153564453125,-1.079345703125,0.890625
23.109999900000002,-0.50439453125,1.3173828125,0.797119140625
23.1299999,0.04931640625,-0.414306640625,0.805908203125
23.1499999,0.018798828125,-0.141845703125,0.70947265625
23.1699999,0.022216796875,-0.076171875,0.78076171875
23.1899999,0.154296875,-0.560302734375,0.8896484375
23.2099999,0.04248046875,0.022705078125,0.814697265625
23.2299999,-0.55810546875,-0.3427734375,0.760498046875
23.249999900000002,0.705810546875,0.166748046875,0.264404296875
23.269999900000002,-0.00634765625,-3.019775390625,0.8486328125
23.2899999,0.686767578125,-0.727294921875,1.014404296875
23.3099999,-0.675048828125,1.784912109375,-0.976318359375
23.3299999,-0.436279296875,0.046630859375,0.26123046875
23.3499999,0.020751953125,-0.430419921875,1.10107421875
23.3699999,-0.106689453125,-0.072509765625,1.574951171875
23.3899999,-0.00537109375,-0.21826171875,1.193603515625
23.409999900000003,0.095703125,-0.1962890625,0.884521484375
23.429999900000002,-0.102294921875,-0.21728515625,1.0302734375
23.4499999,-0.477783203125,0.177734375,0.782470703125
23.4699999,0.111083984375,0.589111328125,-0.2314453125
23.4899999,0.65966796875,-0.081298828125,0.923095703125
23.5099999,-0.021240234375,-0.82763671875,1.7744140625
23.5299999,0.3876953125,-0.518798828125,2.484375
23.5499999,0.17236328125,-0.759765625,2.27294921875
23.5699999,-0.3857421875,-0.160888671875,0.95263671875
23.589999900000002,0.38916015625,-0.510009765625,0.72509765625
23.609999900000002,0.0869140625,-0.3056640625,0.702880859375
23.6299999,-0.2060546875,0.0546875,0.767822265625
23.6499999,0.046142578125,-0.07177734375,1.203369140625
23.6699999,-0.2783203125,-0.067626953125,1.961669921875
23.6899999,0.087646484375,0.358154296875,1.201416015625
23.7099999,-1.91259765625,1.935546875,1.33544921875
23.7299999,0.599853515625,1.60986328125,-1.33837890625
23.749999900000002,0.812744140625,0.033447265625,0.126220703125
23.769999900000002,1.046142578125,0.618408203125,1.6005859375
23.7899999,-0.028564453125,0.19482421875,0.75927734375
23.8099999,0.21728515625,-0.184814453125,1.31103515625
23.8299999,0.046875,-0.28173828125,1.178955078125
23.8499999,-0.059326171875,-0.043212890625,1.042236328125
23.8699999,0.048583984375,-0.2431640625,0.9970703125
23.8899999,0.049560546875,-0.00341796875,1.223388671875
23.909999900000003,0.11474609375,-0.1884765625,1.010498046875
23.929999900000002,-0.3330078125,0.101806640625,-0.052490234375
23.9499999,0.010498046875,0.283203125,1.156494140625
23.9699999,-0.922607421875,0.510009765625,1.81494140625
23.9899999,-0.3857421875,0.821044921875,0.047119140625
24.0099999,0.369873046875,-0.342529296875,0.313720703125
24.0299999,0.059326171875,0.09814453125,0.76416015625
24.0499999,0.056640625,-0.119873046875,1.0859375
24.069999900000003,0.12744140625,-0.19189453125,0.99072265625
24.089999900000002,-0.07080078125,-0.041748046875,0.967529296875
24.109999900000002,0.142333984375,-0.146728515625,0.911865234375
24.1299999,0.100341796875,-0.28955078125,0.86376953125
24.1499999,0.07568359375,-0.224365234375,0.887939453125
24.1699999,0.006103515625,-0.701171875,1.194091796875
24.1899999,-0.182373046875,0.04345703125,0.397705078125
24.2099999,0.37451171875,-0.61279296875,0.658203125
24.2299999,-0.24365234375,-0.416259765625,1.006591796875
24.249999900000002,-0.494384765625,0.116455078125,0.9404296875
24.269999900000002,0.21142578125,-0.528076171875,1.12060546875
24.2899999,-0.28369140625,-0.04052734375,0.997802734375
24.3099999,-0.0048828125,-0.132568359375,1.222900390625
24.3299999,-0.065185546875,-0.42822265625,1.060546875
24.3499999,-0.132568359375,0.024658203125,1.1943359375
24.3699999,0.00830078125,-0.2978515625,1.18603515625
24.3899999,0.052978515625,-0.41943359375,1.065673828125
24.409999900000003,0.0029296875,-0.1923828125,0.9609375
24.429999900000002,0.010498046875,-0.04248046875,0.87255859375
24.4499999,0.010498046875,-0.04248046875,0.87255859375
24.4699999,-0.025390625,-0.1669921875,1.5107421875
24.4899999,-0.025390625,-0.1669921875,1.5107421875
24.5099999,0.228759765625,-0.590087890625,1.134765625
24.5299999,0.228759765625,-0.590087890625,1.134765625
24.5499999,-0.107666015625,0.0888671875,0.9287109375
24.569999900000003,-0.107666015625,0.0888671875,0.9287109375
24.589999900000002,0.1005859375,-0.397216796875,0.8125
24.609999900000002,-0.076416015625,0.060546875,1.115478515625
24.6299999,0.072509765625,-0.3896484375,0.992919921875
24.6499999,0.074462890625,-0.051025390625,1.030517578125
24.6699999,0.252197265625,-0.264404296875,0.724365234375
24.6899999,0.253173828125,-0.04296875,1.199462890625
24.7099999,0.135009765625,0.00341796875,1.35693359375
24.7299999,0.699951171875,0.220947265625,2.53125
24.749999900000002,-0.748291015625,1.333740234375,1.071044921875
24.769999900000002,0.513671875,-0.761474609375,1.111572265625
24.7899999,0.12109375,-0.175537109375,1.017822265625
24.8099999,-0.322021484375,0.278076171875,0.826416015625
24.8299999,0.2265625,-0.3447265625,1.036376953125
24.8499999,-0.089599609375,-0.218994140625,1.015869140625
24.8699999,-0.06201171875,0.109619140625,1.01904296875
24.8899999,0.084716796875,-0.57958984375,0.858154296875
24.909999900000003,-0.04833984375,-0.095458984375,1.16162109375
24.929999900000002,-0.123046875,0.0478515625,1.015869140625
24.9499999,0.0888671875,-0.236572265625,0.900390625
24.9699999,0.228515625,0.022705078125,0.88037109375
24.9899999,1.052490234375,-1.86572265625,1.432861328125
25.0099999,-0.238037109375,0.695068359375,1.3310546875
25.0299999,0.28173828125,-1.033203125,1.279296875
25.0499999,0.107421875,-0.300048828125,0.86669921875
25.069999900000003,-0.18701171875,0.336669921875,1.07763671875
25.089999900000002,0.22607421875,-0.30859375,1.038818359375
25.109999900000002,-0.039306640625,-0.296142578125,0.881591796875
25.1299999,-0.005126953125,-0.227294921875,1.110107421875
25.1499999,0.0302734375,-0.242919921875,0.885498046875
25.1699999,-0.01318359375,-0.122802734375,1.13232421875
25.1899999,0.185302734375,-0.064208984375,1.073974609375
25.2099999,0.462646484375,-1.70947265625,1.83935546875
25.2299999,-0.03076171875,0.376953125,-0.202392578125
25.249999900000002,0.515380859375,-0.41015625,1.1396484375
25.269999900000002,0.28271484375,0.3408203125,1.987548828125
25.2899999,-0.925048828125,1.378173828125,0.952392578125
25.3099999,0.1982421875,-0.841796875,1.153076171875
25.3299999,0.04150390625,-0.1533203125,1.016357421875
25.3499999,-0.175537109375,-0.024169921875,1.084228515625
25.3699999,0.070068359375,-0.413330078125,1.003662109375
25.3899999,-0.07421875,0.05615234375,0.94775390625
25.409999900000003,0.001953125,-0.09033203125,0.976318359375
25.429999900000002,0.21826171875,0.021240234375,1.321044921875
25.4499999,-0.15869140625,0.76953125,1.18896484375
25.4699999,-0.4482421875,-0.78857421875,0.697509765625
25.4899999,-2.4375,2.473388671875,2.135498046875
25.5099999,-0.9189453125,2.61767578125,0.7314453125
25.5299999,1.93408203125,-1.898681640625,2.45751953125
25.5499999,-0.482421875,0.5888671875,1.640380859375
25.569999900000003,0.135986328125,-0.29833984375,1.17138671875
25.589999900000002,0.086669921875,-0.29736328125,1.019775390625
25.609999900000002,-0.084716796875,0.143310546875,0.692626953125
25.6299999,0.05322265625,-0.38134765625,1.044189453125
25.6499999,-0.0361328125,-0.244873046875,1.169921875
25.6699999,0.21484375,-0.20703125,1.23193359375
25.6899999,0.170166015625,-0.109130859375,1.202880859375
25.7099999,0.16748046875,-0.709228515625,-0.227294921875
25.7299999,-0.00341796875,0.2314453125,0.619873046875
25.749999900000002,-0.894775390625,0.046630859375,-0.796875
25.769999900000002,1.022216796875,-0.41015625,0.926025390625
25.7899999,-1.04296875,0.471923828125,1.325439453125
25.8099999,0.3818359375,-0.87060546875,0.697265625
25.8299999,-0.051025390625,0.44970703125,1.20751953125
25.8499999,0.0537109375,-0.221923828125,1.223388671875
25.8699999,-0.024169921875,-0.05419921875,1.26123046875
25.8899999,-0.06103515625,0.117431640625,1.207275390625
25.909999900000003,0.0458984375,-0.40966796875,1.25390625
25.929999900000002,0.10009765625,-0.278076171875,1.088134765625
25.9499999,0.26708984375,0.104248046875,0.32373046875
25.9699999,-0.0732421875,-0.4775390625,0.811767578125
25.9899999,-0.4638671875,2.03955078125,-1.312255859375
26.0099999,0.24267578125,-1.18115234375,1.784912109375
26.0299999,-1.296875,-1.55322265625,1.976318359375
26.0499999,0.181884765625,-0.858642578125,0.42529296875
26.069999900000003,0.666015625,-0.721435546875,1.109375
26.089999900000002,-0.06201171875,-0.04541015625,0.70263671875
26.109999900000002,-0.05322265625,-0.15478515625,0.789794921875
26.1299999,0.0322265625,-0.223388671875,1.04638671875
26.1499999,-0.087158203125,-0.154052734375,0.92578125
26.1699999,-0.20849609375,-0.24560546875,0.623779296875
26.1899999,0.010009765625,0.32470703125,0.878173828125
26.2099999,0.335693359375,1.477783203125,1.09912109375
26.2299999,-0.097412109375,1.41650390625,1.49072265625
26.249999900000002,-1.020751953125,1.154296875,3.051025390625
26.269999900000002,-0.85302734375,0.927734375,-1.263427734375
26.2899999,0.718994140625,-0.551513671875,-0.032470703125
26.3099999,0.735107421875,-1.00048828125,0.37060546875
26.3299999,0.017578125,-0.083740234375,0.5595703125
26.3499999,-0.058349609375,0.076904296875,0.874755859375
26.3699999,0.0859375,-0.14404296875,1.084716796875
26.3899999,0.09619140625,-0.168212890625,1.03271484375
26.409999900000003,0.089599609375,-0.206298828125,0.863037109375
26.429999900000002,-0.046142578125,-0.068603515625,1.07373046875
26.4499999,-0.63525390625,0.41259765625,1.02783203125
26.4699999,-0.463623046875,0.578369140625,-0.8994140625
26.4899999,1.58837890625,-0.209716796875,0.1640625
26.5099999,-0.73974609375,-2.079833984375,-0.520751953125
26.5299999,-0.845703125,0.92041015625,2.63330078125
26.5499999,0.0498046875,-0.46875,2.38525390625
26.569999900000003,-0.4267578125,0.530029296875,1.86572265625
26.589999900000002,0.00732421875,-0.130126953125,0.965576171875
26.609999900000002,-0.1318359375,0.16015625,1.1552734375
26.6299999,0.10595703125,-0.150390625,1.078857421875
26.6499999,0.14453125,-0.296142578125,1.111328125
26.6699999,-0.014892578125,-0.234619140625,0.863037109375
26.6899999,0.0048828125,-0.702392578125,0.9140625
26.7099999,0.111572265625,0.01220703125,0.846435546875
26.7299999,4.622802734375,-2.466064453125,1.58544921875
26.749999900000002,-1.635009765625,2.60595703125,1.3203125
26.769999900000002,1.2880859375,-0.572265625,0.444580078125
26.7899999,0.528076171875,-1.74169921875,-1.416748046875
26.8099999,-1.165771484375,0.220947265625,-0.641357421875
26.8299999,-0.52099609375,-0.251708984375,1.432373046875
26.8499999,-0.36572265625,-0.55078125,1.467529296875
26.8699999,-0.184326171875,-0.234375,0.9853515625
26.8899999,-0.23974609375,-0.166015625,0.887451171875
26.909999900000003,-0.107177734375,-0.0537109375,0.916015625
26.929999900000002,0.172607421875,-0.97802734375,1.130126953125
26.9499999,0.41796875,-0.279541015625,1.302734375
26.9699999,-0.173583984375,-0.73876953125,1.83935546875
26.9899999,-0.173583984375,-0.73876953125,1.83935546875
27.0099999,-0.22119140625,-0.22900390625,2.35302734375
27.0299999,-0.22119140625,-0.22900390625,2.35302734375
27.0499999,-0.295654296875,0.26220703125,0.980712890625
27.069999900000003,-0.295654296875,0.26220703125,0.980712890625
27.089999900000002,0.006103515625,-0.29296875,1.0712890625
27.109999900000002,0.063720703125,-0.173583984375,0.936279296875
27.1299999,0.13037109375,-0.295654296875,0.94091796875
27.1499999,0.0703125,-0.137939453125,1.000732421875
27.1699999,-0.048828125,-0.100830078125,0.92529296875
27.1899999,-0.007568359375,-0.08544921875,0.942138671875
27.2099999,-0.037353515625,-0.15283203125,0.94140625
27.2299999,-0.50439453125,0.236328125,0.726806640625
27.249999900000002,0.32177734375,0.08544921875,0.1396484375
27.269999900000002,0.159912109375,-2.193603515625,1.966064453125
27.2899999,0.196044921875,0.00830078125,1.812744140625
27.3099999,-3.1767578125,2.97412109375,1.291015625
27.3299999,0.33251953125,1.290771484375,-1.013916015625
27.3499999,0.652587890625,-0.134765625,0.282470703125
27.3699999,-0.34619140625,0.1025390625,-0.966064453125
27.3899999,-0.568115234375,0.268310546875,1.183837890625
27.409999900000003,0.2314453125,-0.3623046875,1.1640625
27.429999900000002,-0.103515625,0.316650390625,0.483154296875
27.4499999,-0.154541015625,-0.03564453125,1.673095703125
27.4699999,-0.8134765625,1.359130859375,2.380859375
27.4899999,0.1640625,0.364501953125,0.23583984375
27.5099999,0.358154296875,0.040771484375,0.857421875
27.5299999,0.55224609375,-1.195068359375,1.10888671875
27.5499999,0.302734375,-0.344970703125,1.07080078125
27.569999900000003,-1.041259765625,1.578857421875,2.654052734375
27.589999900000002,0.100830078125,-0.05908203125,0.371826171875
27.609999900000002,0.086669921875,-0.316650390625,1.357177734375
27.6299999,0.09814453125,0.049560546875,-0.079345703125
27.6499999,0.119140625,-0.043212890625,1.02978515625
27.6699999,1.29833984375,-0.242431640625,2.1552734375
27.6899999,-0.7109375,0.737060546875,1.053955078125
27.7099999,0.144775390625,-1.083251953125,1.568359375
27.7299999,-0.87939453125,0.857421875,-0.068115234375
27.749999900000002,0.33544921875,-0.3876953125,0.122802734375
27.769999900000002,0.36962890625,-2.70703125,0.98681640625
27.7899999,0.595947265625,-0.292724609375,1.761474609375
27.8099999,-2.006591796875,1.832763671875,3.1279296875
27.8299999,0.303466796875,0.97802734375,-0.1083984375
27.8499999,0.349609375,-0.235107421875,1.45703125
27.8699999,-0.096435546875,-0.262939453125,2.27099609375
27.8899999,0.2265625,-0.140625,1.671875
27.909999900000003,-2.271484375,2.051025390625,3.720703125
27.929999900000002,0.1884765625,0.63720703125,-0.139892578125
27.9499999,0.55712890625,-0.1552734375,-0.029541015625
27.9699999,-0.584228515625,0.794189453125,-1.322509765625
27.9899999,-0.87841796875,0.474609375,1.115478515625
28.0099999,0.41650390625,-0.615234375,1.26611328125
28.0299999,-0.2724609375,0.089599609375,1.641845703125
28.0499999,0.127197265625,-0.397216796875,2.558837890625
28.069999900000003,-0.03271484375,-0.902587890625,2.587646484375
28.089999900000002,-0.10498046875,-1.24853515625,0.820068359375
28.109999900000002,-0.076416015625,-0.045654296875,2.00341796875
28.1299999,-0.09814453125,-1.09326171875,2.65234375
28.1499999,-0.362548828125,-0.040283203125,2.034423828125
28.1699999,0.359375,0.139404296875,1.6689453125
28.1899999,0.281982421875,-0.6259765625,1.645263671875
28.2099999,3.948974609375,-3.037109375,2.323486328125
28.2299999,-0.438720703125,0.837158203125,-1.840576171875
28.249999900000002,0.046630859375,0.47802734375,0.689697265625
28.269999900000002,0.378662109375,-0.94287109375,2.4892578125
28.2899999,1.5048828125,-2.50634765625,0.34375
28.3099999,-0.41650390625,-0.217529296875,0.3505859375
28.3299999,0.53955078125,-0.4658203125,1.5732421875
28.3499999,0.2041015625,-0.351806640625,1.859375
28.3699999,-0.564697265625,0.443603515625,0.763671875
28.3899999,0.04443359375,0.36328125,0.39990234375
28.409999900000003,-0.405029296875,-0.000732421875,0.9140625
28.429999900000002,0.229736328125,-0.089599609375,1.64404296875
28.4499999,-0.884765625,1.040283203125,1.780029296875
28.4699999,-0.544677734375,0.30224609375,0.758056640625
28.4899999,-0.064208984375,0.339111328125,0.890869140625
28.5099999,-0.046630859375,-0.82177734375,1.71435546875
28.5299999,0.425048828125,-1.305908203125,2.09130859375
28.5499999,-0.6953125,0.405517578125,1.191650390625
28.569999900000003,0.112548828125,-0.81591796875,2.084716796875
28.589999900000002,3.359375,-3.94580078125,1.064208984375
28.609999900000002,-0.470947265625,0.797119140625,-1.594482421875
28.6299999,0.118896484375,0.337890625,0.517578125
28.6499999,0.21484375,-0.856689453125,2.239501953125
28.6699999,-0.5029296875,1.45361328125,-0.14599609375
28.6899999,0.127197265625,0.9423828125,-0.35498046875
28.7099999,0.06201171875,0.079345703125,0.7265625
28.7299999,0.4033203125,-0.790771484375,2.443603515625
28.749999900000002,-0.98046875,0.22119140625,0.175048828125
28.769999900000002,0.255615234375,-1.77587890625,-0.4501953125
28.7899999,-0.60205078125,0.661865234375,1.178955078125
28.8099999,0.811279296875,-0.020263671875,0.82470703125
28.8299999,0.27978515625,-0.251220703125,1.485107421875
28.8499999,2.71044921875,-3.446533203125,0.4970703125
28.8699999,0.09130859375,-1.44482421875,0.30859375
28.8899999,-0.45947265625,0.332763671875,1.122802734375
28.909999900000003,0.687744140625,-0.009765625,0.718017578125
28.929999900000002,0.352783203125,-0.1669921875,1.311279296875
28.9499999,1.86328125,-0.63134765625,2.019287109375
28.9699999,-0.427001953125,0.867919921875,-0.056396484375
28.9899999,0.04296875,-0.22509765625,1.61474609375
29.0099999,0.177001953125,-0.256103515625,1.29736328125
29.0299999,-1.559814453125,1.495849609375,2.36328125
29.0499999,0.036376953125,-0.948486328125,0.520751953125
29.069999900000003,0.32373046875,-0.236328125,1.321533203125
29.089999900000002,0.012939453125,-0.373046875,1.175048828125
29.109999900000002,0.229248046875,-0.814453125,0.513916015625
29.1299999,-0.064453125,0.422607421875,0.166015625
29.1499999,0.420654296875,-0.30810546875,0.723388671875
29.1699999,0.208984375,-0.15771484375,0.941162109375
29.1899999,-0.020263671875,0.257568359375,0.65576171875
29.2099999,0.165771484375,-0.460693359375,1.6494140625
29.2299999,-0.174072265625,-0.600341796875,1.865234375
29.249999900000002,-0.200439453125,0.1494140625,1.81787109375
29.269999900000002,0.458251953125,-0.033935546875,1.734130859375
29.2899999,0.219482421875,-0.5732421875,1.912109375
29.3099999,0.406982421875,-1.476318359375,2.809814453125
29.3299999,0.330078125,0.108642578125,1.201171875
29.3499999,0.277099609375,-0.541259765625,1.745361328125
29.3699999,-0.48681640625,0.022216796875,-0.22314453125
29.3899999,-0.41845703125,0.11181640625,1.6845703125
29.409999900000003,0.625732421875,0.0576171875,0.60498046875
29.429999900000002,-2.861572265625,2.2080078125,2.134765625
29.4499999,0.13330078125,-1.6484375,-0.323974609375
29.4699999,0.71923828125,-0.194580078125,1.52734375
29.4899999,0.08154296875,-0.4482421875,2.19677734375
29.5099999,-2.769775390625,2.388671875,2.584716796875
29.5299999,-2.769775390625,2.388671875,2.584716796875
29.5499999,-0.67724609375,0.276611328125,1.068603515625
29.569999900000003,-0.67724609375,0.276611328125,1.068603515625
29.589999900000002,0.014892578125,-0.63916015625,0.779541015625
29.609999900000002,-0.114501953125,0.011962890625,1.4052734375
29.6299999,-0.114501953125,0.011962890625,1.4052734375
29.6499999,0.229736328125,-0.255615234375,1.266357421875
29.6699999,0.229736328125,-0.255615234375,1.266357421875
29.6899999,-0.33349609375,-0.018310546875,0.5224609375
29.7099999,-0.33349609375,-0.018310546875,0.5224609375
29.7299999,0.162841796875,-0.234619140625,0.879150390625
29.749999900000002,0.162841796875,-0.234619140625,0.879150390625
29.769999900000002,0.071533203125,-0.21142578125,1.193603515625
29.7899999,-0.029052734375,0.09423828125,1.032958984375
29.8099999,0.004638671875,-0.149169921875,0.889892578125
29.8299999,-0.0859375,-0.037109375,0.77587890625
29.8499999,-0.14599609375,-0.081298828125,0.95458984375
29.8699999,0.046630859375,-0.142333984375,0.924560546875
29.8899999,-0.021484375,-0.009765625,1.063232421875
29.909999900000003,0.18798828125,-0.248046875,0.91357421875
29.929999900000002,0.051025390625,-0.077880859375,0.945556640625
29.9499999,0.07470703125,-0.13623046875,0.830810546875
29.9699999,0.079833984375,-0.2734375,1.032958984375
29.9899999,0,-0.2080078125,1.005615234375
30.0099999,-0.066650390625,-0.233154296875,1.0830078125
30.0299999,0.0068359375,-0.25390625,1.11376953125
30.0499999,-0.056396484375,-0.234619140625,1.097412109375
30.069999900000003,-0.019775390625,-0.31298828125,1.069580078125
30.089999900000002,-0.026123046875,-0.34326171875,1.114990234375
30.109999900000002,0.006103515625,-0.193115234375,0.887451171875
30.1299999,-0.0234375,-0.1162109375,0.82421875
30.1499999,0.092529296875,-0.217529296875,0.654052734375
30.1699999,0.074462890625,-0.2890625,0.7333984375
30.1899999,-0.026611328125,0.125732421875,1.185791015625
30.2099999,-0.03271484375,-0.36962890625,1.171630859375
30.2299999,0.047607421875,0.0283203125,1.1015625
30.249999900000002,0.00634765625,-0.083740234375,0.81689453125
30.269999900000002,0.19580078125,-0.253662109375,0.8916015625
30.2899999,0.03125,-0.13134765625,1.12841796875
30.3099999,0.040283203125,-0.03662109375,0.9970703125
30.3299999,0.170654296875,-0.361572265625,0.75
30.3499999,0.007080078125,-0.091064453125,1.17626953125
30.3699999,0.118896484375,-0.06982421875,1.055419921875
30.3899999,0.080078125,-0.349853515625,0.861083984375
30.409999900000003,0.084228515625,-0.1572265625,1.07275390625
30.429999900000002,-0.078369140625,-0.140625,0.987548828125
30.4499999,0.039306640625,-0.018798828125,1.04736328125
30.4699999,-0.089599609375,-0.093994140625,1.05126953125
30.4899999,0.1240234375,-0.42041015625,0.9189453125
30.5099999,0.09326171875,-0.263916015625,0.9736328125
30.5299999,0.119140625,-0.341796875,0.85205078125
30.5499999,-0.026123046875,-0.169921875,1.0224609375
30.569999900000003,-0.04345703125,0.0048828125,0.871826171875
30.589999900000002,0.10205078125,-0.23388671875,1.038818359375
30.609999900000002,-0.0478515625,-0.242919921875,0.848876953125
30.6299999,0.024169921875,-0.1611328125,0.983642578125
30.6499999,0.013916015625,-0.1064453125,0.97265625
30.6699999,0.06982421875,-0.38134765625,1.0712890625
30.6899999,0.06591796875,-0.072509765625,0.871337890625
30.7099999,0.050537109375,-0.180908203125,1.015625
30.7299999,0.00537109375,-0.1279296875,1.021728515625
30.749999900000002,-0.001708984375,-0.16552734375,0.961181640625
30.769999900000002,0.063720703125,-0.057861328125,1.084716796875
30.7899999,0.069091796875,-0.146728515625,1.001953125
30.8099999,0.053466796875,-0.24560546875,1.09375
30.8299999,0.073974609375,-0.115966796875,0.882080078125
30.8499999,0.004638671875,-0.16943359375,1.033447265625
30.8699999,0.00390625,-0.04638671875,1.1611328125
30.8899999,-0.05517578125,-0.1494140625,0.939453125
30.909999900000003,0.050048828125,-0.163330078125,0.970947265625
30.929999900000002,-0.04248046875,-0.177978515625,0.960693359375
30.9499999,0.04345703125,-0.12109375,0.931640625
30.9699999,-0.007568359375,-0.219970703125,1.0009765625
30.9899999,0.032470703125,-0.196044921875,0.8935546875
31.0099999,-0.00146484375,-0.102783203125,0.955078125
31.0299999,0.026611328125,-0.190185546875,1.02880859375
31.0499999,0.080078125,-0.20556640625,0.888671875
31.069999900000003,-0.0068359375,-0.06640625,0.95703125
31.089999900000002,0.0654296875,-0.1904296875,1.094482421875
31.109999900000002,0.08349609375,-0.284423828125,0.955810546875
31.1299999,0.00244140625,-0.169921875,0.998779296875
31.1499999,0.0576171875,-0.2275390625,1.089111328125
31.1699999,0.00341796875,-0.263671875,0.953125
31.1899999,0.02197265625,-0.126953125,0.96435546875
31.2099999,-0.021728515625,-0.23486328125,0.97998046875
31.229999900000003,-0.06005859375,-0.22021484375,0.883544921875
31.249999900000002,0.02685546875,-0.104248046875,0.90966796875
31.269999900000002,-0.07080078125,-0.184326171875,1.007568359375
31.2899999,-0.05615234375,-0.00048828125,1.0947265625
31.3099999,0.020751953125,-0.18310546875,0.865478515625
31.3299999,-0.0205078125,-0.16796875,1.067138671875
31.3499999,0.056884765625,-0.177490234375,1.100830078125
31.3699999,0.041259765625,-0.1298828125,0.876953125
31.3899999,0.062255859375,-0.114501953125,0.948974609375
31.409999900000003,0.149658203125,-0.2490234375,0.900146484375
31.429999900000002,0.0380859375,-0.15625,1.01611328125
31.4499999,0.092041015625,-0.283203125,0.933349609375
31.4699999,-0.01513671875,-0.112060546875,1.049560546875
31.4899999,0.0439453125,-0.190673828125,1.01220703125
31.5099999,-0.115478515625,0.014404296875,1.11865234375
31.5299999,0.02197265625,-0.304931640625,0.845703125
31.5499999,0.0283203125,-0.06591796875,0.978271484375
31.569999900000003,0.003173828125,-0.14306640625,1.056640625
31.589999900000002,0.047119140625,-0.053955078125,1.0166015625
31.609999900000002,0.058837890625,-0.197265625,1.022216796875
31.6299999,0.019287109375,-0.20263671875,0.9833984375
31.6499999,-0.017822265625,-0.218505859375,0.998046875
31.6699999,-0.128662109375,-0.04833984375,0.938720703125
31.6899999,0.09619140625,-0.237548828125,0.838134765625
31.7099999,-0.081787109375,-0.099365234375,1.046142578125
31.729999900000003,0.0615234375,-0.2783203125,1.0927734375
31.749999900000002,0.025634765625,-0.030517578125,1.03271484375
31.769999900000002,0.061767578125,-0.20703125,0.91259765625
31.7899999,0.00927734375,-0.08056640625,0.93505859375
31.8099999,-0.054443359375,-0.191162109375,0.985595703125
31.8299999,-0.018798828125,-0.042236328125,1.120361328125
31.8499999,0.059326171875,-0.131591796875,0.92578125
31.8699999,-0.02880859375,-0.11669921875,0.988037109375
31.8899999,0.119873046875,-0.227294921875,0.9072265625
31.909999900000003,0.0322265625,-0.224609375,1.007080078125
31.929999900000002,0.021484375,-0.183349609375,0.933837890625
31.9499999,-0.008544921875,-0.140380859375,0.865966796875
31.9699999,-0.060302734375,-0.181640625,1.0673828125
31.9899999,0.12548828125,-0.29833984375,0.98779296875
32.0099999,-0.0126953125,-0.1201171875,0.981689453125
32.0299999,0.137939453125,-0.274169921875,0.848876953125
32.049999899999996,-0.088134765625,-0.046875,0.98095703125
32.0699999,0.003662109375,-0.137939453125,1.027587890625
32.089999899999995,0.0322265625,-0.16796875,1.130615234375
32.1099999,0.023193359375,-0.111083984375,0.96240234375
32.129999899999994,0.057861328125,-0.168701171875,0.903564453125
32.1499999,-0.029296875,-0.00830078125,0.967041015625
32.1699999,0.0126953125,-0.27197265625,1.037841796875
32.1899999,0.0126953125,-0.27197265625,1.037841796875
32.2099999,0.044921875,-0.200439453125,0.875244140625
32.229999899999996,0.044921875,-0.200439453125,0.875244140625
32.2499999,0.079345703125,-0.12841796875,0.8935546875
32.269999899999995,0.079345703125,-0.12841796875,0.8935546875
32.2899999,0.06201171875,-0.27490234375,1.08056640625
32.309999899999994,-0.04931640625,-0.046875,1.161376953125
32.3299999,-0.019775390625,-0.233154296875,0.85595703125
32.3499999,0.032958984375,-0.0859375,0.990478515625
32.369999899999996,0.129638671875,-0.240966796875,0.886474609375
32.3899999,0.074951171875,-0.19970703125,1.05859375
32.409999899999995,0.003662109375,-0.079345703125,1.056396484375
32.4299999,-0.072509765625,-0.207763671875,0.89208984375
32.449999899999995,0.026611328125,-0.092041015625,1.01806640625
32.4699999,0.101318359375,-0.240234375,0.917236328125
32.4899999,0.05517578125,-0.173828125,1.029541015625
32.5099999,0.056396484375,-0.16748046875,0.97119140625
32.5299999,-0.08935546875,-0.177734375,0.956787109375
32.549999899999996,0.0361328125,-0.10302734375,1.017578125
32.5699999,0.060791015625,-0.187255859375,0.973388671875
32.589999899999995,0.03076171875,-0.179443359375,0.98388671875
