Time (seconds), Duration (seconds),pred_unlabelled,pred_circle,pred_shaking
0.01000,0.98000,0.82472,0.12926,0.04602
0.21000,0.98000,0.22607,0.72659,0.04734
0.41000,0.98000,0.18675,0.78515,0.02810
0.61000,0.98000,0.07872,0.91665,0.00464
0.81000,0.98000,0.08143,0.91343,0.00514
1.01000,0.98000,0.07577,0.91756,0.00667
1.21000,0.98000,0.08017,0.90969,0.01014
1.41000,0.98000,0.13824,0.80296,0.05880
1.61000,0.98000,0.16331,0.79681,0.03988
1.81000,0.98000,0.18471,0.78252,0.03277
2.01000,0.98000,0.22019,0.72585,0.05396
2.21000,0.98000,0.15657,0.81952,0.02391
2.41000,0.98000,0.16602,0.76376,0.07023
2.61000,0.98000,0.09074,0.90052,0.00874
2.81000,0.98000,0.12005,0.86018,0.01977
3.01000,0.98000,0.11905,0.87071,0.01024
3.21000,0.98000,0.14262,0.83440,0.02297
3.41000,0.98000,0.18463,0.71987,0.09550
3.61000,0.98000,0.20039,0.74030,0.05931
3.81000,0.98000,0.18530,0.77214,0.04256
4.01000,0.98000,0.18143,0.79909,0.01949
4.21000,0.98000,0.18969,0.72875,0.08156
4.41000,0.98000,0.19451,0.64946,0.15603
4.61000,0.98000,0.19231,0.75362,0.05406
4.81000,0.98000,0.14962,0.82836,0.02201
5.01000,0.98000,0.16545,0.79828,0.03627
5.21000,0.98000,0.11958,0.85583,0.02459
5.41000,0.98000,0.18329,0.76346,0.05325
5.61000,0.98000,0.19528,0.76485,0.03988
5.81000,0.98000,0.17798,0.81151,0.01050
6.01000,0.98000,0.13342,0.85932,0.00726
6.21000,0.98000,0.14139,0.82637,0.03224
6.41000,0.98000,0.15577,0.83097,0.01327
6.61000,0.98000,0.09616,0.89375,0.01009
6.81000,0.98000,0.11474,0.87208,0.01317
7.01000,0.98000,0.10230,0.88446,0.01324
7.21000,0.98000,0.16339,0.81757,0.01904
7.41000,0.98000,0.19911,0.73253,0.06836
7.61000,0.98000,0.12343,0.86304,0.01354
7.81000,0.98000,0.16059,0.80126,0.03815
8.01000,0.98000,0.17371,0.77307,0.05322
8.21000,0.98000,0.18788,0.76390,0.04822
8.41000,0.98000,0.16896,0.79671,0.03433
8.61000,0.98000,0.13602,0.82952,0.03446
8.81000,0.98000,0.15074,0.81588,0.03338
9.01000,0.98000,0.20477,0.71986,0.07538
9.21000,0.98000,0.20204,0.64421,0.15375
9.41000,0.98000,0.13605,0.77479,0.08916
9.61000,0.98000,0.27451,0.66554,0.05995
9.81000,0.98000,0.15713,0.77641,0.06645
10.01000,0.98000,0.11876,0.84418,0.03706
10.21000,0.98000,0.10948,0.86590,0.02461
10.41000,0.98000,0.04745,0.94674,0.00580
10.61000,0.98000,0.08863,0.88619,0.02519
10.81000,0.98000,0.10149,0.87080,0.02771
11.01000,0.98000,0.18170,0.77258,0.04573
11.21000,0.98000,0.17898,0.77831,0.04271
11.41000,0.98000,0.16938,0.78815,0.04248
11.61000,0.98000,0.13270,0.84908,0.01822
11.81000,0.98000,0.13567,0.83759,0.02674
12.01000,0.98000,0.07777,0.91317,0.00906
12.21000,0.98000,0.07376,0.91507,0.01117
12.41000,0.98000,0.10333,0.86775,0.02892
12.61000,0.98000,0.07925,0.89155,0.02920
12.81000,0.98000,0.15548,0.79579,0.04874
13.01000,0.98000,0.15497,0.80864,0.03640
13.21000,0.98000,0.13928,0.84526,0.01546
13.41000,0.98000,0.14734,0.84551,0.00715
13.61000,0.98000,0.09248,0.89943,0.00809
13.81000,0.98000,0.09067,0.90105,0.00828
14.01000,0.98000,0.12528,0.85254,0.02218
14.21000,0.98000,0.08222,0.90460,0.01318
14.41000,0.98000,0.15545,0.80088,0.04367
14.61000,0.98000,0.14620,0.83683,0.01697
14.81000,0.98000,0.11660,0.86586,0.01754
15.01000,0.98000,0.11988,0.86682,0.01331
15.21000,0.98000,0.10291,0.88887,0.00822
15.41000,0.98000,0.05004,0.94455,0.00541
15.61000,0.98000,0.05026,0.94457,0.00517
15.81000,0.98000,0.07424,0.90582,0.01994
16.01000,0.98000,0.09381,0.83412,0.07206
16.21000,0.98000,0.11373,0.08562,0.80064
16.41000,0.98000,0.17229,0.22176,0.60595
16.61000,0.98000,0.18088,0.64373,0.17539
16.81000,0.98000,0.16260,0.81116,0.02624
17.01000,0.98000,0.12342,0.86745,0.00914
17.21000,0.98000,0.12289,0.86971,0.00740
17.41000,0.98000,0.13545,0.84764,0.01691
17.61000,0.98000,0.19823,0.77967,0.02210
17.81000,0.98000,0.19777,0.75303,0.04920
18.01000,0.98000,0.19465,0.76817,0.03718
18.21000,0.98000,0.17627,0.81359,0.01014
18.41000,0.98000,0.13087,0.86379,0.00535
18.61000,0.98000,0.16264,0.81604,0.02132
18.81000,0.98000,0.17110,0.81053,0.01838
19.01000,0.98000,0.16040,0.76428,0.07532
19.21000,0.98000,0.21240,0.69408,0.09353
19.41000,0.98000,0.15492,0.76100,0.08407
19.61000,0.98000,0.12618,0.83281,0.04101
19.81000,0.98000,0.14408,0.84700,0.00892
20.01000,0.98000,0.08926,0.90372,0.00703
20.21000,0.98000,0.11278,0.87910,0.00812
20.41000,0.98000,0.08173,0.91052,0.00775
20.61000,0.98000,0.07172,0.91851,0.00977
20.81000,0.98000,0.08356,0.90335,0.01310
21.01000,0.98000,0.12019,0.86741,0.01241
21.21000,0.98000,0.14047,0.84984,0.00968
21.41000,0.98000,0.15893,0.83136,0.00971
21.61000,0.98000,0.16286,0.82727,0.00987
21.81000,0.98000,0.18463,0.80493,0.01044
22.01000,0.98000,0.12942,0.85923,0.01136
22.21000,0.98000,0.14017,0.84967,0.01016
22.41000,0.98000,0.11094,0.88276,0.00631
22.61000,0.98000,0.15610,0.82722,0.01669
22.81000,0.98000,0.13959,0.84771,0.01270
23.01000,0.98000,0.12441,0.86286,0.01273
23.21000,0.98000,0.13274,0.86206,0.00519
23.41000,0.98000,0.11713,0.87871,0.00416
23.61000,0.98000,0.08706,0.90380,0.00914
23.81000,0.98000,0.11930,0.86091,0.01980
24.01000,0.98000,0.10175,0.86909,0.02915
24.21000,0.98000,0.17109,0.73875,0.09016
24.41000,0.98000,0.16363,0.81564,0.02073
24.61000,0.98000,0.11869,0.87439,0.00693
24.81000,0.98000,0.09028,0.90473,0.00499
25.01000,0.98000,0.11334,0.86180,0.02486
25.21000,0.98000,0.16964,0.75609,0.07427
25.41000,0.98000,0.14518,0.62770,0.22713
25.61000,0.98000,0.17812,0.34199,0.47989
25.81000,0.98000,0.05968,0.44954,0.49078
26.01000,0.98000,0.08081,0.72090,0.19829
26.21000,0.98000,0.11219,0.84899,0.03882
26.41000,0.98000,0.20845,0.76022,0.03133
26.61000,0.98000,0.15032,0.54922,0.30046
26.81000,0.98000,0.13236,0.83454,0.03310
27.01000,0.98000,0.13835,0.81805,0.04359
27.21000,0.98000,0.14665,0.82725,0.02611
27.41000,0.98000,0.15489,0.83268,0.01243
27.61000,0.98000,0.43334,0.43941,0.12725
27.81000,0.98000,0.73825,0.11603,0.14572
28.01000,0.98000,0.77946,0.00917,0.21137
28.21000,0.98000,0.60297,0.24606,0.15097
28.41000,0.98000,0.30110,0.35021,0.34869
28.61000,0.98000,0.13671,0.84887,0.01442
28.81000,0.98000,0.12602,0.86873,0.00525
29.01000,0.98000,0.10605,0.87777,0.01618
29.21000,0.98000,0.10690,0.88281,0.01029
29.41000,0.98000,0.16263,0.81871,0.01867
29.61000,0.98000,0.17085,0.70347,0.12567
29.81000,0.98000,0.12285,0.75776,0.11938
30.01000,0.98000,0.19881,0.61152,0.18967
30.21000,0.98000,0.18267,0.75038,0.06695
30.41000,0.98000,0.15165,0.83773,0.01061
30.61000,0.98000,0.13980,0.85517,0.00503
30.81000,0.98000,0.17855,0.81420,0.00724
31.01000,0.98000,0.07664,0.91811,0.00525
31.21000,0.98000,0.15677,0.83443,0.00880
31.41000,0.98000,0.20610,0.77538,0.01852
31.61000,0.98000,0.14029,0.69808,0.16163
31.81000,0.98000,0.14751,0.71077,0.14172
32.01000,0.98000,0.24350,0.61064,0.14586
32.21000,0.98000,0.15867,0.69252,0.14881
32.41000,0.98000,0.11128,0.84792,0.04080
32.61000,0.98000,0.09664,0.87854,0.02482
32.81000,0.98000,0.11322,0.87324,0.01355
33.01000,0.98000,0.12207,0.86569,0.01224
33.21000,0.98000,0.11529,0.80566,0.07905
33.41000,0.98000,0.11160,0.29057,0.59783
33.61000,0.98000,0.11337,0.47777,0.40886
33.81000,0.98000,0.22467,0.41115,0.36418
34.01000,0.98000,0.17319,0.69950,0.12731
34.21000,0.98000,0.12553,0.84465,0.02981
34.41000,0.98000,0.11621,0.85082,0.03297
34.61000,0.98000,0.09064,0.89893,0.01043
34.81000,0.98000,0.10943,0.86940,0.02117
35.01000,0.98000,0.11010,0.87055,0.01935
35.21000,0.98000,0.11262,0.83666,0.05071
35.41000,0.98000,0.13381,0.60793,0.25825
35.61000,0.98000,0.29674,0.34281,0.36045
35.81000,0.98000,0.24649,0.36632,0.38719
36.01000,0.98000,0.18266,0.63449,0.18285
36.21000,0.98000,0.17741,0.49762,0.32497
36.41000,0.98000,0.37870,0.50288,0.11843
36.61000,0.98000,0.18363,0.14370,0.67267
36.81000,0.98000,0.14052,0.52416,0.33532
37.01000,0.98000,0.17828,0.66186,0.15986
37.21000,0.98000,0.12681,0.40092,0.47227
37.41000,0.98000,0.12843,0.51411,0.35746
37.61000,0.98000,0.11481,0.29105,0.59414
37.81000,0.98000,0.12890,0.27701,0.59409
38.01000,0.98000,0.13984,0.06745,0.79271
38.21000,0.98000,0.15259,0.76368,0.08373
38.41000,0.98000,0.24608,0.53504,0.21889
38.61000,0.98000,0.14891,0.81742,0.03367
38.81000,0.98000,0.15140,0.77165,0.07695
39.01000,0.98000,0.26310,0.54628,0.19063
39.21000,0.98000,0.32501,0.40570,0.26929
39.41000,0.98000,0.13259,0.52573,0.34169
39.61000,0.98000,0.09606,0.06506,0.83888
39.81000,0.98000,0.21210,0.11491,0.67298
40.01000,0.98000,0.30375,0.56140,0.13486
40.21000,0.98000,0.26791,0.49477,0.23733
40.41000,0.98000,0.38776,0.54800,0.06424
40.61000,0.98000,0.16499,0.62016,0.21485
40.81000,0.98000,0.11123,0.06301,0.82576
41.01000,0.98000,0.27427,0.11577,0.60996
41.21000,0.98000,0.42500,0.35030,0.22470
41.41000,0.98000,0.15097,0.48927,0.35976
41.61000,0.98000,0.16369,0.57492,0.26139
41.81000,0.98000,0.24563,0.55613,0.19824
42.01000,0.98000,0.40870,0.14458,0.44672
42.21000,0.98000,0.32567,0.11751,0.55682
42.41000,0.98000,0.46856,0.25391,0.27753
42.61000,0.98000,0.21825,0.42406,0.35769
42.81000,0.98000,0.15833,0.78717,0.05450
43.01000,0.98000,0.14868,0.75326,0.09806
43.21000,0.98000,0.15216,0.83712,0.01071
43.41000,0.98000,0.09258,0.90138,0.00604
43.61000,0.98000,0.11065,0.87695,0.01239
43.81000,0.98000,0.08342,0.90395,0.01263
44.01000,0.98000,0.08206,0.90862,0.00932
44.21000,0.98000,0.10915,0.84746,0.04338
44.41000,0.98000,0.14268,0.81654,0.04077
44.61000,0.98000,0.10278,0.86975,0.02748
44.81000,0.98000,0.15611,0.74703,0.09686
45.01000,0.98000,0.15337,0.78661,0.06002
45.21000,0.98000,0.18188,0.57415,0.24396
45.41000,0.98000,0.16024,0.79688,0.04288
45.61000,0.98000,0.07225,0.92033,0.00742
45.81000,0.98000,0.09970,0.89141,0.00889
46.01000,0.98000,0.11051,0.87332,0.01617
46.21000,0.98000,0.27151,0.57075,0.15774
46.41000,0.98000,0.20640,0.69419,0.09941
46.61000,0.98000,0.17675,0.71144,0.11181
46.81000,0.98000,0.19159,0.69601,0.11240
47.01000,0.98000,0.21066,0.68403,0.10531
47.21000,0.98000,0.18259,0.78745,0.02996
47.41000,0.98000,0.28212,0.60380,0.11408
47.61000,0.98000,0.11054,0.69139,0.19808
47.81000,0.98000,0.06817,0.83684,0.09499
48.01000,0.98000,0.03700,0.78964,0.17335
48.21000,0.98000,0.04550,0.74826,0.20624
48.41000,0.98000,0.05112,0.91308,0.03580
48.61000,0.98000,0.11461,0.83816,0.04723
48.81000,0.98000,0.24741,0.66549,0.08710
49.01000,0.98000,0.14033,0.81520,0.04446
49.21000,0.98000,0.15076,0.76775,0.08149
49.41000,0.98000,0.08834,0.89835,0.01331
49.61000,0.98000,0.08812,0.90065,0.01123
49.81000,0.98000,0.10677,0.87701,0.01622
50.01000,0.98000,0.11784,0.84273,0.03944
50.21000,0.98000,0.18573,0.64803,0.16624
50.41000,0.98000,0.33873,0.57373,0.08754
50.61000,0.98000,0.27292,0.59647,0.13061
50.81000,0.98000,0.32834,0.57012,0.10154
51.01000,0.98000,0.05694,0.93486,0.00821
51.21000,0.98000,0.07572,0.91773,0.00654
51.41000,0.98000,0.06773,0.91512,0.01715
51.61000,0.98000,0.03429,0.96401,0.00169
51.81000,0.98000,0.03845,0.95830,0.00325
52.01000,0.98000,0.05663,0.93577,0.00761
52.21000,0.98000,0.08206,0.90450,0.01344
52.41000,0.98000,0.09202,0.89461,0.01337
52.61000,0.98000,0.11966,0.87139,0.00895
52.81000,0.98000,0.07632,0.91977,0.00391
53.01000,0.98000,0.04257,0.95247,0.00496
53.21000,0.98000,0.05108,0.94606,0.00287
53.41000,0.98000,0.02825,0.97051,0.00124
53.61000,0.98000,0.03289,0.96418,0.00293
53.81000,0.98000,0.03748,0.95902,0.00350
54.01000,0.98000,0.07067,0.92179,0.00755
54.21000,0.98000,0.13257,0.84879,0.01865
54.41000,0.98000,0.19034,0.79655,0.01311
54.61000,0.98000,0.05427,0.94248,0.00325
54.81000,0.98000,0.06238,0.93307,0.00455
55.01000,0.98000,0.06068,0.93458,0.00474
55.21000,0.98000,0.06484,0.92778,0.00738
55.41000,0.98000,0.04888,0.94728,0.00383
55.61000,0.98000,0.07329,0.92069,0.00602
55.81000,0.98000,0.09663,0.89658,0.00679
56.01000,0.98000,0.14618,0.84077,0.01305
56.21000,0.98000,0.10442,0.88119,0.01439
56.41000,0.98000,0.05639,0.93135,0.01226
56.61000,0.98000,0.05609,0.93024,0.01367
56.81000,0.98000,0.05184,0.93895,0.00921
57.01000,0.98000,0.07532,0.91525,0.00944
57.21000,0.98000,0.12784,0.84721,0.02496
57.41000,0.98000,0.09960,0.89677,0.00363
57.61000,0.98000,0.13114,0.85585,0.01301
57.81000,0.98000,0.08801,0.90102,0.01097
58.01000,0.98000,0.06408,0.91012,0.02579
58.21000,0.98000,0.04546,0.93985,0.01469
58.41000,0.98000,0.04218,0.95053,0.00729
58.61000,0.98000,0.06910,0.91487,0.01603
58.81000,0.98000,0.06863,0.92409,0.00727
59.01000,0.98000,0.13486,0.85278,0.01236
59.21000,0.98000,0.18191,0.79372,0.02438
59.41000,0.98000,0.13735,0.78421,0.07843
59.61000,0.98000,0.06507,0.88828,0.04665
59.81000,0.98000,0.05633,0.89847,0.04520
60.01000,0.98000,0.04732,0.94127,0.01141
60.21000,0.98000,0.06579,0.91842,0.01580
60.41000,0.98000,0.07600,0.91491,0.00909
60.61000,0.98000,0.09033,0.90357,0.00610
60.81000,0.98000,0.18139,0.81098,0.00763
61.01000,0.98000,0.16909,0.73015,0.10077
61.21000,0.98000,0.11670,0.67641,0.20689
61.41000,0.98000,0.05047,0.56824,0.38129
61.61000,0.98000,0.03313,0.32894,0.63793
61.81000,0.98000,0.07560,0.27596,0.64844
62.01000,0.98000,0.08313,0.32930,0.58756
62.21000,0.98000,0.16243,0.29650,0.54107
62.41000,0.98000,0.23948,0.66897,0.09155
62.61000,0.98000,0.19709,0.75113,0.05178
62.81000,0.98000,0.33751,0.60129,0.06120
63.01000,0.98000,0.27406,0.64500,0.08094
63.21000,0.98000,0.29751,0.51106,0.19143
63.41000,0.98000,0.30521,0.56377,0.13102
63.61000,0.98000,0.15682,0.66501,0.17818
63.81000,0.98000,0.07167,0.91990,0.00843
64.01000,0.98000,0.11763,0.85932,0.02305
64.21000,0.98000,0.10841,0.88790,0.00368
64.41000,0.98000,0.09368,0.90210,0.00421
64.61000,0.98000,0.08781,0.90427,0.00792
64.81000,0.98000,0.09573,0.89809,0.00618
65.01000,0.98000,0.04187,0.95532,0.00281
65.21000,0.98000,0.04068,0.95635,0.00297
65.41000,0.98000,0.03580,0.96099,0.00322
65.61000,0.98000,0.07282,0.92022,0.00696
65.81000,0.98000,0.12202,0.85924,0.01874
66.01000,0.98000,0.10158,0.89357,0.00485
66.21000,0.98000,0.10832,0.88252,0.00916
66.41000,0.98000,0.14930,0.83446,0.01625
66.61000,0.98000,0.18088,0.74404,0.07508
66.81000,0.98000,0.28904,0.39380,0.31716
67.01000,0.98000,0.19505,0.20273,0.60222
67.21000,0.98000,0.22372,0.25323,0.52305
67.41000,0.98000,0.10978,0.45450,0.43572
67.61000,0.98000,0.14877,0.76092,0.09032
67.81000,0.98000,0.10173,0.86094,0.03733
68.01000,0.98000,0.20614,0.67025,0.12361
68.21000,0.98000,0.13640,0.78057,0.08303
68.41000,0.98000,0.14980,0.66098,0.18921
68.61000,0.98000,0.08945,0.72333,0.18722
68.81000,0.98000,0.10411,0.67594,0.21995
69.01000,0.98000,0.01572,0.06214,0.92214
69.21000,0.98000,0.04919,0.05130,0.89951
69.41000,0.98000,0.18544,0.64743,0.16713
69.61000,0.98000,0.14836,0.61565,0.23599
69.81000,0.98000,0.15285,0.77523,0.07192
70.01000,0.98000,0.10733,0.85099,0.04168
70.21000,0.98000,0.18261,0.71279,0.10460
70.41000,0.98000,0.24212,0.69210,0.06578
70.61000,0.98000,0.19583,0.73596,0.06821
70.81000,0.98000,0.19701,0.76163,0.04136
71.01000,0.98000,0.14773,0.81916,0.03311
71.21000,0.98000,0.13382,0.82533,0.04085
71.41000,0.98000,0.09280,0.86567,0.04153
71.61000,0.98000,0.07603,0.89430,0.02968
71.81000,0.98000,0.11672,0.83894,0.04435
72.01000,0.98000,0.19681,0.64478,0.15841
72.21000,0.98000,0.13024,0.84014,0.02962
72.41000,0.98000,0.11749,0.87311,0.00940
72.61000,0.98000,0.11361,0.81744,0.06895
72.81000,0.98000,0.12606,0.85346,0.02047
73.01000,0.98000,0.13361,0.73409,0.13230
73.21000,0.98000,0.20007,0.70910,0.09083
73.41000,0.98000,0.15385,0.74717,0.09898
73.61000,0.98000,0.19716,0.67435,0.12849
73.81000,0.98000,0.18557,0.76851,0.04592
74.01000,0.98000,0.17225,0.71492,0.11283
74.21000,0.98000,0.12021,0.77848,0.10131
74.41000,0.98000,0.09523,0.75227,0.15250
74.61000,0.98000,0.15838,0.54173,0.29989
74.81000,0.98000,0.17543,0.77320,0.05137
75.01000,0.98000,0.19848,0.77032,0.03120
75.21000,0.98000,0.19085,0.76770,0.04145
75.41000,0.98000,0.09092,0.89924,0.00984
75.61000,0.98000,0.08422,0.91160,0.00418
75.81000,0.98000,0.06565,0.92624,0.00812
76.01000,0.98000,0.09011,0.90118,0.00871
76.21000,0.98000,0.15771,0.80949,0.03280
76.41000,0.98000,0.12348,0.85474,0.02178
76.61000,0.98000,0.14635,0.82396,0.02969
76.81000,0.98000,0.11553,0.86549,0.01898
77.01000,0.98000,0.07082,0.92120,0.00798
77.21000,0.98000,0.09969,0.89467,0.00564
77.41000,0.98000,0.09740,0.88289,0.01970
77.61000,0.98000,0.10298,0.88856,0.00846
77.81000,0.98000,0.17258,0.79990,0.02752
78.01000,0.98000,0.10881,0.87616,0.01504
78.21000,0.98000,0.09671,0.89734,0.00595
78.41000,0.98000,0.09188,0.89751,0.01061
78.61000,0.98000,0.15822,0.71705,0.12473
78.81000,0.98000,0.22393,0.45569,0.32039
79.01000,0.98000,0.08645,0.24721,0.66634
79.21000,0.98000,0.05433,0.02867,0.91701
79.41000,0.98000,0.06218,0.10984,0.82798
79.61000,0.98000,0.05933,0.59635,0.34431
79.81000,0.98000,0.05163,0.20044,0.74793
80.01000,0.98000,0.07100,0.67119,0.25780
80.21000,0.98000,0.14494,0.70685,0.14821
80.41000,0.98000,0.16969,0.67863,0.15168
80.61000,0.98000,0.11232,0.87833,0.00935
80.81000,0.98000,0.12769,0.84818,0.02413
81.01000,0.98000,0.11593,0.86421,0.01986
81.21000,0.98000,0.15042,0.57575,0.27383
81.41000,0.98000,0.12277,0.83882,0.03841
81.61000,0.98000,0.15433,0.77057,0.07509
81.81000,0.98000,0.16525,0.75755,0.07720
82.01000,0.98000,0.13744,0.83241,0.03015
82.21000,0.98000,0.12335,0.84345,0.03320
82.41000,0.98000,0.15462,0.74735,0.09803
82.61000,0.98000,0.19392,0.68438,0.12170
82.81000,0.98000,0.15255,0.75468,0.09277
83.01000,0.98000,0.19200,0.73049,0.07751
83.21000,0.98000,0.15903,0.80546,0.03551
83.41000,0.98000,0.20341,0.78318,0.01341
83.61000,0.98000,0.15593,0.83193,0.01214
83.81000,0.98000,0.05453,0.94240,0.00307
84.01000,0.98000,0.05449,0.93988,0.00563
84.21000,0.98000,0.04172,0.95614,0.00214
84.41000,0.98000,0.05324,0.94058,0.00619
84.61000,0.98000,0.05744,0.93548,0.00707
84.81000,0.98000,0.11723,0.85843,0.02434
85.01000,0.98000,0.08957,0.89661,0.01381
85.21000,0.98000,0.10591,0.88784,0.00625
85.41000,0.98000,0.07889,0.91766,0.00345
85.61000,0.98000,0.04140,0.95582,0.00278
85.81000,0.98000,0.07499,0.91686,0.00815
86.01000,0.98000,0.07979,0.91692,0.00329
86.21000,0.98000,0.05698,0.93509,0.00793
86.41000,0.98000,0.32827,0.54682,0.12491
86.61000,0.98000,0.40885,0.52358,0.06758
86.81000,0.98000,0.12848,0.82241,0.04911
87.01000,0.98000,0.12684,0.86974,0.00342
87.21000,0.98000,0.18336,0.81102,0.00562
87.41000,0.98000,0.06988,0.92551,0.00461
87.61000,0.98000,0.08293,0.90576,0.01131
87.81000,0.98000,0.11183,0.88014,0.00804
88.01000,0.98000,0.13051,0.84012,0.02937
88.21000,0.98000,0.11583,0.76661,0.11756
88.41000,0.98000,0.11496,0.38163,0.50340
88.61000,0.98000,0.16660,0.72060,0.11279
88.81000,0.98000,0.12781,0.77752,0.09467
89.01000,0.98000,0.10087,0.89522,0.00391
89.21000,0.98000,0.07444,0.91949,0.00607
89.41000,0.98000,0.05322,0.94299,0.00380
89.61000,0.98000,0.08499,0.90158,0.01343
89.81000,0.98000,0.10871,0.88795,0.00334
90.01000,0.98000,0.07573,0.91012,0.01416
90.21000,0.98000,0.08567,0.90398,0.01035
90.41000,0.98000,0.18294,0.71714,0.09992
90.61000,0.98000,0.19624,0.78552,0.01825
90.81000,0.98000,0.17579,0.80919,0.01502
91.01000,0.98000,0.13030,0.85413,0.01557
91.21000,0.98000,0.24045,0.61303,0.14651
91.41000,0.98000,0.13650,0.73931,0.12420
91.61000,0.98000,0.17634,0.79213,0.03153
91.81000,0.98000,0.07430,0.91925,0.00645
92.01000,0.98000,0.24414,0.65777,0.09809
92.21000,0.98000,0.27129,0.23672,0.49199
92.41000,0.98000,0.16974,0.01175,0.81851
92.61000,0.98000,0.44232,0.05903,0.49864
92.81000,0.98000,0.43325,0.25590,0.31085
93.01000,0.98000,0.24183,0.68275,0.07542
93.21000,0.98000,0.11306,0.85126,0.03568
93.41000,0.98000,0.08396,0.89751,0.01853
93.61000,0.98000,0.06502,0.92022,0.01477
93.81000,0.98000,0.06742,0.92703,0.00555
94.01000,0.98000,0.06016,0.92666,0.01318
94.21000,0.98000,0.18406,0.74467,0.07127
94.41000,0.98000,0.12979,0.79655,0.07366
94.61000,0.98000,0.07530,0.91712,0.00759
94.81000,0.98000,0.11472,0.87984,0.00544
95.01000,0.98000,0.06241,0.93284,0.00475
95.21000,0.98000,0.06857,0.92408,0.00736
95.41000,0.98000,0.10251,0.85256,0.04493
95.61000,0.98000,0.07169,0.92126,0.00705
95.81000,0.98000,0.03839,0.95884,0.00277
96.01000,0.98000,0.04035,0.95159,0.00805
96.21000,0.98000,0.05424,0.93502,0.01074
96.41000,0.98000,0.11662,0.83847,0.04491
96.61000,0.98000,0.18026,0.72808,0.09166
96.81000,0.98000,0.27341,0.56489,0.16170
97.01000,0.98000,0.13480,0.32342,0.54178
97.21000,0.98000,0.02228,0.02094,0.95678
97.41000,0.98000,0.05452,0.38271,0.56277
97.61000,0.98000,0.23375,0.65520,0.11105
97.81000,0.98000,0.13969,0.85402,0.00629
98.01000,0.98000,0.11247,0.88409,0.00344
98.21000,0.98000,0.09202,0.90080,0.00718
98.41000,0.98000,0.27090,0.65896,0.07015
98.61000,0.98000,0.17269,0.35829,0.46902
98.81000,0.98000,0.37464,0.33102,0.29434
99.01000,0.98000,0.14994,0.66478,0.18528
99.21000,0.98000,0.11430,0.85350,0.03220
99.41000,0.98000,0.07528,0.92012,0.00460
99.61000,0.98000,0.08900,0.90678,0.00422
99.81000,0.98000,0.11886,0.87027,0.01087
100.01000,0.98000,0.17633,0.80350,0.02017
100.21000,0.98000,0.10615,0.84046,0.05340
100.41000,0.98000,0.10414,0.82287,0.07300
100.61000,0.98000,0.16133,0.63677,0.20191
100.81000,0.98000,0.11291,0.78935,0.09774
101.01000,0.98000,0.09110,0.87767,0.03122
101.21000,0.98000,0.15226,0.75238,0.09536
101.41000,0.98000,0.16441,0.72868,0.10691
101.61000,0.98000,0.20196,0.75522,0.04282
101.81000,0.98000,0.07027,0.92486,0.00487
102.01000,0.98000,0.09919,0.89072,0.01009
102.21000,0.98000,0.08984,0.90061,0.00955
102.41000,0.98000,0.12384,0.84748,0.02868
102.61000,0.98000,0.10286,0.82914,0.06799
102.81000,0.98000,0.16470,0.75279,0.08251
103.01000,0.98000,0.18849,0.58624,0.22527
103.21000,0.98000,0.14224,0.67190,0.18586
103.41000,0.98000,0.14855,0.76421,0.08724
103.61000,0.98000,0.25103,0.69386,0.05510
103.81000,0.98000,0.17333,0.80568,0.02099
104.01000,0.98000,0.07636,0.91600,0.00764
104.21000,0.98000,0.25218,0.68475,0.06307
104.41000,0.98000,0.64687,0.22103,0.13210
104.61000,0.98000,0.21368,0.73335,0.05298
104.81000,0.98000,0.16070,0.73497,0.10433
105.01000,0.98000,0.19632,0.76350,0.04019
105.21000,0.98000,0.20820,0.76414,0.02766
105.41000,0.98000,0.11946,0.83190,0.04864
105.61000,0.98000,0.12961,0.44477,0.42563
105.81000,0.98000,0.12280,0.68796,0.18924
106.01000,0.98000,0.18562,0.75039,0.06398
106.21000,0.98000,0.18924,0.76928,0.04149
106.41000,0.98000,0.11367,0.85260,0.03373
106.61000,0.98000,0.14110,0.83320,0.02570
106.81000,0.98000,0.22644,0.74292,0.03064
107.01000,0.98000,0.17799,0.71499,0.10702
107.21000,0.98000,0.16532,0.80504,0.02964
107.41000,0.98000,0.21741,0.65270,0.12989
107.61000,0.98000,0.14972,0.77144,0.07884
107.81000,0.98000,0.12001,0.85867,0.02133
108.01000,0.98000,0.15156,0.79720,0.05125
108.21000,0.98000,0.10128,0.88554,0.01319
108.41000,0.98000,0.24367,0.72336,0.03297
108.61000,0.98000,0.15593,0.74877,0.09530
108.81000,0.98000,0.12713,0.73936,0.13351
109.01000,0.98000,0.14645,0.63760,0.21595
109.21000,0.98000,0.15702,0.80045,0.04252
109.41000,0.98000,0.21237,0.72785,0.05978
109.61000,0.98000,0.26612,0.59175,0.14213
109.81000,0.98000,0.25547,0.60520,0.13933
110.01000,0.98000,0.14485,0.23473,0.62043
110.21000,0.98000,0.03901,0.37669,0.58430
110.41000,0.98000,0.02952,0.25186,0.71862
110.61000,0.98000,0.00441,0.11815,0.87744
110.81000,0.98000,0.00356,0.10525,0.89119
111.01000,0.98000,0.00636,0.15135,0.84229
111.21000,0.98000,0.00684,0.09326,0.89990
111.41000,0.98000,0.04108,0.35078,0.60814
111.61000,0.98000,0.06333,0.29395,0.64272
111.81000,0.98000,0.25675,0.50228,0.24097
112.01000,0.98000,0.17101,0.77174,0.05724
112.21000,0.98000,0.18131,0.80987,0.00882
112.41000,0.98000,0.19107,0.68043,0.12850
112.61000,0.98000,0.09929,0.48425,0.41647
112.81000,0.98000,0.12139,0.39883,0.47978
113.01000,0.98000,0.41729,0.21924,0.36347
113.21000,0.98000,0.14953,0.15653,0.69394
113.41000,0.98000,0.05029,0.07030,0.87941
113.61000,0.98000,0.25047,0.16754,0.58199
113.81000,0.98000,0.05818,0.06640,0.87542
114.01000,0.98000,0.08003,0.07589,0.84408
114.21000,0.98000,0.15720,0.12703,0.71577
114.41000,0.98000,0.15791,0.36526,0.47683
114.61000,0.98000,0.05492,0.22768,0.71741
114.81000,0.98000,0.04380,0.18735,0.76885
115.01000,0.98000,0.11176,0.35292,0.53532
115.21000,0.98000,0.21073,0.71940,0.06987
115.41000,0.98000,0.19064,0.43441,0.37495
115.61000,0.98000,0.04362,0.33885,0.61753
115.81000,0.98000,0.03481,0.18691,0.77827
116.01000,0.98000,0.01619,0.09677,0.88703
116.21000,0.98000,0.00823,0.06505,0.92672
116.41000,0.98000,0.09563,0.21038,0.69398
116.61000,0.98000,0.01061,0.08729,0.90209
116.81000,0.98000,0.00542,0.01673,0.97785
117.01000,0.98000,0.00970,0.06310,0.92719
117.21000,0.98000,0.00985,0.05191,0.93824
117.41000,0.98000,0.01137,0.05666,0.93197
117.61000,0.98000,0.00694,0.03602,0.95704
117.81000,0.98000,0.00774,0.03138,0.96088
118.01000,0.98000,0.00697,0.02225,0.97078
118.21000,0.98000,0.01120,0.03698,0.95182
118.41000,0.98000,0.03839,0.02267,0.93893
118.61000,0.98000,0.10847,0.24904,0.64249
118.81000,0.98000,0.07025,0.00696,0.92280
119.01000,0.98000,0.00991,0.03105,0.95904
119.21000,0.98000,0.04363,0.03587,0.92050
119.41000,0.98000,0.05774,0.09926,0.84300
119.61000,0.98000,0.15592,0.78850,0.05558
119.81000,0.98000,0.15627,0.77750,0.06622
120.01000,0.98000,0.17160,0.81558,0.01282
120.21000,0.98000,0.19557,0.74932,0.05511
120.41000,0.98000,0.07598,0.72591,0.19811
120.61000,0.98000,0.06394,0.67645,0.25961
120.81000,0.98000,0.01284,0.23239,0.75477
121.01000,0.98000,0.00859,0.18327,0.80814
121.21000,0.98000,0.01746,0.32252,0.66002
121.41000,0.98000,0.07622,0.76420,0.15958
121.61000,0.98000,0.13039,0.85337,0.01624
121.81000,0.98000,0.14279,0.84859,0.00862
122.01000,0.98000,0.15271,0.67994,0.16736
122.21000,0.98000,0.13474,0.76368,0.10158
122.41000,0.98000,0.18714,0.71791,0.09495
122.61000,0.98000,0.12186,0.80655,0.07158
122.81000,0.98000,0.08276,0.89265,0.02460
123.01000,0.98000,0.12059,0.86537,0.01404
123.21000,0.98000,0.11050,0.86373,0.02577
123.41000,0.98000,0.10341,0.86318,0.03341
123.61000,0.98000,0.11190,0.84867,0.03943
123.81000,0.98000,0.11203,0.81798,0.06999
124.01000,0.98000,0.12358,0.79639,0.08003
124.21000,0.98000,0.07198,0.91592,0.01210
124.41000,0.98000,0.10697,0.88004,0.01299
124.61000,0.98000,0.09874,0.89049,0.01077
124.81000,0.98000,0.05623,0.94038,0.00339
125.01000,0.98000,0.06264,0.93175,0.00561
125.21000,0.98000,0.15550,0.83448,0.01002
125.41000,0.98000,0.14913,0.82047,0.03040
125.61000,0.98000,0.10512,0.87158,0.02330
125.81000,0.98000,0.08449,0.89913,0.01638
126.01000,0.98000,0.06567,0.92837,0.00597
126.21000,0.98000,0.06267,0.93195,0.00537
126.41000,0.98000,0.08310,0.90822,0.00869
126.61000,0.98000,0.12763,0.85297,0.01940
126.81000,0.98000,0.10086,0.89377,0.00537
127.01000,0.98000,0.07347,0.92303,0.00351
127.21000,0.98000,0.29254,0.69682,0.01064
127.41000,0.98000,0.08579,0.90284,0.01137
127.61000,0.98000,0.07829,0.90638,0.01533
127.81000,0.98000,0.08821,0.89081,0.02098
128.00999,0.98001,0.08330,0.90682,0.00988
128.21001,0.98000,0.08467,0.89527,0.02006
128.41000,0.98000,0.11807,0.83129,0.05063
128.61000,0.98000,0.13250,0.78381,0.08369
128.81000,0.98000,0.30607,0.60836,0.08557
129.00999,0.98001,0.22164,0.64343,0.13492
129.21001,0.98000,0.22655,0.59427,0.17917
129.41000,0.98000,0.19678,0.72390,0.07932
129.61000,0.98000,0.13675,0.80060,0.06265
129.81000,0.98000,0.07904,0.90985,0.01111
130.00999,0.98001,0.07001,0.92238,0.00761
130.21001,0.98000,0.09208,0.88865,0.01927
130.41000,0.98000,0.09385,0.87777,0.02839
130.61000,0.98000,0.18455,0.74097,0.07448
130.81000,0.98000,0.19392,0.55859,0.24750
131.00999,0.98001,0.11548,0.32101,0.56351
131.21001,0.98000,0.14555,0.77895,0.07550
131.41000,0.98000,0.18126,0.68211,0.13664
131.61000,0.98000,0.07891,0.91088,0.01021
131.81000,0.98000,0.06649,0.92841,0.00510
132.00999,0.98001,0.04327,0.95237,0.00436
132.21001,0.98000,0.03299,0.96463,0.00239
132.41000,0.98000,0.05340,0.93589,0.01071
132.61000,0.98000,0.07304,0.91328,0.01368
132.81000,0.98000,0.16560,0.76920,0.06520
133.00999,0.98001,0.18966,0.71927,0.09107
133.21001,0.98000,0.14826,0.82536,0.02638
133.41000,0.98000,0.09789,0.89843,0.00368
133.61000,0.98000,0.07773,0.91876,0.00350
133.81000,0.98000,0.06456,0.93203,0.00341
134.00999,0.98001,0.05065,0.94546,0.00389
134.21001,0.98000,0.03666,0.96059,0.00276
134.41000,0.98000,0.03688,0.96100,0.00212
134.61000,0.98000,0.06713,0.92082,0.01205
134.81000,0.98000,0.08762,0.87392,0.03846
135.00999,0.98001,0.23742,0.65194,0.11064
135.21001,0.98000,0.21582,0.65969,0.12450
135.41000,0.98000,0.21579,0.53790,0.24631
135.61000,0.98000,0.21857,0.58262,0.19881
135.81000,0.98000,0.15868,0.77482,0.06651
136.00999,0.98001,0.20246,0.71673,0.08081
136.21001,0.98000,0.15749,0.83026,0.01226
136.41000,0.98000,0.10645,0.88673,0.00682
136.61000,0.98000,0.09741,0.89328,0.00930
136.81000,0.98000,0.04822,0.94946,0.00232
137.00999,0.98001,0.08224,0.90330,0.01446
137.21001,0.98000,0.15647,0.73760,0.10593
137.41000,0.98000,0.12779,0.76729,0.10492
137.61000,0.98000,0.18068,0.61153,0.20780
137.81000,0.98000,0.15370,0.75238,0.09392
138.00999,0.98001,0.12864,0.83678,0.03458
138.21001,0.98000,0.21351,0.77967,0.00683
138.41000,0.98000,0.06226,0.93337,0.00438
138.61000,0.98000,0.04732,0.95057,0.00211
138.81000,0.98000,0.08515,0.90215,0.01270
139.00999,0.98001,0.05862,0.93902,0.00235
139.21001,0.98000,0.04001,0.95774,0.00225
139.41000,0.98000,0.04801,0.94777,0.00422
139.61000,0.98000,0.05591,0.93933,0.00477
139.81000,0.98000,0.06628,0.93045,0.00327
140.00999,0.98001,0.12296,0.87099,0.00605
140.21001,0.98000,0.11867,0.86761,0.01372
140.41000,0.98000,0.15103,0.80969,0.03928
140.61000,0.98000,0.12439,0.85142,0.02419
140.81000,0.98000,0.16594,0.78262,0.05145
141.00999,0.98001,0.11353,0.87029,0.01618
141.21001,0.98000,0.06864,0.92334,0.00802
141.41000,0.98000,0.05179,0.94347,0.00475
141.61000,0.98000,0.05311,0.94238,0.00451
141.81000,0.98000,0.03809,0.95798,0.00392
142.00999,0.98001,0.04434,0.95279,0.00287
142.21001,0.98000,0.08549,0.90563,0.00888
142.41000,0.98000,0.10686,0.88505,0.00808
142.61000,0.98000,0.15830,0.83270,0.00900
142.81000,0.98000,0.20420,0.78094,0.01486
143.00999,0.98001,0.18408,0.80510,0.01083
143.21001,0.98000,0.11473,0.87516,0.01011
143.41000,0.98000,0.06716,0.92406,0.00879
143.61000,0.98000,0.05610,0.93719,0.00671
143.81000,0.98000,0.02697,0.97083,0.00221
144.00999,0.98001,0.03826,0.95723,0.00451
144.21001,0.98000,0.05715,0.93513,0.00772
144.41000,0.98000,0.08434,0.89726,0.01839
144.61000,0.98000,0.11280,0.82563,0.06157
144.81000,0.98000,0.14489,0.74018,0.11493
145.00999,0.98001,0.20986,0.64990,0.14024
145.21001,0.98000,0.19074,0.72726,0.08200
145.41000,0.98000,0.22525,0.69786,0.07689
145.61000,0.98000,0.25386,0.68018,0.06596
145.81000,0.98000,0.18226,0.80300,0.01474
146.00999,0.98001,0.20930,0.59813,0.19257
146.21001,0.98000,0.12686,0.62677,0.24638
146.41000,0.98000,0.30699,0.44646,0.24655
146.61000,0.98000,0.17493,0.55528,0.26979
146.81000,0.98000,0.17558,0.66139,0.16303
147.00999,0.98001,0.13972,0.81590,0.04438
147.21001,0.98000,0.36376,0.60583,0.03041
147.41000,0.98000,0.17685,0.76328,0.05986
147.61000,0.98000,0.14050,0.84410,0.01540
147.81000,0.98000,0.20725,0.73139,0.06137
148.00999,0.98001,0.61504,0.34221,0.04275
148.21001,0.98000,0.25545,0.71425,0.03031
148.41000,0.98000,0.19233,0.76075,0.04692
148.61000,0.98000,0.29993,0.68755,0.01251
148.81000,0.98000,0.19529,0.78705,0.01766
149.00999,0.98001,0.12204,0.86511,0.01285
149.21001,0.98000,0.08682,0.89407,0.01910
149.41000,0.98000,0.08599,0.91000,0.00402
149.61000,0.98000,0.05012,0.94658,0.00330
149.81000,0.98000,0.04542,0.95105,0.00353
150.00999,0.98001,0.04866,0.94807,0.00328
150.21001,0.98000,0.05430,0.94110,0.00461
150.41000,0.98000,0.07456,0.91761,0.00782
150.61000,0.98000,0.13741,0.82156,0.04102
150.81000,0.98000,0.16417,0.80103,0.03479
151.00999,0.98001,0.19041,0.75238,0.05721
151.21001,0.98000,0.13777,0.83840,0.02383
151.41000,0.98000,0.19864,0.74484,0.05652
151.61000,0.98000,0.14028,0.81645,0.04327
151.81000,0.98000,0.08546,0.90588,0.00866
152.00999,0.98001,0.06485,0.93213,0.00302
152.21001,0.98000,0.05956,0.93607,0.00437
152.41000,0.98000,0.05108,0.94668,0.00224
152.61000,0.98000,0.05183,0.94569,0.00248
152.81000,0.98000,0.07190,0.92000,0.00810
153.00999,0.98001,0.12165,0.84958,0.02877
153.21001,0.98000,0.13886,0.78432,0.07683
153.41000,0.98000,0.25588,0.67728,0.06684
153.61000,0.98000,0.20297,0.59998,0.19705
153.81000,0.98000,0.15425,0.77372,0.07203
154.00999,0.98001,0.18629,0.64636,0.16736
154.21001,0.98000,0.21827,0.60957,0.17216
154.41000,0.98000,0.12846,0.75635,0.11519
154.61000,0.98000,0.08397,0.90803,0.00800
154.81000,0.98000,0.06439,0.93173,0.00388
155.00999,0.98001,0.07305,0.92353,0.00341
155.21001,0.98000,0.06513,0.93135,0.00353
155.41000,0.98000,0.08402,0.90235,0.01362
155.61000,0.98000,0.11435,0.86726,0.01839
155.81000,0.98000,0.11736,0.86585,0.01679
156.00999,0.98001,0.12224,0.85942,0.01835
156.21001,0.98000,0.11718,0.87690,0.00592
156.41000,0.98000,0.19448,0.79519,0.01032
156.61000,0.98000,0.51119,0.44938,0.03943
156.81000,0.98000,0.09417,0.36760,0.53823
157.00999,0.98001,0.26864,0.51075,0.22061
157.21001,0.98000,0.14353,0.81786,0.03861
157.41000,0.98000,0.08795,0.90376,0.00829
157.61000,0.98000,0.04990,0.94804,0.00206
157.81000,0.98000,0.04759,0.95071,0.00169
158.00999,0.98001,0.08577,0.91101,0.00322
158.21001,0.98000,0.09182,0.89039,0.01778
158.41000,0.98000,0.13128,0.83547,0.03325
158.61000,0.98000,0.13219,0.84111,0.02671
158.81000,0.98000,0.12246,0.86094,0.01659
159.00999,0.98001,0.13139,0.86291,0.00570
159.21001,0.98000,0.17460,0.80651,0.01889
159.41000,0.98000,0.13017,0.85101,0.01882
159.61000,0.98000,0.09695,0.87903,0.02403
159.81000,0.98000,0.04482,0.95111,0.00407
160.00999,0.98001,0.03292,0.96557,0.00150
160.21001,0.98000,0.04137,0.95594,0.00270
160.41000,0.98000,0.06240,0.93165,0.00596
160.61000,0.98000,0.11158,0.86871,0.01971
160.81000,0.98000,0.13940,0.84414,0.01646
161.00999,0.98001,0.16873,0.80693,0.02434
161.21001,0.98000,0.16038,0.82097,0.01865
161.41000,0.98000,0.12686,0.86173,0.01141
161.61000,0.98000,0.10187,0.89055,0.00758
161.81000,0.98000,0.13502,0.85758,0.00740
162.00999,0.98001,0.07741,0.91847,0.00412
162.21001,0.98000,0.06856,0.92345,0.00800
162.41000,0.98000,0.06851,0.91914,0.01235
162.61000,0.98000,0.03478,0.95875,0.00647
162.81000,0.98000,0.04749,0.94145,0.01107
163.00999,0.98001,0.18980,0.66502,0.14519
163.21001,0.98000,0.24057,0.14884,0.61058
163.41000,0.98000,0.23887,0.51859,0.24255
163.61000,0.98000,0.14291,0.71146,0.14562
163.81000,0.98000,0.13483,0.83382,0.03135
164.00999,0.98001,0.10012,0.88341,0.01647
164.21001,0.98000,0.13273,0.84895,0.01832
164.41000,0.98000,0.13732,0.83990,0.02278
164.61000,0.98000,0.12788,0.86442,0.00770
164.81000,0.98000,0.07011,0.92125,0.00864
165.00999,0.98001,0.07448,0.91123,0.01428
165.21001,0.98000,0.22802,0.74892,0.02305
165.41000,0.98000,0.15367,0.79587,0.05046
165.61000,0.98000,0.10994,0.87902,0.01104
165.81000,0.98000,0.13514,0.85892,0.00595
166.00999,0.98001,0.09395,0.89874,0.00731
166.21001,0.98000,0.07060,0.91868,0.01072
166.41000,0.98000,0.10030,0.88608,0.01362
166.61000,0.98000,0.14020,0.83715,0.02265
166.81000,0.98000,0.09427,0.89763,0.00810
167.00999,0.98001,0.13354,0.85869,0.00777
167.21001,0.98000,0.12930,0.85965,0.01105
167.41000,0.98000,0.16323,0.82744,0.00933
167.61000,0.98000,0.17928,0.77942,0.04130
167.81000,0.98000,0.13329,0.84708,0.01964
168.00999,0.98001,0.13280,0.85394,0.01326
168.21001,0.98000,0.17080,0.82123,0.00797
168.41000,0.98000,0.15177,0.82533,0.02290
168.61000,0.98000,0.15560,0.83358,0.01082
168.81000,0.98000,0.14797,0.84346,0.00857
169.00999,0.98001,0.13013,0.86027,0.00961
169.21001,0.98000,0.22913,0.76190,0.00897
169.41000,0.98000,0.21849,0.76418,0.01733
169.61000,0.98000,0.14787,0.80765,0.04447
169.81000,0.98000,0.13404,0.83741,0.02854
170.00999,0.98001,0.05797,0.93794,0.00410
170.21001,0.98000,0.04656,0.95161,0.00183
170.41000,0.98000,0.04595,0.95187,0.00218
170.61000,0.98000,0.07192,0.92084,0.00724
170.81000,0.98000,0.08672,0.89381,0.01947
171.00999,0.98001,0.15097,0.82560,0.02342
171.21001,0.98000,0.17866,0.79239,0.02895
171.41000,0.98000,0.16791,0.81452,0.01757
171.61000,0.98000,0.13502,0.85521,0.00977
171.81000,0.98000,0.09230,0.90241,0.00530
172.00999,0.98001,0.08813,0.90192,0.00995
172.21001,0.98000,0.11927,0.83948,0.04125
172.41000,0.98000,0.16154,0.62806,0.21040
172.61000,0.98000,0.16965,0.57271,0.25764
172.81000,0.98000,0.19110,0.72996,0.07894
173.00999,0.98001,0.14376,0.82775,0.02849
173.21001,0.98000,0.12389,0.86726,0.00885
173.41000,0.98000,0.08759,0.90762,0.00479
173.61000,0.98000,0.08330,0.90751,0.00919
173.81000,0.98000,0.12071,0.86380,0.01549
174.00999,0.98001,0.18115,0.79576,0.02309
174.21001,0.98000,0.13685,0.84827,0.01488
174.41000,0.98000,0.12503,0.87115,0.00382
174.61000,0.98000,0.09668,0.89897,0.00435
174.81000,0.98000,0.12637,0.83237,0.04127
175.00999,0.98001,0.12532,0.81310,0.06158
175.21001,0.98000,0.17191,0.65080,0.17728
175.41000,0.98000,0.22122,0.65256,0.12622
175.61000,0.98000,0.13706,0.85388,0.00906
175.81000,0.98000,0.10875,0.87569,0.01556
176.00999,0.98001,0.05834,0.93827,0.00339
176.21001,0.98000,0.05621,0.93988,0.00391
176.41000,0.98000,0.11743,0.87560,0.00696
176.61000,0.98000,0.14979,0.83414,0.01607
176.81000,0.98000,0.17216,0.73646,0.09138
177.00999,0.98001,0.20847,0.69015,0.10139
177.21001,0.98000,0.15657,0.79379,0.04964
177.41000,0.98000,0.11114,0.87690,0.01196
177.61000,0.98000,0.18201,0.81308,0.00491
177.81000,0.98000,0.09986,0.88322,0.01692
178.00999,0.98001,0.19113,0.63718,0.17169
178.21001,0.98000,0.22753,0.42887,0.34360
178.41000,0.98000,0.26669,0.43678,0.29653
