Time (seconds), Duration (seconds),pred_unlabelled,pred_circle,pred_shaking
0.01000,0.98000,0.34273,0.65036,0.00691
0.21000,0.98000,0.06724,0.92666,0.00611
0.41000,0.98000,0.04095,0.95764,0.00141
0.61000,0.98000,0.04729,0.95111,0.00160
0.81000,0.98000,0.05122,0.94714,0.00164
1.01000,0.98000,0.06824,0.92977,0.00199
1.21000,0.98000,0.05959,0.93766,0.00275
1.41000,0.98000,0.28766,0.69772,0.01463
1.61000,0.98000,0.64847,0.34392,0.00761
1.81000,0.98000,0.79540,0.18790,0.01670
2.01000,0.98000,0.65477,0.29994,0.04529
2.21000,0.98000,0.70600,0.28218,0.01182
2.41000,0.98000,0.36242,0.62893,0.00865
2.61000,0.98000,0.14472,0.85078,0.00451
2.81000,0.98000,0.06573,0.93171,0.00256
3.01000,0.98000,0.13266,0.86235,0.00499
3.21000,0.98000,0.51549,0.47951,0.00500
3.41000,0.98000,0.60464,0.36590,0.02946
3.61000,0.98000,0.74235,0.25243,0.00523
3.81000,0.98000,0.30266,0.69337,0.00397
4.01000,0.98000,0.19142,0.80399,0.00458
4.21000,0.98000,0.05791,0.93903,0.00306
4.41000,0.98000,0.05542,0.94226,0.00232
4.61000,0.98000,0.05480,0.94275,0.00245
4.81000,0.98000,0.37968,0.61055,0.00977
5.01000,0.98000,0.69047,0.29384,0.01569
5.21000,0.98000,0.70588,0.12331,0.17081
5.41000,0.98000,0.96547,0.01395,0.02058
5.61000,0.98000,0.69992,0.26736,0.03272
5.81000,0.98000,0.33775,0.64350,0.01875
6.01000,0.98000,0.09077,0.90633,0.00290
6.21000,0.98000,0.04965,0.94754,0.00281
6.41000,0.98000,0.04484,0.95309,0.00206
6.61000,0.98000,0.17080,0.82702,0.00218
6.81000,0.98000,0.15593,0.83999,0.00408
7.01000,0.98000,0.35535,0.63361,0.01104
7.21000,0.98000,0.51930,0.47005,0.01065
7.41000,0.98000,0.34203,0.64802,0.00995
7.61000,0.98000,0.08264,0.90974,0.00762
7.81000,0.98000,0.04832,0.94891,0.00277
8.01000,0.98000,0.05054,0.94754,0.00192
8.21000,0.98000,0.04800,0.95048,0.00152
8.41000,0.98000,0.09707,0.89997,0.00296
8.61000,0.98000,0.08403,0.91226,0.00371
8.81000,0.98000,0.09662,0.88904,0.01434
9.01000,0.98000,0.15008,0.81641,0.03352
9.21000,0.98000,0.49476,0.44786,0.05738
9.41000,0.98000,0.48762,0.36867,0.14371
9.61000,0.98000,0.08093,0.90535,0.01371
9.81000,0.98000,0.08991,0.90004,0.01006
10.01000,0.98000,0.07892,0.91818,0.00290
10.21000,0.98000,0.05892,0.93763,0.00344
10.41000,0.98000,0.18621,0.81159,0.00219
10.61000,0.98000,0.05656,0.94197,0.00147
10.81000,0.98000,0.14675,0.85017,0.00308
11.01000,0.98000,0.33303,0.66210,0.00487
11.21000,0.98000,0.22650,0.76644,0.00706
11.41000,0.98000,0.04968,0.94721,0.00311
11.61000,0.98000,0.04785,0.94980,0.00235
11.81000,0.98000,0.04843,0.94927,0.00230
12.01000,0.98000,0.06840,0.92873,0.00287
12.21000,0.98000,0.08488,0.91191,0.00321
12.41000,0.98000,0.24563,0.74448,0.00989
12.61000,0.98000,0.06323,0.92985,0.00692
12.81000,0.98000,0.23000,0.61721,0.15279
13.01000,0.98000,0.26263,0.68681,0.05056
13.21000,0.98000,0.20211,0.74778,0.05011
13.41000,0.98000,0.08918,0.88855,0.02227
13.61000,0.98000,0.16469,0.82798,0.00734
13.81000,0.98000,0.07330,0.92133,0.00538
14.01000,0.98000,0.13648,0.85752,0.00600
14.21000,0.98000,0.35585,0.62886,0.01529
14.41000,0.98000,0.11489,0.87776,0.00735
14.61000,0.98000,0.07511,0.91550,0.00940
14.81000,0.98000,0.07580,0.92173,0.00248
15.01000,0.98000,0.06104,0.93629,0.00266
15.21000,0.98000,0.07059,0.92460,0.00481
15.41000,0.98000,0.08604,0.90865,0.00532
15.61000,0.98000,0.21313,0.77980,0.00707
15.81000,0.98000,0.08836,0.90627,0.00537
16.01000,0.98000,0.31242,0.63614,0.05145
16.21000,0.98000,0.14789,0.76692,0.08519
16.41000,0.98000,0.24282,0.72102,0.03616
16.61000,0.98000,0.08453,0.89819,0.01727
16.81000,0.98000,0.05690,0.93895,0.00415
17.01000,0.98000,0.05979,0.93752,0.00269
17.21000,0.98000,0.03772,0.96020,0.00208
17.41000,0.98000,0.04509,0.95249,0.00242
17.61000,0.98000,0.06897,0.92597,0.00506
17.81000,0.98000,0.12568,0.86839,0.00594
18.01000,0.98000,0.04809,0.94940,0.00250
18.21000,0.98000,0.04990,0.94826,0.00184
18.41000,0.98000,0.04483,0.95329,0.00189
18.61000,0.98000,0.05952,0.93849,0.00199
18.81000,0.98000,0.11222,0.88449,0.00330
19.01000,0.98000,0.15691,0.83022,0.01287
19.21000,0.98000,0.11616,0.84608,0.03777
19.41000,0.98000,0.14068,0.72492,0.13439
19.61000,0.98000,0.13076,0.82018,0.04906
19.81000,0.98000,0.05893,0.93574,0.00533
20.01000,0.98000,0.13954,0.85760,0.00286
20.21000,0.98000,0.26934,0.72631,0.00435
20.41000,0.98000,0.16546,0.81815,0.01640
20.61000,0.98000,0.37702,0.46936,0.15362
20.81000,0.98000,0.49479,0.45938,0.04583
21.01000,0.98000,0.29214,0.66904,0.03882
21.21000,0.98000,0.05091,0.94571,0.00338
21.41000,0.98000,0.04822,0.94929,0.00249
21.61000,0.98000,0.04530,0.95278,0.00192
21.81000,0.98000,0.04610,0.95211,0.00179
22.01000,0.98000,0.14340,0.85355,0.00305
22.21000,0.98000,0.08400,0.91143,0.00457
22.41000,0.98000,0.10192,0.87671,0.02137
22.61000,0.98000,0.12459,0.82575,0.04966
22.81000,0.98000,0.16615,0.81136,0.02248
23.01000,0.98000,0.08706,0.90922,0.00372
23.21000,0.98000,0.36104,0.63314,0.00582
23.41000,0.98000,0.30028,0.68973,0.00999
23.61000,0.98000,0.36940,0.59096,0.03964
23.81000,0.98000,0.52977,0.45894,0.01129
24.01000,0.98000,0.33832,0.65129,0.01039
24.21000,0.98000,0.14259,0.84640,0.01101
24.41000,0.98000,0.05588,0.94037,0.00375
24.61000,0.98000,0.04820,0.94932,0.00248
24.81000,0.98000,0.04824,0.94970,0.00206
25.01000,0.98000,0.07471,0.92261,0.00268
25.21000,0.98000,0.12322,0.87386,0.00291
25.41000,0.98000,0.23533,0.75681,0.00786
25.61000,0.98000,0.07621,0.91155,0.01224
25.81000,0.98000,0.17505,0.80201,0.02294
26.01000,0.98000,0.11172,0.87983,0.00845
26.21000,0.98000,0.07129,0.92487,0.00384
26.41000,0.98000,0.14520,0.85060,0.00419
26.61000,0.98000,0.07516,0.92060,0.00423
26.81000,0.98000,0.08826,0.90724,0.00450
27.01000,0.98000,0.16891,0.81666,0.01442
27.21000,0.98000,0.41319,0.56774,0.01907
27.41000,0.98000,0.11782,0.86998,0.01220
27.61000,0.98000,0.11051,0.86416,0.02533
27.81000,0.98000,0.18276,0.79694,0.02030
28.01000,0.98000,0.12357,0.86191,0.01452
28.21000,0.98000,0.07712,0.92003,0.00285
28.41000,0.98000,0.28343,0.71257,0.00399
28.61000,0.98000,0.43719,0.55796,0.00484
28.81000,0.98000,0.17188,0.82042,0.00771
29.01000,0.98000,0.19209,0.80269,0.00523
29.21000,0.98000,0.28686,0.70693,0.00621
29.41000,0.98000,0.08622,0.90538,0.00840
29.61000,0.98000,0.11638,0.87933,0.00429
29.81000,0.98000,0.35243,0.64275,0.00481
30.01000,0.98000,0.30517,0.68730,0.00753
30.21000,0.98000,0.27716,0.70663,0.01622
30.41000,0.98000,0.46520,0.52172,0.01308
30.61000,0.98000,0.18352,0.81038,0.00610
30.81000,0.98000,0.06073,0.93428,0.00499
31.01000,0.98000,0.05138,0.94642,0.00219
31.21000,0.98000,0.05194,0.94599,0.00207
31.41000,0.98000,0.05853,0.93972,0.00175
31.61000,0.98000,0.06912,0.92875,0.00213
31.81000,0.98000,0.28440,0.71012,0.00547
32.01000,0.98000,0.07527,0.91611,0.00862
32.21000,0.98000,0.10305,0.87987,0.01708
32.41000,0.98000,0.11796,0.86648,0.01556
32.61000,0.98000,0.09410,0.89859,0.00731
32.81000,0.98000,0.12496,0.86887,0.00617
33.01000,0.98000,0.07108,0.92405,0.00488
33.21000,0.98000,0.09339,0.90234,0.00427
33.41000,0.98000,0.24481,0.73197,0.02322
33.61000,0.98000,0.17164,0.81731,0.01105
33.81000,0.98000,0.07023,0.92425,0.00551
34.01000,0.98000,0.05917,0.93772,0.00310
34.21000,0.98000,0.05115,0.94671,0.00214
34.41000,0.98000,0.05104,0.94701,0.00195
34.61000,0.98000,0.05498,0.94297,0.00205
34.81000,0.98000,0.13253,0.86245,0.00502
35.01000,0.98000,0.44335,0.54950,0.00714
35.21000,0.98000,0.10291,0.86606,0.03103
35.41000,0.98000,0.12638,0.81552,0.05809
35.61000,0.98000,0.08839,0.90010,0.01151
35.81000,0.98000,0.06754,0.92703,0.00543
36.01000,0.98000,0.05564,0.94226,0.00210
36.21000,0.98000,0.12961,0.86746,0.00292
36.41000,0.98000,0.04608,0.95232,0.00160
36.61000,0.98000,0.17891,0.80511,0.01598
36.81000,0.98000,0.26712,0.72159,0.01129
37.01000,0.98000,0.15839,0.83133,0.01028
37.21000,0.98000,0.05770,0.93852,0.00378
37.41000,0.98000,0.05174,0.94536,0.00290
37.61000,0.98000,0.05574,0.94184,0.00242
37.81000,0.98000,0.06059,0.93711,0.00230
38.01000,0.98000,0.07807,0.91801,0.00392
38.21000,0.98000,0.07735,0.91297,0.00968
38.41000,0.98000,0.11320,0.84852,0.03828
38.61000,0.98000,0.15191,0.75172,0.09636
38.81000,0.98000,0.12502,0.83851,0.03647
39.01000,0.98000,0.08022,0.91061,0.00917
39.21000,0.98000,0.11098,0.88263,0.00639
39.41000,0.98000,0.08968,0.90664,0.00368
39.61000,0.98000,0.08624,0.91045,0.00331
39.81000,0.98000,0.09271,0.90242,0.00487
40.01000,0.98000,0.24300,0.74733,0.00967
40.21000,0.98000,0.06151,0.93299,0.00550
40.41000,0.98000,0.05417,0.94313,0.00270
40.61000,0.98000,0.05975,0.93789,0.00236
40.81000,0.98000,0.05946,0.93833,0.00221
41.01000,0.98000,0.18150,0.81506,0.00345
41.21000,0.98000,0.17189,0.82474,0.00337
41.41000,0.98000,0.12088,0.86979,0.00933
41.61000,0.98000,0.12090,0.86508,0.01402
41.81000,0.98000,0.21319,0.78080,0.00601
42.01000,0.98000,0.06809,0.92903,0.00287
42.21000,0.98000,0.06772,0.92739,0.00489
42.41000,0.98000,0.11418,0.88317,0.00265
42.61000,0.98000,0.22799,0.76829,0.00372
42.81000,0.98000,0.53510,0.45094,0.01396
43.01000,0.98000,0.99705,0.00194,0.00101
43.21000,0.98000,0.92228,0.06257,0.01515
43.41000,0.98000,0.77271,0.20325,0.02404
43.61000,0.98000,0.49364,0.49521,0.01115
43.81000,0.98000,0.16496,0.82502,0.01002
44.01000,0.98000,0.06367,0.93396,0.00237
44.21000,0.98000,0.07493,0.92270,0.00238
44.41000,0.98000,0.10847,0.88766,0.00386
44.61000,0.98000,0.13027,0.85379,0.01595
44.81000,0.98000,0.08803,0.88642,0.02555
45.01000,0.98000,0.13207,0.83810,0.02983
45.21000,0.98000,0.08411,0.90942,0.00647
45.41000,0.98000,0.11143,0.88183,0.00674
45.61000,0.98000,0.05282,0.94306,0.00412
45.81000,0.98000,0.08493,0.90978,0.00529
46.01000,0.98000,0.13844,0.84602,0.01554
46.21000,0.98000,0.29823,0.68224,0.01953
46.41000,0.98000,0.11746,0.86771,0.01483
46.61000,0.98000,0.09528,0.89526,0.00946
46.81000,0.98000,0.06468,0.93004,0.00528
47.01000,0.98000,0.07256,0.92191,0.00553
47.21000,0.98000,0.05339,0.94396,0.00265
47.41000,0.98000,0.03813,0.95968,0.00220
47.61000,0.98000,0.03546,0.96325,0.00129
47.81000,0.98000,0.05374,0.94454,0.00172
48.01000,0.98000,0.05321,0.94291,0.00388
48.21000,0.98000,0.14427,0.83531,0.02042
48.41000,0.98000,0.41487,0.54944,0.03569
48.61000,0.98000,0.20902,0.76157,0.02941
48.81000,0.98000,0.12393,0.86303,0.01304
49.01000,0.98000,0.33831,0.65011,0.01158
49.21000,0.98000,0.06406,0.93217,0.00378
49.41000,0.98000,0.07931,0.91808,0.00261
49.61000,0.98000,0.08754,0.90972,0.00273
49.81000,0.98000,0.06404,0.93155,0.00441
50.01000,0.98000,0.06647,0.93128,0.00225
50.21000,0.98000,0.05652,0.94046,0.00302
50.41000,0.98000,0.06534,0.92840,0.00625
50.61000,0.98000,0.14394,0.83876,0.01729
50.81000,0.98000,0.41190,0.55352,0.03458
51.01000,0.98000,0.14399,0.83222,0.02378
51.21000,0.98000,0.13210,0.84354,0.02436
51.41000,0.98000,0.09590,0.88876,0.01535
51.61000,0.98000,0.07646,0.91213,0.01142
51.81000,0.98000,0.06523,0.93059,0.00418
52.01000,0.98000,0.06233,0.93138,0.00629
52.21000,0.98000,0.04592,0.95143,0.00265
52.41000,0.98000,0.04949,0.94831,0.00220
52.61000,0.98000,0.04177,0.95656,0.00167
52.81000,0.98000,0.04977,0.94523,0.00500
53.01000,0.98000,0.08093,0.90462,0.01445
53.21000,0.98000,0.18314,0.77398,0.04288
53.41000,0.98000,0.22058,0.74255,0.03688
53.61000,0.98000,0.11578,0.86089,0.02332
53.81000,0.98000,0.32927,0.64353,0.02720
54.01000,0.98000,0.06040,0.93509,0.00451
54.21000,0.98000,0.07142,0.92468,0.00389
54.41000,0.98000,0.06783,0.92455,0.00762
54.61000,0.98000,0.05970,0.93587,0.00444
54.81000,0.98000,0.03895,0.95918,0.00188
55.01000,0.98000,0.04620,0.95214,0.00166
55.21000,0.98000,0.05874,0.93820,0.00305
55.41000,0.98000,0.06771,0.92507,0.00722
55.61000,0.98000,0.10951,0.87463,0.01586
55.81000,0.98000,0.16714,0.81437,0.01850
56.01000,0.98000,0.10955,0.87704,0.01341
56.21000,0.98000,0.08509,0.91054,0.00437
56.41000,0.98000,0.08094,0.91539,0.00367
56.61000,0.98000,0.06983,0.92481,0.00536
56.81000,0.98000,0.05760,0.93925,0.00316
57.01000,0.98000,0.10323,0.88773,0.00904
57.21000,0.98000,0.04350,0.95378,0.00273
57.41000,0.98000,0.03423,0.96430,0.00147
57.61000,0.98000,0.14714,0.85086,0.00200
57.81000,0.98000,0.05010,0.94622,0.00368
58.01000,0.98000,0.16526,0.82260,0.01214
58.21000,0.98000,0.26470,0.71373,0.02157
58.41000,0.98000,0.18168,0.80075,0.01758
58.61000,0.98000,0.08637,0.90799,0.00564
58.81000,0.98000,0.10225,0.89320,0.00455
59.01000,0.98000,0.13095,0.86420,0.00485
59.21000,0.98000,0.04980,0.94739,0.00282
59.41000,0.98000,0.05723,0.93921,0.00356
59.61000,0.98000,0.05591,0.94084,0.00325
59.81000,0.98000,0.04979,0.94699,0.00321
60.01000,0.98000,0.04498,0.95357,0.00145
60.21000,0.98000,0.10995,0.88833,0.00171
60.41000,0.98000,0.05336,0.94384,0.00280
60.61000,0.98000,0.10801,0.88454,0.00745
60.81000,0.98000,0.30426,0.67940,0.01634
61.01000,0.98000,0.29290,0.69381,0.01328
61.21000,0.98000,0.12855,0.85455,0.01690
61.41000,0.98000,0.11120,0.88253,0.00627
61.61000,0.98000,0.17945,0.81452,0.00603
61.81000,0.98000,0.06531,0.93046,0.00423
62.01000,0.98000,0.08318,0.91224,0.00458
62.21000,0.98000,0.06882,0.92526,0.00591
62.41000,0.98000,0.08652,0.90894,0.00454
62.61000,0.98000,0.05898,0.93810,0.00292
62.81000,0.98000,0.04235,0.95595,0.00170
63.01000,0.98000,0.09583,0.90180,0.00237
63.21000,0.98000,0.07496,0.91867,0.00637
63.41000,0.98000,0.13007,0.84292,0.02701
63.61000,0.98000,0.18211,0.77140,0.04648
63.81000,0.98000,0.23037,0.74087,0.02876
64.01000,0.98000,0.19519,0.78688,0.01793
64.21000,0.98000,0.08578,0.90442,0.00980
64.41000,0.98000,0.20573,0.78471,0.00956
64.61000,0.98000,0.06208,0.93335,0.00456
64.81000,0.98000,0.13189,0.86388,0.00422
65.01000,0.98000,0.05419,0.94377,0.00204
65.21000,0.98000,0.13379,0.86405,0.00216
65.41000,0.98000,0.27120,0.72404,0.00476
65.61000,0.98000,0.11476,0.87589,0.00935
65.81000,0.98000,0.39668,0.58662,0.01669
66.01000,0.98000,0.43978,0.53577,0.02445
66.21000,0.98000,0.14372,0.83059,0.02569
66.41000,0.98000,0.11363,0.87891,0.00746
66.61000,0.98000,0.07449,0.91779,0.00772
66.81000,0.98000,0.06633,0.92937,0.00430
67.01000,0.98000,0.08102,0.91146,0.00751
67.21000,0.98000,0.10360,0.89078,0.00562
67.41000,0.98000,0.07268,0.92312,0.00419
67.61000,0.98000,0.05724,0.94061,0.00215
67.81000,0.98000,0.06162,0.93656,0.00183
68.01000,0.98000,0.16033,0.83396,0.00571
68.21000,0.98000,0.10144,0.88047,0.01808
68.41000,0.98000,0.12749,0.83930,0.03322
68.61000,0.98000,0.18225,0.79241,0.02534
68.81000,0.98000,0.14321,0.83448,0.02230
69.01000,0.98000,0.10623,0.88736,0.00641
69.21000,0.98000,0.08281,0.90684,0.01035
69.41000,0.98000,0.11469,0.87256,0.01275
69.61000,0.98000,0.15284,0.78739,0.05977
69.81000,0.98000,0.23776,0.62836,0.13387
70.01000,0.98000,0.12650,0.50300,0.37050
70.21000,0.98000,0.06678,0.56920,0.36402
70.41000,0.98000,0.04452,0.34368,0.61180
70.61000,0.98000,0.04270,0.74190,0.21540
70.81000,0.98000,0.12602,0.79517,0.07881
71.01000,0.98000,0.06427,0.92897,0.00677
71.21000,0.98000,0.04734,0.94964,0.00302
71.41000,0.98000,0.04751,0.95064,0.00185
71.61000,0.98000,0.19810,0.79933,0.00257
71.81000,0.98000,0.05509,0.94262,0.00229
72.01000,0.98000,0.06972,0.92708,0.00320
72.21000,0.98000,0.11415,0.87736,0.00850
72.41000,0.98000,0.17616,0.81488,0.00895
72.61000,0.98000,0.07506,0.91650,0.00843
72.81000,0.98000,0.11648,0.87766,0.00586
73.01000,0.98000,0.06123,0.93393,0.00484
73.21000,0.98000,0.05528,0.93930,0.00542
73.41000,0.98000,0.06515,0.92632,0.00853
73.61000,0.98000,0.07861,0.91250,0.00888
73.81000,0.98000,0.04013,0.95768,0.00219
74.01000,0.98000,0.04207,0.95574,0.00220
74.21000,0.98000,0.05688,0.94114,0.00198
74.41000,0.98000,0.12569,0.87163,0.00268
74.61000,0.98000,0.06090,0.93482,0.00429
74.81000,0.98000,0.12617,0.86123,0.01260
75.01000,0.98000,0.22618,0.74629,0.02753
75.21000,0.98000,0.18460,0.78078,0.03462
75.41000,0.98000,0.16810,0.80020,0.03170
75.61000,0.98000,0.07953,0.90202,0.01845
75.81000,0.98000,0.08875,0.90106,0.01019
76.01000,0.98000,0.08809,0.89796,0.01395
76.21000,0.98000,0.06504,0.93013,0.00484
76.41000,0.98000,0.04509,0.95209,0.00282
76.61000,0.98000,0.03997,0.95794,0.00209
76.81000,0.98000,0.03675,0.96148,0.00176
77.01000,0.98000,0.08712,0.90941,0.00346
77.21000,0.98000,0.07182,0.92163,0.00656
77.41000,0.98000,0.13613,0.82830,0.03557
77.61000,0.98000,0.13481,0.78554,0.07965
77.81000,0.98000,0.14985,0.80498,0.04517
78.01000,0.98000,0.25515,0.71005,0.03480
78.21000,0.98000,0.09461,0.88298,0.02242
78.41000,0.98000,0.14012,0.84481,0.01508
78.61000,0.98000,0.11979,0.85452,0.02568
78.81000,0.98000,0.13285,0.85173,0.01542
79.01000,0.98000,0.08053,0.91400,0.00547
79.21000,0.98000,0.08063,0.91483,0.00454
79.41000,0.98000,0.10459,0.87427,0.02114
79.61000,0.98000,0.15743,0.76030,0.08226
79.81000,0.98000,0.11368,0.61428,0.27204
80.01000,0.98000,0.15563,0.60160,0.24277
80.21000,0.98000,0.07461,0.45589,0.46950
80.41000,0.98000,0.08067,0.35117,0.56817
80.61000,0.98000,0.13288,0.71726,0.14986
80.81000,0.98000,0.08296,0.84117,0.07587
81.01000,0.98000,0.10840,0.83724,0.05436
81.21000,0.98000,0.11002,0.87104,0.01894
81.41000,0.98000,0.23450,0.70484,0.06066
81.61000,0.98000,0.14926,0.78554,0.06521
81.81000,0.98000,0.14273,0.76958,0.08768
82.01000,0.98000,0.17174,0.73008,0.09818
82.21000,0.98000,0.17934,0.74651,0.07415
82.41000,0.98000,0.10099,0.87278,0.02623
82.61000,0.98000,0.10286,0.88243,0.01471
82.81000,0.98000,0.10140,0.88114,0.01746
83.01000,0.98000,0.11051,0.87195,0.01754
83.21000,0.98000,0.14631,0.80897,0.04472
83.41000,0.98000,0.20670,0.73749,0.05582
83.61000,0.98000,0.09777,0.86876,0.03347
83.81000,0.98000,0.11448,0.85624,0.02928
84.01000,0.98000,0.15070,0.77279,0.07651
84.21000,0.98000,0.13400,0.84669,0.01931
84.41000,0.98000,0.09584,0.89604,0.00812
84.61000,0.98000,0.12890,0.86424,0.00685
84.81000,0.98000,0.09144,0.89734,0.01122
85.01000,0.98000,0.11872,0.86141,0.01986
85.21000,0.98000,0.16184,0.78303,0.05513
85.41000,0.98000,0.14360,0.81662,0.03978
85.61000,0.98000,0.53988,0.44138,0.01874
85.81000,0.98000,0.20913,0.77532,0.01555
86.01000,0.98000,0.21322,0.78051,0.00627
86.21000,0.98000,0.40373,0.58480,0.01147
86.41000,0.98000,0.09191,0.90040,0.00769
86.61000,0.98000,0.05570,0.94125,0.00305
86.81000,0.98000,0.06073,0.93678,0.00249
87.01000,0.98000,0.14878,0.84887,0.00235
87.21000,0.98000,0.54889,0.44932,0.00180
87.41000,0.98000,0.57521,0.41479,0.01001
87.61000,0.98000,0.82430,0.16457,0.01112
87.81000,0.98000,0.58357,0.40553,0.01089
88.01000,0.98000,0.36781,0.61737,0.01482
88.21000,0.98000,0.11366,0.86891,0.01743
88.41000,0.98000,0.07455,0.91738,0.00808
88.61000,0.98000,0.09092,0.90098,0.00810
88.81000,0.98000,0.10777,0.87867,0.01356
89.01000,0.98000,0.17052,0.81765,0.01183
89.21000,0.98000,0.09418,0.89542,0.01040
89.41000,0.98000,0.07077,0.92391,0.00531
89.61000,0.98000,0.10800,0.88789,0.00412
89.81000,0.98000,0.08524,0.91041,0.00435
90.01000,0.98000,0.10235,0.89210,0.00555
90.21000,0.98000,0.15555,0.82427,0.02018
90.41000,0.98000,0.41042,0.55947,0.03011
90.61000,0.98000,0.13652,0.83021,0.03327
90.81000,0.98000,0.13562,0.83252,0.03186
91.01000,0.98000,0.10002,0.87572,0.02426
91.21000,0.98000,0.12482,0.82328,0.05190
91.41000,0.98000,0.11890,0.85755,0.02355
91.61000,0.98000,0.08392,0.90812,0.00796
91.81000,0.98000,0.07497,0.91816,0.00688
92.01000,0.98000,0.08229,0.91394,0.00377
92.21000,0.98000,0.06590,0.92977,0.00433
92.41000,0.98000,0.06820,0.92766,0.00414
92.61000,0.98000,0.15215,0.82927,0.01858
92.81000,0.98000,0.22006,0.75839,0.02155
93.01000,0.98000,0.13416,0.83932,0.02651
93.21000,0.98000,0.11227,0.86592,0.02181
93.41000,0.98000,0.13010,0.84284,0.02706
93.61000,0.98000,0.17309,0.76999,0.05692
93.81000,0.98000,0.12099,0.86164,0.01737
94.01000,0.98000,0.08462,0.90924,0.00615
94.21000,0.98000,0.09359,0.90223,0.00417
94.41000,0.98000,0.05420,0.94213,0.00367
94.61000,0.98000,0.06669,0.92949,0.00383
94.81000,0.98000,0.09519,0.89566,0.00914
95.01000,0.98000,0.11986,0.86657,0.01357
95.21000,0.98000,0.13395,0.79006,0.07599
95.41000,0.98000,0.22933,0.59347,0.17721
95.61000,0.98000,0.14444,0.04372,0.81184
95.81000,0.98000,0.48585,0.12208,0.39206
96.01000,0.98000,0.30282,0.35847,0.33871
96.21000,0.98000,0.21430,0.67918,0.10653
96.41000,0.98000,0.08303,0.90673,0.01024
96.61000,0.98000,0.09921,0.89547,0.00532
96.81000,0.98000,0.04015,0.95805,0.00179
97.01000,0.98000,0.06590,0.93208,0.00202
97.21000,0.98000,0.05525,0.94259,0.00216
97.41000,0.98000,0.04761,0.94997,0.00242
97.61000,0.98000,0.11090,0.87942,0.00968
97.81000,0.98000,0.18894,0.80696,0.00411
98.01000,0.98000,0.46731,0.52387,0.00882
98.21000,0.98000,0.38789,0.59936,0.01275
98.41000,0.98000,0.28825,0.70177,0.00998
98.61000,0.98000,0.41589,0.57405,0.01006
98.81000,0.98000,0.21322,0.77662,0.01015
99.01000,0.98000,0.07061,0.92452,0.00487
99.21000,0.98000,0.09454,0.90005,0.00541
99.41000,0.98000,0.35002,0.64555,0.00442
99.61000,0.98000,0.15646,0.83859,0.00494
99.81000,0.98000,0.16587,0.83122,0.00291
100.01000,0.98000,0.22719,0.76828,0.00453
100.21000,0.98000,0.17945,0.81598,0.00457
100.41000,0.98000,0.04771,0.94937,0.00292
100.61000,0.98000,0.04439,0.95338,0.00223
100.81000,0.98000,0.10928,0.88853,0.00219
101.01000,0.98000,0.10715,0.89074,0.00211
101.21000,0.98000,0.04543,0.95284,0.00173
101.41000,0.98000,0.12480,0.87195,0.00325
101.61000,0.98000,0.14399,0.85141,0.00460
101.81000,0.98000,0.09574,0.89293,0.01134
102.01000,0.98000,0.17197,0.80270,0.02533
102.21000,0.98000,0.14809,0.81782,0.03409
102.41000,0.98000,0.16536,0.68098,0.15366
102.61000,0.98000,0.08009,0.91050,0.00941
102.81000,0.98000,0.07756,0.90559,0.01685
103.01000,0.98000,0.05039,0.94669,0.00292
103.21000,0.98000,0.09956,0.89493,0.00551
103.41000,0.98000,0.05877,0.93569,0.00554
103.61000,0.98000,0.07495,0.91450,0.01055
103.81000,0.98000,0.12575,0.83788,0.03637
104.01000,0.98000,0.10772,0.87950,0.01279
104.21000,0.98000,0.26414,0.72746,0.00840
104.41000,0.98000,0.60835,0.38391,0.00774
104.61000,0.98000,0.36023,0.63175,0.00802
104.81000,0.98000,0.30986,0.68783,0.00230
105.01000,0.98000,0.31649,0.67778,0.00573
105.21000,0.98000,0.07670,0.91501,0.00829
105.41000,0.98000,0.05902,0.93714,0.00384
105.61000,0.98000,0.09978,0.87868,0.02154
105.81000,0.98000,0.06753,0.92774,0.00473
106.01000,0.98000,0.04969,0.94722,0.00309
106.21000,0.98000,0.06227,0.93480,0.00293
106.41000,0.98000,0.26876,0.72847,0.00277
106.61000,0.98000,0.62577,0.37107,0.00317
106.81000,0.98000,0.60318,0.38109,0.01572
107.01000,0.98000,0.34766,0.64863,0.00371
107.21000,0.98000,0.25263,0.74381,0.00356
107.41000,0.98000,0.07447,0.92280,0.00273
107.61000,0.98000,0.04593,0.95198,0.00209
107.81000,0.98000,0.06098,0.93242,0.00660
108.01000,0.98000,0.08092,0.90626,0.01283
108.21000,0.98000,0.12901,0.84982,0.02116
108.41000,0.98000,0.11848,0.86132,0.02020
108.61000,0.98000,0.16782,0.82541,0.00677
108.81000,0.98000,0.42718,0.56584,0.00698
109.01000,0.98000,0.25579,0.73526,0.00896
109.21000,0.98000,0.19264,0.80335,0.00400
109.41000,0.98000,0.22408,0.77206,0.00386
109.61000,0.98000,0.06956,0.92716,0.00329
109.81000,0.98000,0.06714,0.92948,0.00338
110.01000,0.98000,0.04338,0.95470,0.00192
110.21000,0.98000,0.05494,0.94110,0.00397
110.41000,0.98000,0.09277,0.89357,0.01366
110.61000,0.98000,0.15748,0.82060,0.02192
110.81000,0.98000,0.12559,0.85633,0.01808
111.01000,0.98000,0.16247,0.82302,0.01452
111.21000,0.98000,0.46709,0.52653,0.00638
111.41000,0.98000,0.30752,0.67873,0.01375
111.61000,0.98000,0.67525,0.24985,0.07490
111.81000,0.98000,0.39359,0.59880,0.00761
112.01000,0.98000,0.14563,0.84907,0.00529
112.21000,0.98000,0.04448,0.95296,0.00256
112.41000,0.98000,0.04745,0.95019,0.00236
112.61000,0.98000,0.04336,0.95441,0.00223
112.81000,0.98000,0.07616,0.91616,0.00767
113.01000,0.98000,0.10123,0.88193,0.01684
113.21000,0.98000,0.10770,0.87307,0.01923
113.41000,0.98000,0.11825,0.86255,0.01919
113.61000,0.98000,0.27349,0.71656,0.00995
113.81000,0.98000,0.60915,0.38106,0.00978
114.01000,0.98000,0.93822,0.05787,0.00390
114.21000,0.98000,0.88872,0.09644,0.01484
114.41000,0.98000,0.85346,0.13702,0.00952
114.61000,0.98000,0.41937,0.57225,0.00838
114.81000,0.98000,0.14202,0.85341,0.00457
115.01000,0.98000,0.05025,0.94717,0.00258
115.21000,0.98000,0.06509,0.93205,0.00285
115.41000,0.98000,0.07012,0.92621,0.00367
115.61000,0.98000,0.05214,0.94304,0.00482
115.81000,0.98000,0.12465,0.85325,0.02210
116.01000,0.98000,0.19093,0.78806,0.02101
116.21000,0.98000,0.12960,0.85671,0.01369
116.41000,0.98000,0.39970,0.58827,0.01203
116.61000,0.98000,0.90196,0.09334,0.00470
116.81000,0.98000,0.94441,0.04953,0.00605
117.01000,0.98000,0.93835,0.05800,0.00365
117.21000,0.98000,0.47019,0.52438,0.00543
117.41000,0.98000,0.24179,0.75428,0.00393
117.61000,0.98000,0.05306,0.94303,0.00391
117.81000,0.98000,0.04305,0.95510,0.00185
118.01000,0.98000,0.07011,0.92746,0.00243
118.21000,0.98000,0.08776,0.90129,0.01095
118.41000,0.98000,0.09749,0.88489,0.01763
118.61000,0.98000,0.14283,0.82994,0.02723
118.81000,0.98000,0.17389,0.78438,0.04173
119.01000,0.98000,0.20096,0.78744,0.01160
119.21000,0.98000,0.60566,0.37672,0.01762
119.41000,0.98000,0.93242,0.05703,0.01055
119.61000,0.98000,0.77746,0.14743,0.07511
119.81000,0.98000,0.57006,0.41951,0.01043
120.01000,0.98000,0.40486,0.58742,0.00772
120.21000,0.98000,0.11800,0.87366,0.00834
120.41000,0.98000,0.06241,0.93383,0.00375
120.61000,0.98000,0.08550,0.91030,0.00420
120.81000,0.98000,0.11460,0.87015,0.01524
121.01000,0.98000,0.09628,0.88609,0.01763
121.21000,0.98000,0.13376,0.83594,0.03030
121.41000,0.98000,0.13118,0.84509,0.02373
121.61000,0.98000,0.39175,0.60045,0.00779
121.81000,0.98000,0.85588,0.13857,0.00554
122.01000,0.98000,0.85726,0.13449,0.00825
122.21000,0.98000,0.88874,0.10257,0.00869
122.41000,0.98000,0.42862,0.56751,0.00387
122.61000,0.98000,0.21634,0.78069,0.00297
122.81000,0.98000,0.05983,0.93679,0.00338
123.01000,0.98000,0.05268,0.94395,0.00337
123.21000,0.98000,0.05989,0.93654,0.00357
123.41000,0.98000,0.08646,0.90362,0.00993
123.61000,0.98000,0.11735,0.86183,0.02082
123.81000,0.98000,0.16413,0.78388,0.05199
124.01000,0.98000,0.14804,0.81760,0.03436
124.21000,0.98000,0.29048,0.68643,0.02309
124.41000,0.98000,0.13151,0.86138,0.00710
124.61000,0.98000,0.11525,0.86863,0.01612
124.81000,0.98000,0.14576,0.84654,0.00769
125.01000,0.98000,0.11426,0.87287,0.01287
125.21000,0.98000,0.08710,0.90666,0.00624
125.41000,0.98000,0.08936,0.90389,0.00674
125.61000,0.98000,0.13111,0.85365,0.01524
125.81000,0.98000,0.12320,0.85778,0.01902
126.01000,0.98000,0.17463,0.81196,0.01341
126.21000,0.98000,0.56685,0.42273,0.01041
126.41000,0.98000,0.85677,0.13440,0.00884
126.61000,0.98000,0.74443,0.22378,0.03179
126.81000,0.98000,0.43298,0.56339,0.00364
127.01000,0.98000,0.26735,0.72733,0.00532
127.21000,0.98000,0.08485,0.90676,0.00839
127.41000,0.98000,0.10730,0.88697,0.00572
127.61000,0.98000,0.12442,0.85267,0.02291
127.81000,0.98000,0.11714,0.83583,0.04702
128.00999,0.98001,0.19571,0.73763,0.06667
128.21001,0.98000,0.16300,0.80204,0.03496
128.41000,0.98000,0.32498,0.64924,0.02579
128.61000,0.98000,0.74944,0.22747,0.02309
128.81000,0.98000,0.32058,0.67047,0.00895
129.00999,0.98001,0.26454,0.73282,0.00264
129.21001,0.98000,0.28390,0.71151,0.00459
129.41000,0.98000,0.06660,0.92831,0.00509
129.61000,0.98000,0.05578,0.94121,0.00300
129.81000,0.98000,0.06858,0.92734,0.00408
130.00999,0.98001,0.08642,0.90583,0.00775
130.21001,0.98000,0.10005,0.88141,0.01854
130.41000,0.98000,0.14907,0.80609,0.04484
130.61000,0.98000,0.19438,0.77944,0.02617
130.81000,0.98000,0.10972,0.87032,0.01996
131.00999,0.98001,0.55627,0.35118,0.09255
131.21001,0.98000,0.28376,0.47045,0.24579
131.41000,0.98000,0.62221,0.25372,0.12407
131.61000,0.98000,0.28261,0.62711,0.09028
131.81000,0.98000,0.18025,0.61159,0.20816
132.00999,0.98001,0.11488,0.76943,0.11570
132.21001,0.98000,0.18757,0.75427,0.05816
132.41000,0.98000,0.07309,0.92012,0.00679
132.61000,0.98000,0.07993,0.91027,0.00980
132.81000,0.98000,0.06706,0.93002,0.00292
133.00999,0.98001,0.21505,0.77775,0.00719
133.21001,0.98000,0.06651,0.92644,0.00705
133.41000,0.98000,0.08632,0.88605,0.02763
133.61000,0.98000,0.04678,0.94754,0.00568
133.81000,0.98000,0.03280,0.96504,0.00215
134.00999,0.98001,0.06201,0.92992,0.00807
134.21001,0.98000,0.30181,0.50378,0.19441
134.41000,0.98000,0.40087,0.00949,0.58964
134.61000,0.98000,0.44675,0.15669,0.39656
134.81000,0.98000,0.28485,0.56196,0.15319
135.00999,0.98001,0.07662,0.91125,0.01213
135.21001,0.98000,0.08573,0.90430,0.00997
135.41000,0.98000,0.06639,0.92575,0.00786
135.61000,0.98000,0.05958,0.93314,0.00728
135.81000,0.98000,0.07545,0.91415,0.01039
136.00999,0.98001,0.06899,0.92626,0.00475
136.21001,0.98000,0.15861,0.83878,0.00261
136.41000,0.98000,0.20754,0.76368,0.02878
136.61000,0.98000,0.80035,0.13948,0.06016
136.81000,0.98000,0.60550,0.36618,0.02831
137.00999,0.98001,0.19144,0.78786,0.02071
137.21001,0.98000,0.05283,0.94367,0.00350
137.41000,0.98000,0.05001,0.94633,0.00366
137.61000,0.98000,0.16116,0.83191,0.00693
137.81000,0.98000,0.05945,0.93492,0.00564
138.00999,0.98001,0.07225,0.91460,0.01315
138.21001,0.98000,0.05962,0.93624,0.00414
138.41000,0.98000,0.05024,0.94484,0.00492
138.61000,0.98000,0.03518,0.96223,0.00259
138.81000,0.98000,0.07794,0.90992,0.01213
139.00999,0.98001,0.08326,0.90343,0.01331
139.21001,0.98000,0.11432,0.85181,0.03388
139.41000,0.98000,0.07712,0.91551,0.00737
139.61000,0.98000,0.05917,0.93638,0.00445
139.81000,0.98000,0.04648,0.94932,0.00420
140.00999,0.98001,0.10201,0.89118,0.00681
140.21001,0.98000,0.05797,0.93371,0.00832
140.41000,0.98000,0.08284,0.90642,0.01074
140.61000,0.98000,0.04959,0.93409,0.01632
140.81000,0.98000,0.05995,0.93661,0.00344
141.00999,0.98001,0.05034,0.94360,0.00606
141.21001,0.98000,0.04835,0.94264,0.00901
141.41000,0.98000,0.13231,0.80886,0.05882
141.61000,0.98000,0.14258,0.80680,0.05062
141.81000,0.98000,0.10438,0.88268,0.01294
142.00999,0.98001,0.03693,0.96079,0.00229
142.21001,0.98000,0.04302,0.95471,0.00227
142.41000,0.98000,0.08511,0.90805,0.00684
142.61000,0.98000,0.04290,0.95383,0.00327
142.81000,0.98000,0.06067,0.92807,0.01125
143.00999,0.98001,0.04792,0.94660,0.00548
143.21001,0.98000,0.03412,0.96163,0.00426
143.41000,0.98000,0.03382,0.95779,0.00839
143.61000,0.98000,0.05356,0.94054,0.00590
143.81000,0.98000,0.13415,0.81731,0.04854
144.00999,0.98001,0.08897,0.89618,0.01485
144.21001,0.98000,0.08822,0.89851,0.01327
144.41000,0.98000,0.09384,0.86906,0.03711
144.61000,0.98000,0.10583,0.85447,0.03970
144.81000,0.98000,0.10216,0.84703,0.05080
145.00999,0.98001,0.15260,0.79720,0.05020
145.21001,0.98000,0.08721,0.86804,0.04474
145.41000,0.98000,0.18690,0.53017,0.28293
145.61000,0.98000,0.42640,0.45044,0.12316
145.81000,0.98000,0.20212,0.72819,0.06970
146.00999,0.98001,0.09950,0.85991,0.04059
146.21001,0.98000,0.07534,0.87049,0.05417
146.41000,0.98000,0.03688,0.95888,0.00424
146.61000,0.98000,0.02931,0.96648,0.00421
146.81000,0.98000,0.03029,0.96711,0.00260
147.00999,0.98001,0.04336,0.95420,0.00244
147.21001,0.98000,0.06395,0.93036,0.00569
147.41000,0.98000,0.05409,0.94105,0.00486
147.61000,0.98000,0.05123,0.94315,0.00562
147.81000,0.98000,0.05269,0.94287,0.00444
148.00999,0.98001,0.05371,0.94280,0.00348
148.21001,0.98000,0.03444,0.96331,0.00225
148.41000,0.98000,0.03543,0.96242,0.00215
148.61000,0.98000,0.04613,0.95090,0.00297
148.81000,0.98000,0.08746,0.90149,0.01105
149.00999,0.98001,0.08339,0.90726,0.00935
149.21001,0.98000,0.08332,0.90210,0.01459
149.41000,0.98000,0.07306,0.91130,0.01563
149.61000,0.98000,0.07591,0.91322,0.01087
149.81000,0.98000,0.06858,0.90304,0.02838
150.00999,0.98001,0.07568,0.89921,0.02511
150.21001,0.98000,0.04842,0.94681,0.00477
150.41000,0.98000,0.11964,0.85467,0.02569
150.61000,0.98000,0.10101,0.89186,0.00713
150.81000,0.98000,0.08280,0.91276,0.00444
151.00999,0.98001,0.04466,0.95147,0.00387
151.21001,0.98000,0.05072,0.94236,0.00692
151.41000,0.98000,0.04358,0.95443,0.00199
151.61000,0.98000,0.03582,0.96140,0.00277
151.81000,0.98000,0.03773,0.95868,0.00360
152.00999,0.98001,0.11663,0.83988,0.04349
152.21001,0.98000,0.09938,0.89266,0.00796
152.41000,0.98000,0.07444,0.91618,0.00938
152.61000,0.98000,0.10702,0.88583,0.00715
152.81000,0.98000,0.10034,0.89016,0.00951
153.00999,0.98001,0.05950,0.93579,0.00471
153.21001,0.98000,0.10508,0.87601,0.01891
153.41000,0.98000,0.09583,0.85860,0.04557
153.61000,0.98000,0.09729,0.86684,0.03587
153.81000,0.98000,0.22801,0.62713,0.14486
154.00999,0.98001,0.11089,0.84156,0.04755
154.21001,0.98000,0.08421,0.87286,0.04293
154.41000,0.98000,0.06176,0.90122,0.03701
154.61000,0.98000,0.02832,0.96730,0.00438
154.81000,0.98000,0.03028,0.96632,0.00340
155.00999,0.98001,0.06939,0.92356,0.00705
155.21001,0.98000,0.08102,0.91093,0.00804
155.41000,0.98000,0.11890,0.86689,0.01421
155.61000,0.98000,0.10054,0.88401,0.01545
155.81000,0.98000,0.07064,0.91512,0.01424
156.00999,0.98001,0.05817,0.93465,0.00718
156.21001,0.98000,0.04251,0.95455,0.00294
156.41000,0.98000,0.02955,0.96856,0.00189
156.61000,0.98000,0.04756,0.95047,0.00198
156.81000,0.98000,0.06102,0.93224,0.00674
157.00999,0.98001,0.10677,0.88865,0.00457
157.21001,0.98000,0.04909,0.94680,0.00412
157.41000,0.98000,0.07433,0.92171,0.00397
157.61000,0.98000,0.07187,0.92456,0.00358
157.81000,0.98000,0.03926,0.95910,0.00164
158.00999,0.98001,0.03667,0.96023,0.00310
158.21001,0.98000,0.03639,0.96166,0.00195
158.41000,0.98000,0.02631,0.97183,0.00186
158.61000,0.98000,0.02734,0.97128,0.00137
158.81000,0.98000,0.04664,0.95146,0.00191
159.00999,0.98001,0.02742,0.97139,0.00119
159.21001,0.98000,0.05350,0.94481,0.00168
159.41000,0.98000,0.10618,0.89002,0.00380
159.61000,0.98000,0.04153,0.95566,0.00282
159.81000,0.98000,0.03701,0.96014,0.00285
160.00999,0.98001,0.04697,0.95009,0.00294
160.21001,0.98000,0.04425,0.95353,0.00222
160.41000,0.98000,0.03859,0.95870,0.00270
160.61000,0.98000,0.02961,0.96830,0.00209
160.81000,0.98000,0.02475,0.97399,0.00126
161.00999,0.98001,0.02902,0.96942,0.00156
161.21001,0.98000,0.03266,0.96548,0.00186
161.41000,0.98000,0.06002,0.93500,0.00498
161.61000,0.98000,0.06822,0.92770,0.00408
161.81000,0.98000,0.17594,0.81771,0.00635
162.00999,0.98001,0.04108,0.95581,0.00311
162.21001,0.98000,0.06595,0.93242,0.00163
162.41000,0.98000,0.06079,0.93541,0.00381
162.61000,0.98000,0.05540,0.94179,0.00281
162.81000,0.98000,0.02301,0.97528,0.00171
163.00999,0.98001,0.02858,0.96836,0.00307
163.21001,0.98000,0.02821,0.96952,0.00228
163.41000,0.98000,0.05488,0.94101,0.00411
163.61000,0.98000,0.06228,0.93255,0.00517
163.81000,0.98000,0.20746,0.78619,0.00635
164.00999,0.98001,0.05874,0.93703,0.00423
164.21001,0.98000,0.21494,0.78124,0.00382
164.41000,0.98000,0.08478,0.91116,0.00406
164.61000,0.98000,0.07039,0.92709,0.00252
164.81000,0.98000,0.04063,0.95765,0.00172
165.00999,0.98001,0.05412,0.94377,0.00211
165.21001,0.98000,0.06627,0.92994,0.00379
165.41000,0.98000,0.09597,0.89529,0.00874
165.61000,0.98000,0.18633,0.80978,0.00389
165.81000,0.98000,0.07545,0.92230,0.00226
166.00999,0.98001,0.08655,0.91040,0.00305
166.21001,0.98000,0.04118,0.95745,0.00138
166.41000,0.98000,0.05014,0.94734,0.00252
166.61000,0.98000,0.08063,0.91771,0.00165
166.81000,0.98000,0.03118,0.96662,0.00220
167.00999,0.98001,0.02769,0.97061,0.00170
167.21001,0.98000,0.04119,0.95600,0.00281
167.41000,0.98000,0.05483,0.94125,0.00393
167.61000,0.98000,0.09976,0.88656,0.01368
167.81000,0.98000,0.30116,0.68698,0.01186
168.00999,0.98001,0.15250,0.83572,0.01178
168.21001,0.98000,0.10216,0.89052,0.00731
168.41000,0.98000,0.05969,0.93264,0.00766
168.61000,0.98000,0.03706,0.96141,0.00153
168.81000,0.98000,0.02387,0.97466,0.00147
169.00999,0.98001,0.03859,0.96009,0.00132
169.21001,0.98000,0.27109,0.71759,0.01132
169.41000,0.98000,0.43719,0.42320,0.13961
169.61000,0.98000,0.97322,0.00507,0.02171
169.81000,0.98000,0.91353,0.02844,0.05803
170.00999,0.98001,0.89856,0.01332,0.08812
170.21001,0.98000,0.97315,0.01386,0.01299
170.41000,0.98000,0.86222,0.09668,0.04110
170.61000,0.98000,0.20555,0.78819,0.00627
170.81000,0.98000,0.18164,0.81134,0.00701
171.00999,0.98001,0.05524,0.94128,0.00347
171.21001,0.98000,0.05354,0.94285,0.00361
171.41000,0.98000,0.05652,0.93672,0.00675
171.61000,0.98000,0.05363,0.94340,0.00297
171.81000,0.98000,0.08033,0.91244,0.00723
172.00999,0.98001,0.09237,0.89648,0.01115
172.21001,0.98000,0.09120,0.89493,0.01387
172.41000,0.98000,0.14037,0.73924,0.12039
172.61000,0.98000,0.27744,0.19133,0.53124
172.81000,0.98000,0.07211,0.18500,0.74289
173.00999,0.98001,0.06090,0.02369,0.91541
173.21001,0.98000,0.05185,0.12250,0.82565
173.41000,0.98000,0.02706,0.05799,0.91494
173.61000,0.98000,0.07574,0.30273,0.62153
173.81000,0.98000,0.14882,0.67383,0.17734
174.00999,0.98001,0.08959,0.88689,0.02352
174.21001,0.98000,0.08994,0.90072,0.00934
174.41000,0.98000,0.05441,0.93897,0.00663
174.61000,0.98000,0.05257,0.94102,0.00641
174.81000,0.98000,0.02409,0.97384,0.00207
175.00999,0.98001,0.02809,0.96747,0.00444
175.21001,0.98000,0.02907,0.96853,0.00240
175.41000,0.98000,0.05629,0.93907,0.00464
175.61000,0.98000,0.05821,0.93594,0.00585
175.81000,0.98000,0.06167,0.93566,0.00267
176.00999,0.98001,0.05749,0.93943,0.00308
176.21001,0.98000,0.07427,0.92041,0.00532
176.41000,0.98000,0.07770,0.91198,0.01032
176.61000,0.98000,0.04941,0.94513,0.00545
176.81000,0.98000,0.04365,0.95437,0.00198
177.00999,0.98001,0.02636,0.97189,0.00175
177.21001,0.98000,0.03125,0.96505,0.00370
177.41000,0.98000,0.03740,0.96071,0.00189
177.61000,0.98000,0.07974,0.91051,0.00975
177.81000,0.98000,0.05703,0.93941,0.00357
178.00999,0.98001,0.06351,0.93180,0.00469
178.21001,0.98000,0.13457,0.86135,0.00408
178.41000,0.98000,0.05247,0.94434,0.00320
178.61000,0.98000,0.04719,0.94695,0.00586
178.81000,0.98000,0.04073,0.95361,0.00566
179.00999,0.98001,0.03157,0.96524,0.00319
179.21001,0.98000,0.01771,0.97945,0.00284
179.41000,0.98000,0.02164,0.97515,0.00322
179.61000,0.98000,0.03246,0.96512,0.00243
179.81000,0.98000,0.07782,0.91649,0.00569
180.00999,0.98001,0.11836,0.86638,0.01526
180.21001,0.98000,0.10857,0.88229,0.00914
180.41000,0.98000,0.09611,0.89873,0.00516
180.61000,0.98000,0.04783,0.94901,0.00316
180.81000,0.98000,0.05240,0.94051,0.00709
181.00999,0.98001,0.03960,0.95735,0.00305
181.21001,0.98000,0.02645,0.97009,0.00345
181.41000,0.98000,0.03253,0.96111,0.00637
181.61000,0.98000,0.06927,0.92337,0.00736
181.81000,0.98000,0.12317,0.85532,0.02151
182.00999,0.98001,0.12434,0.85326,0.02240
182.21001,0.98000,0.05739,0.93582,0.00679
182.41000,0.98000,0.04367,0.95369,0.00264
182.61000,0.98000,0.02612,0.97225,0.00163
182.81000,0.98000,0.02023,0.97844,0.00133
183.00999,0.98001,0.03277,0.96262,0.00461
183.21001,0.98000,0.05260,0.93916,0.00824
183.41000,0.98000,0.08906,0.89982,0.01111
183.61000,0.98000,0.08520,0.90363,0.01117
183.81000,0.98000,0.04915,0.94728,0.00357
184.00999,0.98001,0.03625,0.96248,0.00127
184.21001,0.98000,0.03531,0.96282,0.00187
184.41000,0.98000,0.02946,0.96914,0.00140
184.61000,0.98000,0.02623,0.97150,0.00227
184.81000,0.98000,0.02769,0.97050,0.00180
185.00999,0.98001,0.03445,0.96315,0.00240
185.21001,0.98000,0.08666,0.90707,0.00626
185.41000,0.98000,0.23042,0.76132,0.00826
185.61000,0.98000,0.06175,0.93263,0.00562
185.81000,0.98000,0.09636,0.89116,0.01249
186.00999,0.98001,0.08549,0.90940,0.00511
186.21001,0.98000,0.04405,0.95217,0.00377
186.41000,0.98000,0.04303,0.94893,0.00803
186.61000,0.98000,0.06847,0.91486,0.01666
186.81000,0.98000,0.14554,0.78171,0.07275
187.00999,0.98001,0.18603,0.72415,0.08982
187.21001,0.98000,0.14099,0.82795,0.03107
187.41000,0.98000,0.17425,0.75025,0.07550
187.61000,0.98000,0.19239,0.75217,0.05545
187.81000,0.98000,0.15689,0.82550,0.01761
188.00999,0.98001,0.07602,0.90436,0.01962
188.21001,0.98000,0.05360,0.94288,0.00351
188.41000,0.98000,0.02636,0.97213,0.00152
188.61000,0.98000,0.05844,0.93649,0.00508
188.81000,0.98000,0.06265,0.93394,0.00341
189.00999,0.98001,0.10430,0.88318,0.01252
189.21001,0.98000,0.07802,0.91754,0.00444
189.41000,0.98000,0.13723,0.84605,0.01671
189.61000,0.98000,0.06539,0.92901,0.00560
189.81000,0.98000,0.10630,0.87223,0.02147
190.00999,0.98001,0.06168,0.93114,0.00718
190.21001,0.98000,0.08908,0.90648,0.00444
190.41000,0.98000,0.04694,0.95002,0.00304
190.61000,0.98000,0.07213,0.92247,0.00539
190.81000,0.98000,0.11552,0.87319,0.01129
191.00999,0.98001,0.15765,0.83094,0.01140
191.21001,0.98000,0.05290,0.94032,0.00678
191.41000,0.98000,0.04998,0.94673,0.00329
191.61000,0.98000,0.04689,0.94615,0.00697
191.81000,0.98000,0.03597,0.96198,0.00205
192.00999,0.98001,0.02981,0.96835,0.00184
192.21001,0.98000,0.03598,0.96193,0.00209
192.41000,0.98000,0.06711,0.92744,0.00546
192.61000,0.98000,0.07509,0.91931,0.00559
192.81000,0.98000,0.23594,0.75480,0.00925
193.00999,0.98001,0.05998,0.93526,0.00477
193.21001,0.98000,0.06933,0.92437,0.00630
193.41000,0.98000,0.06229,0.93464,0.00306
193.61000,0.98000,0.04194,0.95474,0.00332
193.81000,0.98000,0.03246,0.96580,0.00174
194.00999,0.98001,0.02618,0.97279,0.00103
194.21001,0.98000,0.06873,0.92918,0.00209
194.41000,0.98000,0.14356,0.85247,0.00398
194.61000,0.98000,0.05486,0.94036,0.00478
194.81000,0.98000,0.05699,0.93694,0.00607
195.00999,0.98001,0.05806,0.93540,0.00655
195.21001,0.98000,0.04876,0.94687,0.00437
195.41000,0.98000,0.04121,0.95203,0.00676
195.61000,0.98000,0.02782,0.96926,0.00293
195.81000,0.98000,0.02863,0.96767,0.00370
196.00999,0.98001,0.02315,0.97372,0.00313
196.21001,0.98000,0.05285,0.94494,0.00221
196.41000,0.98000,0.10238,0.88700,0.01062
196.61000,0.98000,0.08214,0.90805,0.00981
196.81000,0.98000,0.10047,0.87180,0.02773
197.00999,0.98001,0.14633,0.80325,0.05041
197.21001,0.98000,0.17677,0.75609,0.06715
197.41000,0.98000,0.14120,0.76152,0.09728
197.61000,0.98000,0.07579,0.91159,0.01262
197.81000,0.98000,0.03077,0.96388,0.00535
198.00999,0.98001,0.04492,0.95220,0.00288
198.21001,0.98000,0.11830,0.86407,0.01763
198.41000,0.98000,0.13213,0.85937,0.00851
198.61000,0.98000,0.10378,0.84940,0.04682
198.81000,0.98000,0.10888,0.80471,0.08641
199.00999,0.98001,0.09232,0.80355,0.10414
199.21001,0.98000,0.07382,0.86440,0.06178
199.41000,0.98000,0.06057,0.93371,0.00572
199.61000,0.98000,0.04375,0.94980,0.00644
199.81000,0.98000,0.25890,0.66163,0.07947
200.00999,0.98001,0.51162,0.41213,0.07625
200.21001,0.98000,0.13125,0.85362,0.01514
200.41000,0.98000,0.14761,0.82402,0.02837
200.61000,0.98000,0.06102,0.93100,0.00799
200.81000,0.98000,0.06783,0.90693,0.02524
201.00999,0.98001,0.04874,0.94510,0.00616
201.21001,0.98000,0.03270,0.96114,0.00616
201.41000,0.98000,0.03539,0.95204,0.01257
201.61000,0.98000,0.04476,0.95143,0.00381
201.81000,0.98000,0.11933,0.86205,0.01862
202.00999,0.98001,0.12730,0.86097,0.01173
202.21001,0.98000,0.15897,0.82410,0.01693
202.41000,0.98000,0.10116,0.84529,0.05355
202.61000,0.98000,0.11360,0.84117,0.04522
202.81000,0.98000,0.08239,0.85235,0.06525
203.00999,0.98001,0.06121,0.92964,0.00915
203.21001,0.98000,0.02921,0.96048,0.01031
203.41000,0.98000,0.03176,0.96520,0.00305
203.61000,0.98000,0.17261,0.82088,0.00651
203.81000,0.98000,0.16584,0.82753,0.00663
204.00999,0.98001,0.09081,0.90240,0.00678
204.21001,0.98000,0.17725,0.81118,0.01156
204.41000,0.98000,0.15100,0.82463,0.02437
204.61000,0.98000,0.13386,0.85336,0.01277
204.81000,0.98000,0.12816,0.86523,0.00662
205.00999,0.98001,0.04637,0.94794,0.00570
205.21001,0.98000,0.02860,0.96683,0.00457
205.41000,0.98000,0.02939,0.96860,0.00201
205.61000,0.98000,0.06126,0.93472,0.00402
205.81000,0.98000,0.07610,0.91726,0.00664
206.00999,0.98001,0.08988,0.89837,0.01176
206.21001,0.98000,0.10515,0.83009,0.06476
206.41000,0.98000,0.06825,0.83257,0.09918
206.61000,0.98000,0.04749,0.94430,0.00820
206.81000,0.98000,0.04013,0.93626,0.02361
207.00999,0.98001,0.02623,0.96801,0.00576
207.21001,0.98000,0.09634,0.88543,0.01823
207.41000,0.98000,0.10419,0.87397,0.02184
207.61000,0.98000,0.19249,0.78644,0.02107
207.81000,0.98000,0.17339,0.76814,0.05846
208.00999,0.98001,0.54099,0.38480,0.07421
208.21001,0.98000,0.23017,0.58502,0.18481
208.41000,0.98000,0.27642,0.69752,0.02606
208.61000,0.98000,0.08200,0.89635,0.02165
208.81000,0.98000,0.03412,0.96009,0.00580
209.00999,0.98001,0.14062,0.81196,0.04741
209.21001,0.98000,0.48145,0.46537,0.05318
209.41000,0.98000,0.13309,0.82256,0.04435
209.61000,0.98000,0.09364,0.78703,0.11934
209.81000,0.98000,0.07710,0.79035,0.13255
210.00999,0.98001,0.05123,0.88381,0.06496
210.21001,0.98000,0.03576,0.94971,0.01452
210.41000,0.98000,0.03477,0.95043,0.01480
210.61000,0.98000,0.03438,0.96252,0.00309
210.81000,0.98000,0.10467,0.87053,0.02480
211.00999,0.98001,0.07548,0.91980,0.00472
211.21001,0.98000,0.12025,0.87438,0.00537
211.41000,0.98000,0.06483,0.92544,0.00974
211.61000,0.98000,0.07930,0.91457,0.00613
211.81000,0.98000,0.09475,0.89243,0.01282
212.00999,0.98001,0.05397,0.93875,0.00728
212.21001,0.98000,0.02586,0.96145,0.01268
212.41000,0.98000,0.02859,0.96778,0.00363
212.61000,0.98000,0.09828,0.88008,0.02163
212.81000,0.98000,0.11492,0.86390,0.02118
213.00999,0.98001,0.11312,0.86088,0.02600
213.21001,0.98000,0.19841,0.77326,0.02833
213.41000,0.98000,0.33025,0.61843,0.05131
213.61000,0.98000,0.22054,0.75243,0.02703
213.81000,0.98000,0.12299,0.87444,0.00257
214.00999,0.98001,0.12146,0.87577,0.00277
214.21001,0.98000,0.03058,0.96742,0.00200
214.41000,0.98000,0.02527,0.97340,0.00133
214.61000,0.98000,0.02474,0.97367,0.00159
214.81000,0.98000,0.06554,0.93289,0.00156
215.00999,0.98001,0.03402,0.96451,0.00147
215.21001,0.98000,0.11553,0.87980,0.00468
215.41000,0.98000,0.15538,0.83952,0.00509
215.61000,0.98000,0.12635,0.86158,0.01206
215.81000,0.98000,0.06247,0.93328,0.00425
216.00999,0.98001,0.06741,0.93016,0.00243
216.21001,0.98000,0.12666,0.83764,0.03570
216.41000,0.98000,0.06696,0.92636,0.00668
216.61000,0.98000,0.06196,0.93145,0.00659
216.81000,0.98000,0.07889,0.91694,0.00417
217.00999,0.98001,0.13708,0.85209,0.01083
217.21001,0.98000,0.19957,0.78990,0.01053
217.41000,0.98000,0.73292,0.14396,0.12313
217.61000,0.98000,0.36061,0.52611,0.11328
217.81000,0.98000,0.24876,0.45206,0.29918
218.00999,0.98001,0.33769,0.60613,0.05619
218.21001,0.98000,0.14441,0.79371,0.06189
218.41000,0.98000,0.09974,0.87924,0.02102
218.61000,0.98000,0.09935,0.88765,0.01300
218.81000,0.98000,0.12636,0.82907,0.04457
219.00999,0.98001,0.09239,0.88329,0.02433
219.21001,0.98000,0.06448,0.89857,0.03695
219.41000,0.98000,0.03710,0.95319,0.00970
219.61000,0.98000,0.02248,0.97348,0.00404
219.81000,0.98000,0.03130,0.96699,0.00171
220.00999,0.98001,0.05729,0.93646,0.00625
220.21001,0.98000,0.05808,0.93702,0.00489
220.41000,0.98000,0.05960,0.93204,0.00836
220.61000,0.98000,0.05549,0.93771,0.00680
220.81000,0.98000,0.05535,0.93120,0.01345
221.00999,0.98001,0.03569,0.95987,0.00444
221.21001,0.98000,0.02607,0.96701,0.00692
221.41000,0.98000,0.02286,0.97452,0.00262
221.61000,0.98000,0.06715,0.92569,0.00716
221.81000,0.98000,0.11630,0.87068,0.01302
222.00999,0.98001,0.10184,0.74667,0.15149
222.21001,0.98000,0.08348,0.83067,0.08585
222.41000,0.98000,0.09310,0.79732,0.10958
222.61000,0.98000,0.09212,0.85598,0.05190
222.81000,0.98000,0.09425,0.88655,0.01919
223.00999,0.98001,0.02816,0.96490,0.00694
223.21001,0.98000,0.08331,0.90775,0.00893
223.41000,0.98000,0.08562,0.90046,0.01392
223.61000,0.98000,0.09655,0.88968,0.01376
223.81000,0.98000,0.08108,0.90820,0.01072
224.00999,0.98001,0.05958,0.92840,0.01201
224.21001,0.98000,0.03625,0.95951,0.00423
224.41000,0.98000,0.03005,0.96096,0.00899
224.61000,0.98000,0.02330,0.97221,0.00449
224.81000,0.98000,0.14714,0.84324,0.00963
225.00999,0.98001,0.10884,0.86733,0.02383
225.21001,0.98000,0.24704,0.72384,0.02913
225.41000,0.98000,0.10285,0.88681,0.01034
225.61000,0.98000,0.06939,0.92692,0.00368
225.81000,0.98000,0.05919,0.93745,0.00336
226.00999,0.98001,0.08156,0.91249,0.00594
226.21001,0.98000,0.06559,0.92737,0.00704
226.41000,0.98000,0.06122,0.93422,0.00456
226.61000,0.98000,0.07057,0.92193,0.00750
226.81000,0.98000,0.03763,0.95930,0.00307
227.00999,0.98001,0.04001,0.95686,0.00313
227.21001,0.98000,0.04469,0.95329,0.00202
227.41000,0.98000,0.08324,0.90141,0.01536
227.61000,0.98000,0.05540,0.94029,0.00431
227.81000,0.98000,0.13811,0.85690,0.00499
228.00999,0.98001,0.04486,0.95029,0.00485
228.21001,0.98000,0.07409,0.92061,0.00530
228.41000,0.98000,0.04110,0.95327,0.00562
228.61000,0.98000,0.05032,0.94636,0.00332
228.81000,0.98000,0.02899,0.96937,0.00163
229.00999,0.98001,0.05813,0.93184,0.01003
229.21001,0.98000,0.31123,0.61799,0.07078
229.41000,0.98000,0.42346,0.43452,0.14202
229.61000,0.98000,0.34487,0.53236,0.12277
229.81000,0.98000,0.19574,0.76336,0.04090
230.00999,0.98001,0.20990,0.68659,0.10351
230.21001,0.98000,0.13802,0.84318,0.01880
230.41000,0.98000,0.13166,0.43019,0.43815
230.61000,0.98000,0.16651,0.75966,0.07383
230.81000,0.98000,0.20098,0.67545,0.12357
231.00999,0.98001,0.18077,0.65515,0.16408
231.21001,0.98000,0.24577,0.66158,0.09266
231.41000,0.98000,0.13856,0.77332,0.08812
231.61000,0.98000,0.17010,0.79905,0.03084
231.81000,0.98000,0.17234,0.81243,0.01523
232.00999,0.98001,0.04916,0.94195,0.00888
232.21001,0.98000,0.04913,0.94413,0.00674
232.41000,0.98000,0.05077,0.93931,0.00992
232.61000,0.98000,0.05141,0.94528,0.00331
232.81000,0.98000,0.04362,0.95085,0.00552
233.00999,0.98001,0.05993,0.92385,0.01622
233.21001,0.98000,0.17714,0.61561,0.20725
233.41000,0.98000,0.24772,0.68341,0.06887
233.61000,0.98000,0.16568,0.81438,0.01994
233.81000,0.98000,0.10095,0.89415,0.00490
234.00999,0.98001,0.05258,0.94425,0.00317
234.21001,0.98000,0.07062,0.92370,0.00568
234.41000,0.98000,0.11405,0.88315,0.00281
234.61000,0.98000,0.10049,0.89521,0.00429
234.81000,0.98000,0.05195,0.94385,0.00421
235.00999,0.98001,0.64429,0.32294,0.03277
235.21001,0.98000,0.89193,0.02397,0.08410
235.41000,0.98000,0.75676,0.18956,0.05368
235.61000,0.98000,0.24020,0.75258,0.00723
235.81000,0.98000,0.17432,0.82023,0.00545
236.00999,0.98001,0.07837,0.91137,0.01026
236.21001,0.98000,0.05698,0.93649,0.00653
236.41000,0.98000,0.04425,0.95003,0.00572
236.61000,0.98000,0.04392,0.94980,0.00628
236.81000,0.98000,0.04412,0.95341,0.00247
237.00999,0.98001,0.02966,0.96549,0.00485
237.21001,0.98000,0.02890,0.96768,0.00342
237.41000,0.98000,0.06996,0.92382,0.00621
237.61000,0.98000,0.11011,0.87809,0.01181
237.81000,0.98000,0.09602,0.89078,0.01320
238.00999,0.98001,0.06827,0.91465,0.01708
238.21001,0.98000,0.04111,0.95017,0.00872
238.41000,0.98000,0.04971,0.94438,0.00590
238.61000,0.98000,0.04799,0.93079,0.02122
238.81000,0.98000,0.04155,0.95116,0.00729
239.00999,0.98001,0.13841,0.82205,0.03954
239.21001,0.98000,0.11459,0.85165,0.03376
239.41000,0.98000,0.09217,0.90083,0.00699
239.61000,0.98000,0.04314,0.95352,0.00335
239.81000,0.98000,0.03490,0.96078,0.00432
240.00999,0.98001,0.02899,0.96667,0.00434
240.21001,0.98000,0.02066,0.97666,0.00268
240.41000,0.98000,0.03328,0.96027,0.00645
240.61000,0.98000,0.05313,0.94149,0.00538
240.81000,0.98000,0.09316,0.88444,0.02240
241.00999,0.98001,0.08185,0.90606,0.01209
241.21001,0.98000,0.05981,0.92970,0.01049
241.41000,0.98000,0.05515,0.93405,0.01080
241.61000,0.98000,0.05283,0.93059,0.01658
241.81000,0.98000,0.03647,0.96004,0.00349
242.00999,0.98001,0.02701,0.96957,0.00342
242.21001,0.98000,0.05544,0.93843,0.00614
242.41000,0.98000,0.06446,0.92953,0.00601
242.61000,0.98000,0.08070,0.91001,0.00929
242.81000,0.98000,0.06591,0.92774,0.00634
243.00999,0.98001,0.04808,0.94419,0.00773
243.21001,0.98000,0.05090,0.94375,0.00536
243.41000,0.98000,0.04520,0.95277,0.00203
243.61000,0.98000,0.03326,0.96003,0.00672
243.81000,0.98000,0.06606,0.92749,0.00645
244.00999,0.98001,0.10371,0.87719,0.01910
244.21001,0.98000,0.10193,0.88676,0.01131
244.41000,0.98000,0.14880,0.84415,0.00705
244.61000,0.98000,0.06578,0.92177,0.01245
244.81000,0.98000,0.07875,0.91428,0.00697
245.00999,0.98001,0.09297,0.89444,0.01259
245.21001,0.98000,0.06274,0.93094,0.00632
245.41000,0.98000,0.06881,0.92217,0.00902
245.61000,0.98000,0.06118,0.93458,0.00424
245.81000,0.98000,0.13084,0.83652,0.03264
246.00999,0.98001,0.08679,0.89292,0.02029
246.21001,0.98000,0.11162,0.86319,0.02519
246.41000,0.98000,0.12693,0.85895,0.01411
246.61000,0.98000,0.15542,0.80566,0.03893
246.81000,0.98000,0.11420,0.87116,0.01464
247.00999,0.98001,0.17847,0.63132,0.19021
247.21001,0.98000,0.17313,0.79753,0.02935
247.41000,0.98000,0.14117,0.83998,0.01885
247.61000,0.98000,0.09668,0.89709,0.00623
247.81000,0.98000,0.08817,0.90437,0.00746
248.00999,0.98001,0.09539,0.88723,0.01738
248.21001,0.98000,0.12473,0.86354,0.01174
248.41000,0.98000,0.09024,0.89925,0.01051
248.61000,0.98000,0.07581,0.91998,0.00421
248.81000,0.98000,0.25595,0.72729,0.01676
249.00999,0.98001,0.23916,0.68024,0.08060
249.21001,0.98000,0.13036,0.52870,0.34093
249.41000,0.98000,0.12325,0.47975,0.39700
249.61000,0.98000,0.23814,0.56549,0.19636
249.81000,0.98000,0.13141,0.81795,0.05064
250.00999,0.98001,0.11762,0.86926,0.01312
250.21001,0.98000,0.09131,0.89882,0.00987
250.41000,0.98000,0.15468,0.83072,0.01460
250.61000,0.98000,0.16776,0.81714,0.01510
250.81000,0.98000,0.14720,0.80774,0.04506
251.00999,0.98001,0.20488,0.39268,0.40244
251.21001,0.98000,0.13645,0.66242,0.20112
251.41000,0.98000,0.10892,0.59127,0.29981
251.61000,0.98000,0.15751,0.62306,0.21943
251.81000,0.98000,0.09887,0.88089,0.02025
252.00999,0.98001,0.10911,0.88216,0.00873
252.21001,0.98000,0.12294,0.85465,0.02241
252.41000,0.98000,0.11666,0.86092,0.02242
252.61000,0.98000,0.18374,0.74889,0.06738
252.81000,0.98000,0.22011,0.75910,0.02079
253.00999,0.98001,0.20178,0.77850,0.01972
253.21001,0.98000,0.21115,0.75351,0.03534
253.41000,0.98000,0.10808,0.88054,0.01138
253.61000,0.98000,0.11899,0.86990,0.01111
253.81000,0.98000,0.13521,0.83444,0.03035
254.00999,0.98001,0.13118,0.83405,0.03477
254.21001,0.98000,0.19115,0.75229,0.05657
254.41000,0.98000,0.21003,0.76461,0.02536
254.61000,0.98000,0.18927,0.79806,0.01267
254.81000,0.98000,0.21185,0.66314,0.12500
255.00999,0.98001,0.11645,0.86465,0.01890
255.21001,0.98000,0.09245,0.90239,0.00515
255.41000,0.98001,0.13002,0.84509,0.02488
255.61000,0.98000,0.12573,0.83812,0.03615
255.81000,0.98001,0.18415,0.75139,0.06446
256.01001,0.97998,0.18911,0.76244,0.04844
256.20999,0.98001,0.18710,0.78918,0.02372
256.41000,0.98001,0.21329,0.75545,0.03126
256.60999,0.98001,0.35844,0.57198,0.06959
256.81000,0.98001,0.15619,0.81770,0.02611
257.01001,0.97998,0.17691,0.75594,0.06715
257.20999,0.98001,0.17391,0.73261,0.09348
257.41000,0.98001,0.42694,0.45022,0.12284
257.60999,0.98001,0.17435,0.70121,0.12444
257.81000,0.98001,0.15141,0.68320,0.16539
258.01001,0.97998,0.22014,0.65750,0.12236
258.20999,0.98001,0.17644,0.78542,0.03814
258.41000,0.98001,0.11922,0.87342,0.00736
258.60999,0.98001,0.18172,0.79679,0.02149
258.81000,0.98001,0.12153,0.85379,0.02468
259.01001,0.97998,0.15684,0.78906,0.05410
259.20999,0.98001,0.20469,0.63793,0.15738
259.41000,0.98001,0.13596,0.81920,0.04483
259.60999,0.98001,0.12914,0.85621,0.01465
259.81000,0.98001,0.14858,0.82892,0.02250
260.01001,0.97998,0.09211,0.89871,0.00918
260.20999,0.98001,0.10207,0.88531,0.01262
260.41000,0.98001,0.12011,0.87614,0.00376
260.60999,0.98001,0.15133,0.84078,0.00789
260.81000,0.98001,0.08392,0.91132,0.00476
261.01001,0.97998,0.10891,0.88311,0.00798
261.20999,0.98001,0.29801,0.68186,0.02013
261.41000,0.98001,0.14199,0.82394,0.03408
261.60999,0.98001,0.14251,0.81851,0.03898
261.81000,0.98001,0.15914,0.78027,0.06059
262.01001,0.97998,0.17302,0.78514,0.04185
262.20999,0.98001,0.11745,0.87288,0.00967
262.41000,0.98001,0.14681,0.84553,0.00766
262.60999,0.98001,0.14069,0.85201,0.00730
262.81000,0.98001,0.08584,0.90999,0.00417
263.01001,0.97998,0.13237,0.85343,0.01420
263.20999,0.98001,0.18489,0.75073,0.06437
263.41000,0.98001,0.13740,0.69829,0.16431
263.60999,0.98001,0.11288,0.73826,0.14887
263.81000,0.98001,0.17981,0.66301,0.15718
264.01001,0.97998,0.18734,0.73150,0.08116
264.20999,0.98001,0.11134,0.88089,0.00777
264.41000,0.98001,0.16705,0.74113,0.09182
264.60999,0.98001,0.14639,0.80615,0.04746
264.81000,0.98001,0.16434,0.78961,0.04605
265.01001,0.97998,0.19605,0.70006,0.10388
265.20999,0.98001,0.21266,0.77074,0.01660
265.41000,0.98001,0.18057,0.79899,0.02044
265.60999,0.98001,0.21264,0.71967,0.06769
265.81000,0.98001,0.10149,0.88903,0.00948
266.01001,0.97998,0.08720,0.90809,0.00471
266.20999,0.98001,0.11814,0.87259,0.00926
266.41000,0.98001,0.12758,0.82128,0.05114
266.60999,0.98001,0.17098,0.73462,0.09440
266.81000,0.98001,0.14596,0.72619,0.12785
267.01001,0.97998,0.16919,0.48336,0.34745
267.20999,0.98001,0.12458,0.39707,0.47835
267.41000,0.98001,0.30691,0.44114,0.25195
267.60999,0.98001,0.26375,0.64075,0.09550
267.81000,0.98001,0.17773,0.74321,0.07906
268.01001,0.97998,0.28565,0.68189,0.03246
268.20999,0.98001,0.13201,0.84500,0.02299
268.41000,0.98001,0.13638,0.85481,0.00881
268.60999,0.98001,0.15079,0.84381,0.00540
268.81000,0.98001,0.13491,0.86086,0.00423
269.01001,0.97998,0.10570,0.89033,0.00397
269.20999,0.98001,0.17216,0.81759,0.01025
269.41000,0.98001,0.09687,0.89347,0.00966
269.60999,0.98001,0.08074,0.91150,0.00776
269.81000,0.98001,0.12301,0.84625,0.03074
270.01001,0.97998,0.10978,0.87514,0.01507
270.20999,0.98001,0.11400,0.88147,0.00454
270.41000,0.98001,0.31334,0.67697,0.00969
270.60999,0.98001,0.10034,0.88315,0.01651
270.81000,0.98001,0.12359,0.85107,0.02534
271.01001,0.97998,0.16745,0.75037,0.08218
271.20999,0.98001,0.11320,0.87731,0.00949
271.41000,0.98001,0.12866,0.85947,0.01187
271.60999,0.98001,0.06294,0.93477,0.00229
271.81000,0.98001,0.05591,0.94095,0.00314
272.01001,0.97998,0.09880,0.89156,0.00964
272.20999,0.98001,0.08632,0.90481,0.00887
272.41000,0.98001,0.09415,0.89786,0.00798
272.60999,0.98001,0.10445,0.89024,0.00532
272.81000,0.98001,0.12803,0.86386,0.00812
273.01001,0.97998,0.14664,0.84840,0.00495
273.20999,0.98001,0.08924,0.90706,0.00370
273.41000,0.98001,0.05764,0.93989,0.00248
273.60999,0.98001,0.09022,0.90369,0.00609
273.81000,0.98001,0.09202,0.89968,0.00831
274.01001,0.97998,0.09544,0.89357,0.01099
274.20999,0.98001,0.09625,0.89775,0.00600
274.41000,0.98001,0.12865,0.85813,0.01322
274.60999,0.98001,0.14661,0.83798,0.01541
274.81000,0.98001,0.15952,0.82123,0.01924
275.01001,0.97998,0.11619,0.87127,0.01254
275.20999,0.98001,0.08327,0.91397,0.00276
275.41000,0.98001,0.09849,0.89179,0.00972
275.60999,0.98001,0.10346,0.88294,0.01360
275.81000,0.98001,0.20094,0.77057,0.02849
276.01001,0.97998,0.59530,0.38471,0.01999
276.20999,0.98001,0.32155,0.64203,0.03642
276.41000,0.98001,0.18830,0.78772,0.02398
276.60999,0.98001,0.43527,0.54306,0.02167
276.81000,0.98001,0.46292,0.47791,0.05918
277.01001,0.97998,0.11864,0.86771,0.01365
277.20999,0.98001,0.11918,0.87191,0.00891
277.41000,0.98001,0.08686,0.90739,0.00576
277.60999,0.98001,0.09617,0.89676,0.00707
277.81000,0.98001,0.12136,0.87069,0.00795
278.01001,0.97998,0.08883,0.90539,0.00578
278.20999,0.98001,0.09768,0.89851,0.00380
278.41000,0.98001,0.10516,0.89049,0.00435
278.60999,0.98001,0.08146,0.91556,0.00298
278.81000,0.98001,0.12300,0.87370,0.00330
279.01001,0.97998,0.09834,0.89797,0.00370
279.20999,0.98001,0.06752,0.92682,0.00566
279.41000,0.98001,0.08834,0.90416,0.00749
279.60999,0.98001,0.09396,0.89582,0.01022
279.81000,0.98001,0.13462,0.83172,0.03366
280.01001,0.97998,0.11570,0.59394,0.29036
280.20999,0.98001,0.08087,0.12552,0.79361
280.41000,0.98001,0.03007,0.07116,0.89877
280.60999,0.98001,0.06340,0.05217,0.88443
280.81000,0.98001,0.23868,0.39286,0.36846
281.01001,0.97998,0.17862,0.73283,0.08855
281.20999,0.98001,0.13041,0.83317,0.03642
281.41000,0.98001,0.15355,0.78702,0.05943
281.60999,0.98001,0.16584,0.70299,0.13117
281.81000,0.98001,0.13972,0.81747,0.04280
282.01001,0.97998,0.30266,0.66463,0.03271
282.20999,0.98001,0.64964,0.30630,0.04406
282.41000,0.98001,0.36238,0.60410,0.03351
282.60999,0.98001,0.37693,0.58846,0.03460
282.81000,0.98001,0.29967,0.67254,0.02780
283.01001,0.97998,0.10096,0.87645,0.02258
283.20999,0.98001,0.07336,0.92023,0.00641
283.41000,0.98001,0.09448,0.89521,0.01031
283.60999,0.98001,0.16613,0.82055,0.01332
283.81000,0.98001,0.56229,0.42766,0.01006
284.01001,0.97998,0.09645,0.89866,0.00490
284.20999,0.98001,0.21302,0.77991,0.00706
284.41000,0.98001,0.32511,0.66851,0.00638
284.60999,0.98001,0.17910,0.81533,0.00557
284.81000,0.98001,0.08015,0.91033,0.00953
285.01001,0.97998,0.19194,0.79211,0.01594
285.20999,0.98001,0.20008,0.77680,0.02312
285.41000,0.98001,0.12534,0.85992,0.01474
285.60999,0.98001,0.06206,0.93577,0.00217
285.81000,0.98001,0.05339,0.94398,0.00263
286.01001,0.97998,0.08091,0.91243,0.00666
286.20999,0.98001,0.12406,0.85853,0.01741
286.41000,0.98001,0.14739,0.83271,0.01990
286.60999,0.98001,0.12331,0.84655,0.03013
286.81000,0.98001,0.15306,0.83456,0.01238
287.01001,0.97998,0.12372,0.86313,0.01316
287.20999,0.98001,0.10548,0.89022,0.00430
287.41000,0.98001,0.08128,0.91573,0.00299
287.60999,0.98001,0.06522,0.93051,0.00426
287.81000,0.98001,0.05326,0.94342,0.00332
288.01001,0.97998,0.04506,0.95170,0.00324
288.20999,0.98001,0.05875,0.93617,0.00507
288.41000,0.98001,0.09179,0.90074,0.00746
288.60999,0.98001,0.11252,0.87290,0.01458
288.81000,0.98001,0.08260,0.91181,0.00559
289.01001,0.97998,0.10291,0.89451,0.00258
289.20999,0.98001,0.04910,0.94918,0.00172
289.41000,0.98001,0.04406,0.95421,0.00174
289.60999,0.98001,0.06763,0.92766,0.00471
289.81000,0.98001,0.18093,0.81160,0.00748
290.01001,0.97998,0.70167,0.29133,0.00700
290.20999,0.98001,0.42646,0.56268,0.01085
290.41000,0.98001,0.64476,0.34257,0.01267
290.60999,0.98001,0.51783,0.47266,0.00951
290.81000,0.98001,0.53264,0.45399,0.01336
291.01001,0.97998,0.13059,0.85681,0.01260
291.20999,0.98001,0.14437,0.83217,0.02345
291.41000,0.98001,0.06746,0.92911,0.00343
291.60999,0.98001,0.08177,0.91294,0.00529
291.81000,0.98001,0.05421,0.94185,0.00394
292.01001,0.97998,0.03990,0.95822,0.00189
292.20999,0.98001,0.04368,0.95356,0.00276
292.41000,0.98001,0.06655,0.92770,0.00575
292.60999,0.98001,0.07967,0.91511,0.00522
292.81000,0.98001,0.09351,0.89955,0.00694
293.01001,0.97998,0.06412,0.93374,0.00214
293.20999,0.98001,0.05062,0.94768,0.00170
293.41000,0.98001,0.07283,0.92443,0.00274
293.60999,0.98001,0.09248,0.90235,0.00518
293.81000,0.98001,0.24399,0.72306,0.03295
294.01001,0.97998,0.56924,0.31642,0.11434
294.20999,0.98001,0.40655,0.51442,0.07903
294.41000,0.98001,0.76070,0.13937,0.09992
294.60999,0.98001,0.70362,0.28785,0.00853
