Time (seconds), Duration (seconds),pred_unlabelled,pred_circle,pred_shaking
0.01000,0.98000,0.08573,0.90085,0.01342
0.21000,0.98000,0.07743,0.91012,0.01245
0.41000,0.98000,0.15305,0.78657,0.06038
0.61000,0.98000,0.15548,0.69587,0.14865
0.81000,0.98000,0.13184,0.68556,0.18260
1.01000,0.98000,0.29578,0.59416,0.11007
1.21000,0.98000,0.08698,0.66093,0.25209
1.41000,0.98000,0.09949,0.54870,0.35181
1.61000,0.98000,0.03429,0.95860,0.00711
1.81000,0.98000,0.04217,0.93801,0.01982
2.01000,0.98000,0.05366,0.91373,0.03261
2.21000,0.98000,0.08369,0.85413,0.06217
2.41000,0.98000,0.25710,0.64536,0.09754
2.61000,0.98000,0.11407,0.75760,0.12834
2.81000,0.98000,0.06804,0.90105,0.03091
3.01000,0.98000,0.05517,0.93742,0.00741
3.21000,0.98000,0.03954,0.95512,0.00535
3.41000,0.98000,0.02682,0.96735,0.00582
3.61000,0.98000,0.03599,0.95691,0.00710
3.81000,0.98000,0.05198,0.93369,0.01433
4.01000,0.98000,0.09613,0.88106,0.02282
4.21000,0.98000,0.14244,0.82969,0.02787
4.41000,0.98000,0.08965,0.88674,0.02361
4.61000,0.98000,0.05988,0.90954,0.03058
4.81000,0.98000,0.05026,0.94492,0.00482
5.01000,0.98000,0.03157,0.96196,0.00647
5.21000,0.98000,0.02689,0.96838,0.00473
5.41000,0.98000,0.03445,0.96219,0.00336
5.61000,0.98000,0.07217,0.92045,0.00738
5.81000,0.98000,0.07238,0.92210,0.00553
6.01000,0.98000,0.11105,0.87938,0.00957
6.21000,0.98000,0.14422,0.80040,0.05538
6.41000,0.98000,0.08694,0.89838,0.01468
6.61000,0.98000,0.05972,0.91737,0.02291
6.81000,0.98000,0.05202,0.93440,0.01358
7.01000,0.98000,0.13856,0.76105,0.10038
7.21000,0.98000,0.13992,0.82263,0.03744
7.41000,0.98000,0.16154,0.76344,0.07502
7.61000,0.98000,0.21120,0.76207,0.02673
7.81000,0.98000,0.08737,0.89447,0.01816
8.01000,0.98000,0.10583,0.85115,0.04302
8.21000,0.98000,0.06113,0.93345,0.00542
8.41000,0.98000,0.07709,0.91488,0.00803
8.61000,0.98000,0.08243,0.90321,0.01436
8.81000,0.98000,0.11475,0.87043,0.01481
9.01000,0.98000,0.14760,0.80348,0.04893
9.21000,0.98000,0.19222,0.75295,0.05484
9.41000,0.98000,0.17981,0.78463,0.03557
9.61000,0.98000,0.17664,0.73127,0.09209
9.81000,0.98000,0.14533,0.71894,0.13573
10.01000,0.98000,0.18087,0.53766,0.28147
10.21000,0.98000,0.18312,0.71541,0.10147
10.41000,0.98000,0.10422,0.73826,0.15752
10.61000,0.98000,0.11250,0.82590,0.06160
10.81000,0.98000,0.06810,0.91488,0.01703
11.01000,0.98000,0.08001,0.90739,0.01260
11.21000,0.98000,0.13272,0.84606,0.02122
11.41000,0.98000,0.13611,0.84683,0.01706
11.61000,0.98000,0.14885,0.82658,0.02457
11.81000,0.98000,0.15355,0.84077,0.00568
12.01000,0.98000,0.16227,0.81678,0.02095
12.21000,0.98000,0.08815,0.90774,0.00411
12.41000,0.98000,0.09888,0.89228,0.00884
12.61000,0.98000,0.09835,0.88986,0.01179
12.81000,0.98000,0.08506,0.90651,0.00843
13.01000,0.98000,0.15140,0.84030,0.00830
13.21000,0.98000,0.16524,0.82214,0.01262
13.41000,0.98000,0.16242,0.82766,0.00991
13.61000,0.98000,0.16374,0.82650,0.00975
13.81000,0.98000,0.17643,0.80991,0.01366
14.01000,0.98000,0.15895,0.83469,0.00636
14.21000,0.98000,0.12512,0.81157,0.06331
14.41000,0.98000,0.08264,0.90603,0.01133
14.61000,0.98000,0.14289,0.80219,0.05492
14.81000,0.98000,0.78363,0.14937,0.06700
15.01000,0.98000,0.87943,0.00578,0.11479
15.21000,0.98000,0.11983,0.01781,0.86235
15.41000,0.98000,0.03229,0.03264,0.93507
15.61000,0.98000,0.01847,0.04095,0.94058
15.81000,0.98000,0.01619,0.07770,0.90611
16.01000,0.98000,0.01033,0.01902,0.97065
16.21000,0.98000,0.00885,0.05501,0.93614
16.41000,0.98000,0.01401,0.02144,0.96455
16.61000,0.98000,0.01334,0.01366,0.97300
16.81000,0.98000,0.03213,0.00413,0.96375
17.01000,0.98000,0.05491,0.00746,0.93763
17.21000,0.98000,0.13327,0.00435,0.86238
17.41000,0.98000,0.13224,0.00243,0.86533
17.61000,0.98000,0.03829,0.01575,0.94596
17.81000,0.98000,0.04312,0.00619,0.95069
18.01000,0.98000,0.01818,0.01097,0.97084
18.21000,0.98000,0.00671,0.00994,0.98335
18.41000,0.98000,0.00423,0.01268,0.98309
18.61000,0.98000,0.00935,0.01570,0.97495
18.81000,0.98000,0.01555,0.00733,0.97712
19.01000,0.98000,0.01911,0.00324,0.97765
19.21000,0.98000,0.02019,0.00639,0.97342
19.41000,0.98000,0.01648,0.01365,0.96988
19.61000,0.98000,0.17438,0.17611,0.64951
19.81000,0.98000,0.94341,0.01661,0.03999
20.01000,0.98000,0.96807,0.01661,0.01531
20.21000,0.98000,0.99056,0.00594,0.00350
20.41000,0.98000,0.99773,0.00131,0.00096
20.61000,0.98000,0.99897,0.00046,0.00056
20.81000,0.98000,0.99886,0.00069,0.00046
21.01000,0.98000,0.99855,0.00087,0.00058
21.21000,0.98000,0.99868,0.00089,0.00043
21.41000,0.98000,0.99937,0.00044,0.00019
21.61000,0.98000,0.99928,0.00052,0.00020
21.81000,0.98000,0.99889,0.00082,0.00030
22.01000,0.98000,0.99896,0.00072,0.00032
22.21000,0.98000,0.99933,0.00047,0.00021
22.41000,0.98000,0.99926,0.00051,0.00022
22.61000,0.98000,0.99907,0.00068,0.00025
22.81000,0.98000,0.99934,0.00046,0.00020
23.01000,0.98000,0.99936,0.00044,0.00020
23.21000,0.98000,0.99941,0.00041,0.00018
23.41000,0.98000,0.99933,0.00049,0.00019
23.61000,0.98000,0.99933,0.00048,0.00019
23.81000,0.98000,0.99939,0.00043,0.00018
24.01000,0.98000,0.99940,0.00042,0.00018
24.21000,0.98000,0.99939,0.00043,0.00018
24.41000,0.98000,0.99831,0.00058,0.00111
24.61000,0.98000,0.99608,0.00062,0.00330
24.81000,0.98000,0.95704,0.00856,0.03440
25.01000,0.98000,0.90697,0.02119,0.07184
25.21000,0.98000,0.33945,0.28510,0.37545
25.41000,0.98000,0.05190,0.00907,0.93903
25.61000,0.98000,0.00481,0.02017,0.97502
25.81000,0.98000,0.03436,0.00609,0.95956
26.01000,0.98000,0.04015,0.00544,0.95441
26.21000,0.98000,0.04933,0.00507,0.94560
26.41000,0.98000,0.08580,0.00319,0.91101
26.61000,0.98000,0.04170,0.00666,0.95165
26.81000,0.98000,0.07265,0.00622,0.92113
27.01000,0.98000,0.05035,0.00335,0.94630
27.21000,0.98000,0.04837,0.00388,0.94775
27.41000,0.98000,0.01855,0.00386,0.97759
27.61000,0.98000,0.01483,0.00440,0.98077
27.81000,0.98000,0.00941,0.00446,0.98613
28.01000,0.98000,0.00402,0.00459,0.99139
28.21000,0.98000,0.00218,0.00616,0.99166
28.41000,0.98000,0.00224,0.01497,0.98279
28.61000,0.98000,0.00854,0.00886,0.98260
28.81000,0.98000,0.00789,0.00312,0.98900
29.01000,0.98000,0.00410,0.01562,0.98029
29.21000,0.98000,0.02982,0.00565,0.96453
29.41000,0.98000,0.01109,0.00626,0.98264
29.61000,0.98000,0.78344,0.01828,0.19829
29.81000,0.98000,0.97310,0.00738,0.01952
30.01000,0.98000,0.98316,0.00714,0.00970
30.21000,0.98000,0.99825,0.00112,0.00062
30.41000,0.98000,0.99908,0.00066,0.00026
30.61000,0.98000,0.99901,0.00073,0.00026
30.81000,0.98000,0.99915,0.00061,0.00024
31.01000,0.98000,0.99924,0.00054,0.00022
31.21000,0.98000,0.99913,0.00061,0.00025
31.41000,0.98000,0.99932,0.00049,0.00020
31.61000,0.98000,0.99929,0.00052,0.00018
31.81000,0.98000,0.99919,0.00060,0.00021
32.01000,0.98000,0.99921,0.00059,0.00021
32.21000,0.98000,0.99911,0.00067,0.00023
32.41000,0.98000,0.99888,0.00086,0.00026
32.61000,0.98000,0.99928,0.00052,0.00020
32.81000,0.98000,0.99928,0.00054,0.00018
33.01000,0.98000,0.99924,0.00056,0.00020
33.21000,0.98000,0.99926,0.00054,0.00020
33.41000,0.98000,0.99938,0.00044,0.00018
33.61000,0.98000,0.99944,0.00040,0.00015
33.81000,0.98000,0.99925,0.00056,0.00019
34.01000,0.98000,0.99910,0.00068,0.00022
34.21000,0.98000,0.99931,0.00051,0.00018
34.41000,0.98000,0.99889,0.00044,0.00067
34.61000,0.98000,0.99136,0.00171,0.00693
34.81000,0.98000,0.98943,0.00149,0.00908
35.01000,0.98000,0.92712,0.00392,0.06896
35.21000,0.98000,0.07138,0.00329,0.92533
35.41000,0.98000,0.08451,0.00316,0.91234
35.61000,0.98000,0.05526,0.00737,0.93737
35.81000,0.98000,0.02115,0.05227,0.92658
36.01000,0.98000,0.01785,0.01288,0.96928
36.21000,0.98000,0.00571,0.01645,0.97784
36.41000,0.98000,0.00788,0.00424,0.98788
36.61000,0.98000,0.00668,0.00804,0.98528
36.81000,0.98000,0.03561,0.01083,0.95356
37.01000,0.98000,0.03285,0.01289,0.95426
37.21000,0.98000,0.18627,0.18950,0.62423
37.41000,0.98000,0.19418,0.40366,0.40216
37.61000,0.98000,0.14615,0.73102,0.12283
37.81000,0.98000,0.03967,0.05259,0.90774
38.01000,0.98000,0.08252,0.19052,0.72696
38.21000,0.98000,0.04367,0.00665,0.94969
38.41000,0.98000,0.01894,0.01445,0.96661
38.61000,0.98000,0.05568,0.01147,0.93285
38.81000,0.98000,0.00737,0.02006,0.97258
39.01000,0.98000,0.03420,0.00849,0.95730
39.21000,0.98000,0.02780,0.00507,0.96712
39.41000,0.98000,0.61172,0.03205,0.35622
39.61000,0.98000,0.34030,0.26876,0.39095
39.81000,0.98000,0.29356,0.42479,0.28165
40.01000,0.98000,0.11412,0.73103,0.15485
40.21000,0.98000,0.14437,0.80599,0.04964
40.41000,0.98000,0.09771,0.43633,0.46596
40.61000,0.98000,0.09958,0.71778,0.18264
40.81000,0.98000,0.09856,0.71078,0.19066
41.01000,0.98000,0.06366,0.85332,0.08301
41.21000,0.98000,0.06754,0.86201,0.07045
41.41000,0.98000,0.06535,0.89677,0.03789
41.61000,0.98000,0.17612,0.67914,0.14474
41.81000,0.98000,0.13813,0.70604,0.15583
42.01000,0.98000,0.14728,0.78392,0.06880
42.21000,0.98000,0.11697,0.64361,0.23942
42.41000,0.98000,0.15470,0.78185,0.06345
42.61000,0.98000,0.18104,0.75641,0.06255
42.81000,0.98000,0.11344,0.86496,0.02160
43.01000,0.98000,0.13606,0.83267,0.03127
43.21000,0.98000,0.12602,0.76642,0.10756
43.41000,0.98000,0.17957,0.77094,0.04948
43.61000,0.98000,0.12820,0.84140,0.03040
43.81000,0.98000,0.12780,0.85299,0.01922
44.01000,0.98000,0.10687,0.88342,0.00971
44.21000,0.98000,0.08147,0.91551,0.00302
44.41000,0.98000,0.06945,0.92254,0.00802
44.61000,0.98000,0.03882,0.95810,0.00309
44.81000,0.98000,0.02331,0.97451,0.00218
45.01000,0.98000,0.03237,0.96073,0.00690
45.21000,0.98000,0.05651,0.93194,0.01155
45.41000,0.98000,0.17015,0.76596,0.06389
45.61000,0.98000,0.18906,0.74475,0.06619
45.81000,0.98000,0.16625,0.75928,0.07447
46.01000,0.98000,0.14116,0.73415,0.12470
46.21000,0.98000,0.16058,0.76106,0.07835
46.41000,0.98000,0.08268,0.89525,0.02207
46.61000,0.98000,0.04141,0.95641,0.00218
46.81000,0.98000,0.03944,0.95789,0.00267
47.01000,0.98000,0.04809,0.94769,0.00422
47.21000,0.98000,0.10214,0.88477,0.01309
47.41000,0.98000,0.11115,0.87084,0.01801
47.61000,0.98000,0.09595,0.88651,0.01755
47.81000,0.98000,0.12259,0.85988,0.01753
48.01000,0.98000,0.12272,0.84436,0.03292
48.21000,0.98000,0.06317,0.93173,0.00511
48.41000,0.98000,0.10226,0.81065,0.08709
48.61000,0.98000,0.05073,0.94644,0.00283
48.81000,0.98000,0.06154,0.93424,0.00422
49.01000,0.98000,0.10057,0.86766,0.03176
49.21000,0.98000,0.13274,0.78082,0.08644
49.41000,0.98000,0.87780,0.05939,0.06281
49.61000,0.98000,0.98317,0.00930,0.00753
49.81000,0.98000,0.97290,0.01415,0.01295
50.01000,0.98000,0.99072,0.00709,0.00219
50.21000,0.98000,0.99949,0.00031,0.00020
50.41000,0.98000,0.99946,0.00038,0.00016
