Time (seconds), Duration (seconds),pred_unlabelled,pred_anomaly
0.01000,0.48000,0.98586,0.01414
0.03000,0.48000,0.99618,0.00382
0.05000,0.48000,0.98621,0.01379
0.07000,0.48000,0.99350,0.00650
0.09000,0.48000,0.97678,0.02322
0.11000,0.48000,0.99021,0.00979
0.13000,0.48000,0.98362,0.01638
0.15000,0.48000,0.99391,0.00609
0.17000,0.48000,0.98304,0.01696
0.19000,0.48000,0.99542,0.00458
0.21000,0.48000,0.98091,0.01909
0.23000,0.48000,0.99265,0.00735
0.25000,0.48000,0.98341,0.01659
0.27000,0.48000,0.98770,0.01230
0.29000,0.48000,0.97954,0.02046
0.31000,0.48000,0.99540,0.00460
0.33000,0.48000,0.97698,0.02302
0.35000,0.48000,0.99278,0.00722
0.37000,0.48000,0.98072,0.01928
0.39000,0.48000,0.98723,0.01277
0.41000,0.48000,0.98053,0.01947
0.43000,0.48000,0.98379,0.01621
0.45000,0.48000,0.98492,0.01508
0.47000,0.48000,0.99131,0.00869
0.49000,0.48000,0.98503,0.01497
0.51000,0.48000,0.98424,0.01576
0.53000,0.48000,0.98266,0.01734
0.55000,0.48000,0.98758,0.01242
0.57000,0.48000,0.98229,0.01771
0.59000,0.48000,0.97494,0.02506
0.61000,0.48000,0.98616,0.01384
0.63000,0.48000,0.98080,0.01920
0.65000,0.48000,0.97901,0.02099
0.67000,0.48000,0.97944,0.02056
0.69000,0.48000,0.97300,0.02700
0.71000,0.48000,0.98586,0.01414
0.73000,0.48000,0.98870,0.01130
0.75000,0.48000,0.97549,0.02451
0.77000,0.48000,0.99252,0.00748
0.79000,0.48000,0.98980,0.01020
0.81000,0.48000,0.98989,0.01011
0.83000,0.48000,0.97944,0.02056
0.85000,0.48000,0.98249,0.01751
0.87000,0.48000,0.98403,0.01597
0.89000,0.48000,0.99307,0.00693
0.91000,0.48000,0.97707,0.02293
0.93000,0.48000,0.98841,0.01159
0.95000,0.48000,0.98699,0.01301
0.97000,0.48000,0.98728,0.01272
0.99000,0.48000,0.96716,0.03284
1.01000,0.48000,0.98071,0.01929
1.03000,0.48000,0.97524,0.02476
1.05000,0.48000,0.99102,0.00898
1.07000,0.48000,0.98095,0.01905
1.09000,0.48000,0.99035,0.00965
1.11000,0.48000,0.98190,0.01810
1.13000,0.48000,0.99066,0.00934
1.15000,0.48000,0.97882,0.02118
1.17000,0.48000,0.97256,0.02744
1.19000,0.48000,0.98612,0.01388
1.21000,0.48000,0.98906,0.01094
1.23000,0.48000,0.98995,0.01005
1.25000,0.48000,0.98445,0.01555
1.27000,0.48000,0.98601,0.01399
1.29000,0.48000,0.98900,0.01100
1.31000,0.48000,0.98928,0.01072
1.33000,0.48000,0.98433,0.01567
1.35000,0.48000,0.99107,0.00893
1.37000,0.48000,0.99305,0.00695
1.39000,0.48000,0.99608,0.00392
1.41000,0.48000,0.98932,0.01068
1.43000,0.48000,0.99572,0.00428
1.45000,0.48000,0.99391,0.00609
1.47000,0.48000,0.99868,0.00132
1.49000,0.48000,0.99625,0.00375
1.51000,0.48000,0.99764,0.00236
1.53000,0.48000,0.99724,0.00276
1.55000,0.48000,0.99853,0.00147
1.57000,0.48000,0.99612,0.00388
1.59000,0.48000,0.99721,0.00279
1.61000,0.48000,0.99748,0.00252
1.63000,0.48000,0.99863,0.00137
1.65000,0.48000,0.99850,0.00150
1.67000,0.48000,0.99873,0.00127
1.69000,0.48000,0.99836,0.00164
1.71000,0.48000,0.99887,0.00113
1.73000,0.48000,0.99823,0.00177
1.75000,0.48000,0.99844,0.00156
1.77000,0.48000,0.99722,0.00278
1.79000,0.48000,0.99795,0.00205
1.81000,0.48000,0.99832,0.00168
1.83000,0.48000,0.99693,0.00307
1.85000,0.48000,0.99726,0.00274
1.87000,0.48000,0.99565,0.00435
1.89000,0.48000,0.99112,0.00888
1.91000,0.48000,0.99436,0.00564
1.93000,0.48000,0.99126,0.00874
1.95000,0.48000,0.99134,0.00866
1.97000,0.48000,0.99002,0.00998
1.99000,0.48000,0.98952,0.01048
2.01000,0.48000,0.98738,0.01262
2.03000,0.48000,0.97570,0.02430
2.05000,0.48000,0.88587,0.11413
2.07000,0.48000,0.90721,0.09279
2.09000,0.48000,0.82515,0.17485
2.11000,0.48000,0.86264,0.13736
2.13000,0.48000,0.88264,0.11736
2.15000,0.48000,0.80368,0.19632
2.17000,0.48000,0.83762,0.16238
2.19000,0.48000,0.83996,0.16004
2.21000,0.48000,0.81934,0.18066
2.23000,0.48000,0.74353,0.25647
2.25000,0.48000,0.88836,0.11164
2.27000,0.48000,0.89706,0.10294
2.29000,0.48000,0.90981,0.09019
2.31000,0.48000,0.84990,0.15010
2.33000,0.48000,0.84819,0.15181
2.35000,0.48000,0.92936,0.07064
2.37000,0.48000,0.95671,0.04329
2.39000,0.48000,0.95584,0.04416
2.41000,0.48000,0.93976,0.06024
2.43000,0.48000,0.93385,0.06615
2.45000,0.48000,0.86896,0.13104
2.47000,0.48000,0.91744,0.08256
2.49000,0.48000,0.93498,0.06502
2.51000,0.48000,0.96127,0.03873
2.53000,0.48000,0.99226,0.00774
2.55000,0.48000,0.98833,0.01167
2.57000,0.48000,0.99483,0.00517
2.59000,0.48000,0.99470,0.00530
2.61000,0.48000,0.99619,0.00381
2.63000,0.48000,0.99712,0.00288
2.65000,0.48000,0.99800,0.00200
2.67000,0.48000,0.99657,0.00343
2.69000,0.48000,0.99826,0.00174
2.71000,0.48000,0.99733,0.00267
2.73000,0.48000,0.99881,0.00119
2.75000,0.48000,0.99698,0.00302
2.77000,0.48000,0.99853,0.00147
2.79000,0.48000,0.99622,0.00378
2.81000,0.48000,0.99737,0.00263
2.83000,0.48000,0.99765,0.00235
2.85000,0.48000,0.99767,0.00233
2.87000,0.48000,0.99760,0.00240
2.89000,0.48000,0.99817,0.00183
2.91000,0.48000,0.99782,0.00218
2.93000,0.48000,0.99762,0.00238
2.95000,0.48000,0.99670,0.00330
2.97000,0.48000,0.99788,0.00212
2.99000,0.48000,0.99861,0.00139
3.01000,0.48000,0.99823,0.00177
3.03000,0.48000,0.99758,0.00242
3.05000,0.48000,0.99716,0.00284
3.07000,0.48000,0.99868,0.00132
3.09000,0.48000,0.99754,0.00246
3.11000,0.48000,0.99830,0.00170
3.13000,0.48000,0.99711,0.00289
3.15000,0.48000,0.99855,0.00145
3.17000,0.48000,0.99694,0.00306
3.19000,0.48000,0.99791,0.00209
3.21000,0.48000,0.99645,0.00355
3.23000,0.48000,0.99849,0.00151
3.25000,0.48000,0.99653,0.00347
3.27000,0.48000,0.99779,0.00221
3.29000,0.48000,0.99678,0.00322
3.31000,0.48000,0.99853,0.00147
3.33000,0.48000,0.99697,0.00303
3.35000,0.48000,0.99836,0.00164
3.37000,0.48000,0.99618,0.00382
3.39000,0.48000,0.99830,0.00170
3.41000,0.48000,0.99538,0.00462
3.43000,0.48000,0.99610,0.00390
3.45000,0.48000,0.99612,0.00388
3.47000,0.48000,0.99700,0.00300
3.49000,0.48000,0.99268,0.00732
3.51000,0.48000,0.99708,0.00292
3.53000,0.48000,0.99322,0.00678
3.55000,0.48000,0.99593,0.00407
3.57000,0.48000,0.98993,0.01007
3.59000,0.48000,0.99569,0.00431
3.61000,0.48000,0.98756,0.01244
3.63000,0.48000,0.99573,0.00427
3.65000,0.48000,0.99169,0.00831
3.67000,0.48000,0.99469,0.00531
3.69000,0.48000,0.99300,0.00700
3.71000,0.48000,0.99093,0.00907
3.73000,0.48000,0.99017,0.00983
3.75000,0.48000,0.99432,0.00568
3.77000,0.48000,0.99408,0.00592
3.79000,0.48000,0.99328,0.00672
3.81000,0.48000,0.99073,0.00927
3.83000,0.48000,0.99167,0.00833
3.85000,0.48000,0.98687,0.01313
3.87000,0.48000,0.99336,0.00664
3.89000,0.48000,0.98500,0.01500
3.91000,0.48000,0.99702,0.00298
3.93000,0.48000,0.98952,0.01048
3.95000,0.48000,0.99316,0.00684
3.97000,0.48000,0.99118,0.00882
3.99000,0.48000,0.99260,0.00740
4.01000,0.48000,0.98988,0.01012
4.03000,0.48000,0.98821,0.01179
4.05000,0.48000,0.98221,0.01779
4.07000,0.48000,0.97643,0.02357
4.09000,0.48000,0.97928,0.02072
4.11000,0.48000,0.99026,0.00974
4.13000,0.48000,0.97451,0.02549
4.15000,0.48000,0.99375,0.00625
4.17000,0.48000,0.96046,0.03954
4.19000,0.48000,0.98425,0.01575
4.21000,0.48000,0.98152,0.01848
4.23000,0.48000,0.98837,0.01163
4.25000,0.48000,0.96278,0.03722
4.27000,0.48000,0.99079,0.00921
4.29000,0.48000,0.97501,0.02499
4.31000,0.48000,0.98502,0.01498
4.33000,0.48000,0.97909,0.02091
4.35000,0.48000,0.98340,0.01660
4.37000,0.48000,0.99463,0.00537
4.39000,0.48000,0.98847,0.01153
4.41000,0.48000,0.98787,0.01213
4.43000,0.48000,0.98254,0.01746
4.45000,0.48000,0.99292,0.00708
4.47000,0.48000,0.99228,0.00772
4.49000,0.48000,0.99140,0.00860
4.51000,0.48000,0.99406,0.00594
4.53000,0.48000,0.99800,0.00200
4.55000,0.48000,0.99709,0.00291
4.57000,0.48000,0.99878,0.00122
4.59000,0.48000,0.99605,0.00395
4.61000,0.48000,0.99866,0.00134
4.63000,0.48000,0.99586,0.00414
4.65000,0.48000,0.99743,0.00257
4.67000,0.48000,0.99598,0.00402
4.69000,0.48000,0.99824,0.00176
4.71000,0.48000,0.99773,0.00227
4.73000,0.48000,0.99816,0.00184
4.75000,0.48000,0.99740,0.00260
4.77000,0.48000,0.99767,0.00233
4.79000,0.48000,0.99796,0.00204
4.81000,0.48000,0.99857,0.00144
4.83000,0.48000,0.99791,0.00209
4.85000,0.48000,0.99850,0.00150
4.87000,0.48000,0.99815,0.00185
4.89000,0.48000,0.99777,0.00223
4.91000,0.48000,0.99603,0.00397
4.93000,0.48000,0.99815,0.00185
4.95000,0.48000,0.99817,0.00183
4.97000,0.48000,0.99831,0.00169
4.99000,0.48000,0.99701,0.00299
5.01000,0.48000,0.99781,0.00219
5.03000,0.48000,0.99784,0.00216
5.05000,0.48000,0.99784,0.00216
5.07000,0.48000,0.99720,0.00280
5.09000,0.48000,0.99769,0.00231
5.11000,0.48000,0.99778,0.00222
5.13000,0.48000,0.99773,0.00227
5.15000,0.48000,0.99767,0.00233
5.17000,0.48000,0.99744,0.00256
5.19000,0.48000,0.99818,0.00182
5.21000,0.48000,0.99669,0.00331
5.23000,0.48000,0.99749,0.00251
5.25000,0.48000,0.99739,0.00261
5.27000,0.48000,0.99859,0.00141
5.29000,0.48000,0.99764,0.00236
5.31000,0.48000,0.92760,0.07240
5.33000,0.48000,0.96506,0.03494
5.35000,0.48000,0.95636,0.04364
5.37000,0.48000,0.85567,0.14433
5.39000,0.48000,0.80643,0.19357
5.41000,0.48000,0.91039,0.08961
5.43000,0.48000,0.89464,0.10536
5.45000,0.48000,0.72884,0.27116
5.47000,0.48000,0.60503,0.39497
5.49000,0.48000,0.75331,0.24669
5.51000,0.48000,0.87233,0.12767
5.53000,0.48000,0.53953,0.46047
5.55000,0.48000,0.65022,0.34978
5.57000,0.48000,0.50970,0.49030
5.59000,0.48000,0.51499,0.48501
5.61000,0.48000,0.29307,0.70693
5.63000,0.48000,0.09105,0.90895
5.65000,0.48000,0.05948,0.94052
5.67000,0.48000,0.03080,0.96920
5.69000,0.48000,0.02284,0.97716
5.71000,0.48000,0.01506,0.98494
5.73000,0.48000,0.02306,0.97694
5.75000,0.48000,0.03172,0.96828
5.77000,0.48000,0.10088,0.89912
5.79000,0.48000,0.02863,0.97137
5.81000,0.48000,0.03640,0.96360
5.83000,0.48000,0.01742,0.98258
5.85000,0.48000,0.02055,0.97945
5.87000,0.48000,0.03635,0.96365
5.89000,0.48000,0.09635,0.90365
5.91000,0.48000,0.06175,0.93825
5.93000,0.48000,0.03265,0.96735
5.95000,0.48000,0.02337,0.97663
5.97000,0.48000,0.00573,0.99427
5.99000,0.48000,0.01156,0.98844
6.01000,0.48000,0.00523,0.99477
6.03000,0.48000,0.00808,0.99192
6.05000,0.48000,0.00699,0.99301
6.07000,0.48000,0.05030,0.94970
6.09000,0.48000,0.02172,0.97828
6.11000,0.48000,0.11493,0.88507
6.13000,0.48000,0.02143,0.97857
6.15000,0.48000,0.04589,0.95411
6.17000,0.48000,0.01472,0.98528
6.19000,0.48000,0.02401,0.97599
6.21000,0.48000,0.01647,0.98353
6.23000,0.48000,0.01559,0.98441
6.25000,0.48000,0.00672,0.99328
6.27000,0.48000,0.05129,0.94871
6.29000,0.48000,0.09902,0.90098
6.31000,0.48000,0.15368,0.84632
6.33000,0.48000,0.04154,0.95846
6.35000,0.48000,0.28838,0.71162
6.37000,0.48000,0.17100,0.82900
6.39000,0.48000,0.24824,0.75176
6.41000,0.48000,0.15489,0.84511
6.43000,0.48000,0.49336,0.50664
6.45000,0.48000,0.68584,0.31416
6.47000,0.48000,0.66800,0.33200
6.49000,0.48000,0.68449,0.31551
6.51000,0.48000,0.59733,0.40267
6.53000,0.48000,0.52441,0.47559
6.55000,0.48000,0.33751,0.66249
6.57000,0.48000,0.12730,0.87270
6.59000,0.48000,0.39291,0.60709
6.61000,0.48000,0.51705,0.48295
6.63000,0.48000,0.28222,0.71778
6.65000,0.48000,0.21561,0.78439
6.67000,0.48000,0.61717,0.38283
6.69000,0.48000,0.48431,0.51569
6.71000,0.48000,0.36151,0.63849
6.73000,0.48000,0.29230,0.70770
6.75000,0.48000,0.41456,0.58544
6.77000,0.48000,0.17103,0.82897
6.79000,0.48000,0.26289,0.73711
6.81000,0.48000,0.09014,0.90986
6.83000,0.48000,0.23098,0.76902
6.85000,0.48000,0.07476,0.92524
6.87000,0.48000,0.13499,0.86501
6.89000,0.48000,0.04456,0.95544
6.91000,0.48000,0.14803,0.85197
6.93000,0.48000,0.02022,0.97978
6.95000,0.48000,0.10473,0.89527
6.97000,0.48000,0.02925,0.97075
6.99000,0.48000,0.07042,0.92958
7.01000,0.48000,0.05353,0.94647
7.03000,0.48000,0.41951,0.58049
7.05000,0.48000,0.03647,0.96353
7.07000,0.48000,0.24581,0.75419
7.09000,0.48000,0.08171,0.91829
7.11000,0.48000,0.27428,0.72572
7.13000,0.48000,0.06958,0.93042
7.15000,0.48000,0.29930,0.70070
7.17000,0.48000,0.02174,0.97826
7.19000,0.48000,0.04953,0.95047
7.21000,0.48000,0.01199,0.98801
7.23000,0.48000,0.07784,0.92216
7.25000,0.48000,0.06320,0.93680
7.27000,0.48000,0.06420,0.93580
7.29000,0.48000,0.09410,0.90590
7.31000,0.48000,0.09270,0.90730
7.33000,0.48000,0.07440,0.92560
7.35000,0.48000,0.04289,0.95711
7.37000,0.48000,0.07911,0.92089
7.39000,0.48000,0.09756,0.90244
7.41000,0.48000,0.05487,0.94513
7.43000,0.48000,0.04260,0.95740
7.45000,0.48000,0.04866,0.95134
7.47000,0.48000,0.02795,0.97205
7.49000,0.48000,0.01905,0.98095
7.51000,0.48000,0.00502,0.99498
7.53000,0.48000,0.00598,0.99402
7.55000,0.48000,0.00292,0.99708
7.57000,0.48000,0.00268,0.99732
7.59000,0.48000,0.00331,0.99669
7.61000,0.48000,0.00281,0.99719
7.63000,0.48000,0.00350,0.99650
7.65000,0.48000,0.00282,0.99718
7.67000,0.48000,0.00403,0.99597
7.69000,0.48000,0.00440,0.99560
7.71000,0.48000,0.00380,0.99620
7.73000,0.48000,0.00825,0.99175
7.75000,0.48000,0.00604,0.99396
7.77000,0.48000,0.00831,0.99169
7.79000,0.48000,0.00629,0.99371
7.81000,0.48000,0.00774,0.99226
7.83000,0.48000,0.00771,0.99229
7.85000,0.48000,0.00675,0.99325
7.87000,0.48000,0.00645,0.99355
7.89000,0.48000,0.01362,0.98638
7.91000,0.48000,0.00918,0.99082
7.93000,0.48000,0.01881,0.98119
7.95000,0.48000,0.01006,0.98994
7.97000,0.48000,0.00675,0.99325
7.99000,0.48000,0.00597,0.99403
8.01000,0.48000,0.00569,0.99431
8.03000,0.48000,0.00340,0.99660
8.05000,0.48000,0.00546,0.99454
8.07000,0.48000,0.00509,0.99491
8.09000,0.48000,0.00451,0.99549
8.11000,0.48000,0.01505,0.98495
8.13000,0.48000,0.00492,0.99508
8.15000,0.48000,0.01099,0.98901
8.17000,0.48000,0.00513,0.99487
8.19000,0.48000,0.01203,0.98797
8.21000,0.48000,0.00208,0.99792
8.23000,0.48000,0.03385,0.96615
8.25000,0.48000,0.00723,0.99277
8.27000,0.48000,0.01739,0.98261
8.29000,0.48000,0.01119,0.98881
8.31000,0.48000,0.03163,0.96837
8.33000,0.48000,0.00505,0.99495
8.35000,0.48000,0.00713,0.99287
8.37000,0.48000,0.00458,0.99542
8.39000,0.48000,0.00602,0.99398
8.41000,0.48000,0.00445,0.99555
8.43000,0.48000,0.00858,0.99142
8.45000,0.48000,0.01128,0.98872
8.47000,0.48000,0.03570,0.96430
8.49000,0.48000,0.05133,0.94867
8.51000,0.48000,0.06807,0.93193
8.53000,0.48000,0.04973,0.95027
8.55000,0.48000,0.02855,0.97145
8.57000,0.48000,0.02013,0.97987
8.59000,0.48000,0.01756,0.98244
8.61000,0.48000,0.01217,0.98783
8.63000,0.48000,0.01374,0.98626
8.65000,0.48000,0.04525,0.95475
8.67000,0.48000,0.02154,0.97846
8.69000,0.48000,0.00831,0.99169
8.71000,0.48000,0.00620,0.99380
8.73000,0.48000,0.00911,0.99089
8.75000,0.48000,0.01184,0.98816
8.77000,0.48000,0.03056,0.96944
8.79000,0.48000,0.02453,0.97547
8.81000,0.48000,0.04494,0.95506
8.83000,0.48000,0.06872,0.93128
8.85000,0.48000,0.08426,0.91574
8.87000,0.48000,0.12784,0.87216
8.89000,0.48000,0.15175,0.84825
8.91000,0.48000,0.12322,0.87678
8.93000,0.48000,0.10210,0.89790
8.95000,0.48000,0.04292,0.95708
8.97000,0.48000,0.03290,0.96710
8.99000,0.48000,0.02060,0.97940
9.01000,0.48000,0.02137,0.97863
9.03000,0.48000,0.02739,0.97261
9.05000,0.48000,0.00838,0.99162
9.07000,0.48000,0.01180,0.98820
9.09000,0.48000,0.00695,0.99305
9.11000,0.48000,0.01082,0.98918
9.13000,0.48000,0.01552,0.98449
9.15000,0.48000,0.00821,0.99179
9.17000,0.48000,0.01060,0.98940
9.19000,0.48000,0.01062,0.98938
9.21000,0.48000,0.01847,0.98153
9.23000,0.48000,0.03467,0.96533
9.25000,0.48000,0.08625,0.91375
9.27000,0.48000,0.12399,0.87601
9.29000,0.48000,0.15891,0.84109
9.31000,0.48000,0.02961,0.97039
9.33000,0.48000,0.02473,0.97527
9.35000,0.48000,0.02011,0.97989
9.37000,0.48000,0.02512,0.97488
9.39000,0.48000,0.03212,0.96788
9.41000,0.48000,0.02965,0.97035
9.43000,0.48000,0.02031,0.97969
9.45000,0.48000,0.08396,0.91604
9.47000,0.48000,0.02312,0.97688
9.49000,0.48000,0.27006,0.72994
9.51000,0.48000,0.01714,0.98286
9.53000,0.48000,0.04244,0.95756
9.55000,0.48000,0.00587,0.99413
9.57000,0.48000,0.01947,0.98053
9.59000,0.48000,0.00528,0.99472
9.61000,0.48000,0.04574,0.95426
9.63000,0.48000,0.01286,0.98714
9.65000,0.48000,0.08323,0.91677
9.67000,0.48000,0.02721,0.97279
9.69000,0.48000,0.03448,0.96552
9.71000,0.48000,0.00873,0.99127
9.73000,0.48000,0.04000,0.96000
9.75000,0.48000,0.00687,0.99313
9.77000,0.48000,0.02388,0.97612
9.79000,0.48000,0.05227,0.94773
9.81000,0.48000,0.03263,0.96737
9.83000,0.48000,0.02443,0.97557
9.85000,0.48000,0.01393,0.98607
9.87000,0.48000,0.01944,0.98056
9.89000,0.48000,0.01139,0.98861
9.91000,0.48000,0.01023,0.98977
9.93000,0.48000,0.00638,0.99362
9.95000,0.48000,0.00580,0.99420
9.97000,0.48000,0.00683,0.99317
9.99000,0.48000,0.00520,0.99480
10.01000,0.48000,0.01489,0.98511
10.03000,0.48000,0.00784,0.99216
10.05000,0.48000,0.01463,0.98537
10.07000,0.48000,0.00856,0.99144
10.09000,0.48000,0.01523,0.98477
10.11000,0.48000,0.01212,0.98788
10.13000,0.48000,0.02660,0.97340
10.15000,0.48000,0.02384,0.97616
10.17000,0.48000,0.08545,0.91455
10.19000,0.48000,0.08956,0.91044
10.21000,0.48000,0.05382,0.94618
10.23000,0.48000,0.10721,0.89279
10.25000,0.48000,0.07337,0.92663
10.27000,0.48000,0.02796,0.97204
10.29000,0.48000,0.02510,0.97490
10.31000,0.48000,0.01327,0.98673
10.33000,0.48000,0.03482,0.96518
10.35000,0.48000,0.01831,0.98169
10.37000,0.48000,0.04092,0.95908
10.39000,0.48000,0.01430,0.98570
10.41000,0.48000,0.02085,0.97915
10.43000,0.48000,0.01673,0.98327
10.45000,0.48000,0.01750,0.98250
10.47000,0.48000,0.02615,0.97385
10.49000,0.48000,0.00946,0.99054
10.51000,0.48000,0.01937,0.98063
10.53000,0.48000,0.00957,0.99043
10.55000,0.48000,0.05839,0.94161
10.57000,0.48000,0.03358,0.96642
10.59000,0.48000,0.10694,0.89306
10.61000,0.48000,0.02844,0.97156
10.63000,0.48000,0.04125,0.95875
10.65000,0.48000,0.00932,0.99068
10.67000,0.48000,0.00883,0.99117
10.69000,0.48000,0.00275,0.99725
10.71000,0.48000,0.00993,0.99007
10.73000,0.48000,0.00201,0.99799
10.75000,0.48000,0.00886,0.99114
10.77000,0.48000,0.00102,0.99898
10.79000,0.48000,0.00910,0.99090
10.81000,0.48000,0.00337,0.99663
10.83000,0.48000,0.00693,0.99307
10.85000,0.48000,0.00253,0.99747
10.87000,0.48000,0.00495,0.99505
10.89000,0.48000,0.00670,0.99330
10.91000,0.48000,0.00633,0.99367
10.93000,0.48000,0.03305,0.96695
10.95000,0.48000,0.01517,0.98483
10.97000,0.48000,0.00832,0.99168
10.99000,0.48000,0.01480,0.98520
11.01000,0.48000,0.01118,0.98882
11.03000,0.48000,0.02757,0.97243
11.05000,0.48000,0.01090,0.98910
11.07000,0.48000,0.00853,0.99147
11.09000,0.48000,0.00750,0.99250
11.11000,0.48000,0.00715,0.99285
11.13000,0.48000,0.00745,0.99255
11.15000,0.48000,0.00786,0.99214
11.17000,0.48000,0.00614,0.99386
11.19000,0.48000,0.01340,0.98660
11.21000,0.48000,0.00698,0.99302
11.23000,0.48000,0.00786,0.99214
11.25000,0.48000,0.00629,0.99371
11.27000,0.48000,0.01239,0.98761
11.29000,0.48000,0.00506,0.99494
11.31000,0.48000,0.00931,0.99069
11.33000,0.48000,0.00618,0.99382
11.35000,0.48000,0.00836,0.99164
11.37000,0.48000,0.00629,0.99371
11.39000,0.48000,0.01105,0.98895
11.41000,0.48000,0.00782,0.99218
11.43000,0.48000,0.01022,0.98978
11.45000,0.48000,0.00479,0.99521
11.47000,0.48000,0.00619,0.99381
11.49000,0.48000,0.00436,0.99564
11.51000,0.48000,0.00707,0.99293
11.53000,0.48000,0.00307,0.99693
11.55000,0.48000,0.00562,0.99438
11.57000,0.48000,0.00872,0.99128
11.59000,0.48000,0.00438,0.99562
11.61000,0.48000,0.00663,0.99337
11.63000,0.48000,0.00436,0.99564
11.65000,0.48000,0.00802,0.99198
11.67000,0.48000,0.00243,0.99757
11.69000,0.48000,0.00813,0.99187
11.71000,0.48000,0.00672,0.99328
11.73000,0.48000,0.02422,0.97578
11.75000,0.48000,0.00553,0.99447
11.77000,0.48000,0.00705,0.99295
11.79000,0.48000,0.01072,0.98928
11.81000,0.48000,0.04300,0.95700
11.83000,0.48000,0.01426,0.98574
11.85000,0.48000,0.06190,0.93810
11.87000,0.48000,0.02462,0.97538
11.89000,0.48000,0.10446,0.89554
11.91000,0.48000,0.02080,0.97920
11.93000,0.48000,0.24388,0.75612
11.95000,0.48000,0.01834,0.98166
11.97000,0.48000,0.37027,0.62973
11.99000,0.48000,0.10441,0.89559
12.01000,0.48000,0.28921,0.71079
12.03000,0.48000,0.12037,0.87963
12.05000,0.48000,0.54085,0.45915
12.07000,0.48000,0.04895,0.95105
12.09000,0.48000,0.14317,0.85683
12.11000,0.48000,0.02749,0.97251
12.13000,0.48000,0.20738,0.79262
12.15000,0.48000,0.03602,0.96398
12.17000,0.48000,0.08397,0.91603
12.19000,0.48000,0.03549,0.96451
12.21000,0.48000,0.19729,0.80271
12.23000,0.48000,0.19932,0.80068
12.25000,0.48000,0.14016,0.85984
12.27000,0.48000,0.09154,0.90846
12.29000,0.48000,0.14267,0.85733
12.31000,0.48000,0.14374,0.85626
12.33000,0.48000,0.16784,0.83216
12.35000,0.48000,0.08972,0.91028
12.37000,0.48000,0.11923,0.88077
12.39000,0.48000,0.04136,0.95864
12.41000,0.48000,0.04858,0.95142
12.43000,0.48000,0.03082,0.96918
12.45000,0.48000,0.09145,0.90855
12.47000,0.48000,0.00881,0.99119
12.49000,0.48000,0.01025,0.98975
12.51000,0.48000,0.00505,0.99495
12.53000,0.48000,0.01226,0.98774
12.55000,0.48000,0.00484,0.99516
12.57000,0.48000,0.00638,0.99362
12.59000,0.48000,0.00514,0.99486
12.61000,0.48000,0.01227,0.98773
12.63000,0.48000,0.00585,0.99415
12.65000,0.48000,0.03178,0.96822
12.67000,0.48000,0.02441,0.97559
12.69000,0.48000,0.07819,0.92181
12.71000,0.48000,0.03867,0.96133
12.73000,0.48000,0.02347,0.97653
12.75000,0.48000,0.03456,0.96544
12.77000,0.48000,0.01034,0.98966
12.79000,0.48000,0.00242,0.99758
12.81000,0.48000,0.00490,0.99510
12.83000,0.48000,0.00298,0.99702
12.85000,0.48000,0.00580,0.99420
12.87000,0.48000,0.00686,0.99314
12.89000,0.48000,0.00863,0.99137
12.91000,0.48000,0.00948,0.99052
12.93000,0.48000,0.00773,0.99227
12.95000,0.48000,0.01861,0.98139
12.97000,0.48000,0.04055,0.95945
12.99000,0.48000,0.02108,0.97892
13.01000,0.48000,0.05588,0.94412
13.03000,0.48000,0.02871,0.97129
13.05000,0.48000,0.11463,0.88537
13.07000,0.48000,0.03742,0.96258
13.09000,0.48000,0.15599,0.84401
13.11000,0.48000,0.03937,0.96063
13.13000,0.48000,0.05893,0.94107
13.15000,0.48000,0.01054,0.98946
13.17000,0.48000,0.03641,0.96359
13.19000,0.48000,0.01623,0.98377
13.21000,0.48000,0.00796,0.99204
13.23000,0.48000,0.01760,0.98240
13.25000,0.48000,0.03188,0.96812
13.27000,0.48000,0.03912,0.96088
13.29000,0.48000,0.03148,0.96852
13.31000,0.48000,0.03242,0.96758
13.33000,0.48000,0.11963,0.88037
13.35000,0.48000,0.02144,0.97856
13.37000,0.48000,0.26523,0.73477
13.39000,0.48000,0.04174,0.95826
13.41000,0.48000,0.12001,0.87999
13.43000,0.48000,0.07056,0.92944
13.45000,0.48000,0.03728,0.96272
13.47000,0.48000,0.01979,0.98021
13.49000,0.48000,0.01352,0.98648
13.51000,0.48000,0.01925,0.98075
13.53000,0.48000,0.01860,0.98140
13.55000,0.48000,0.04624,0.95376
13.57000,0.48000,0.01474,0.98526
13.59000,0.48000,0.06616,0.93384
13.61000,0.48000,0.02274,0.97726
13.63000,0.48000,0.03476,0.96524
13.65000,0.48000,0.50231,0.49769
13.67000,0.48000,0.77391,0.22609
13.69000,0.48000,0.81294,0.18706
13.71000,0.48000,0.83428,0.16572
13.73000,0.48000,0.79263,0.20737
13.75000,0.48000,0.82288,0.17712
13.77000,0.48000,0.79533,0.20467
13.79000,0.48000,0.58765,0.41235
13.81000,0.48000,0.43792,0.56208
13.83000,0.48000,0.56123,0.43877
13.85000,0.48000,0.59555,0.40445
13.87000,0.48000,0.57338,0.42662
13.89000,0.48000,0.60856,0.39144
13.91000,0.48000,0.65637,0.34363
13.93000,0.48000,0.74081,0.25919
13.95000,0.48000,0.80043,0.19957
13.97000,0.48000,0.90072,0.09928
13.99000,0.48000,0.81725,0.18275
14.01000,0.48000,0.99079,0.00921
14.03000,0.48000,0.99327,0.00673
14.05000,0.48000,0.98381,0.01619
14.07000,0.48000,0.97850,0.02150
14.09000,0.48000,0.98523,0.01477
14.11000,0.48000,0.96951,0.03049
14.13000,0.48000,0.97914,0.02086
14.15000,0.48000,0.94480,0.05520
14.17000,0.48000,0.97881,0.02119
14.19000,0.48000,0.95009,0.04991
14.21000,0.48000,0.98040,0.01960
14.23000,0.48000,0.94574,0.05426
14.25000,0.48000,0.98659,0.01341
14.27000,0.48000,0.96287,0.03713
14.29000,0.48000,0.99002,0.00998
14.31000,0.48000,0.96955,0.03045
14.33000,0.48000,0.99196,0.00804
14.35000,0.48000,0.97426,0.02574
14.37000,0.48000,0.99133,0.00867
14.39000,0.48000,0.96154,0.03846
14.41000,0.48000,0.99185,0.00815
14.43000,0.48000,0.96304,0.03696
14.45000,0.48000,0.99116,0.00884
14.47000,0.48000,0.97436,0.02564
14.49000,0.48000,0.99046,0.00954
14.51000,0.48000,0.98587,0.01413
14.53000,0.48000,0.99622,0.00378
14.55000,0.48000,0.98522,0.01478
14.57000,0.48000,0.99433,0.00567
14.59000,0.48000,0.98286,0.01714
14.61000,0.48000,0.99638,0.00362
14.63000,0.48000,0.98543,0.01457
14.65000,0.48000,0.99706,0.00294
14.67000,0.48000,0.98677,0.01323
14.69000,0.48000,0.99672,0.00328
14.71000,0.48000,0.99306,0.00694
14.73000,0.48000,0.99634,0.00366
14.75000,0.48000,0.98818,0.01182
14.77000,0.48000,0.99674,0.00326
14.79000,0.48000,0.98957,0.01043
14.81000,0.48000,0.99682,0.00318
14.83000,0.48000,0.99298,0.00702
14.85000,0.48000,0.99675,0.00325
14.87000,0.48000,0.99357,0.00643
14.89000,0.48000,0.99717,0.00283
14.91000,0.48000,0.99671,0.00329
14.93000,0.48000,0.99824,0.00176
14.95000,0.48000,0.99729,0.00271
14.97000,0.48000,0.99831,0.00169
14.99000,0.48000,0.99791,0.00209
15.01000,0.48000,0.99820,0.00180
15.03000,0.48000,0.99873,0.00127
15.05000,0.48000,0.99864,0.00136
15.07000,0.48000,0.99863,0.00137
15.09000,0.48000,0.99870,0.00130
15.11000,0.48000,0.99871,0.00129
15.13000,0.48000,0.99843,0.00157
15.15000,0.48000,0.99873,0.00127
15.17000,0.48000,0.99857,0.00143
15.19000,0.48000,0.99845,0.00155
15.21000,0.48000,0.99874,0.00126
15.23000,0.48000,0.99763,0.00237
15.25000,0.48000,0.99865,0.00135
15.27000,0.48000,0.99838,0.00162
15.29000,0.48000,0.99806,0.00194
15.31000,0.48000,0.99161,0.00839
15.33000,0.48000,0.97102,0.02898
15.35000,0.48000,0.98145,0.01855
15.37000,0.48000,0.98695,0.01305
15.39000,0.48000,0.86640,0.13360
15.41000,0.48000,0.92065,0.07935
15.43000,0.48000,0.90406,0.09594
15.45000,0.48000,0.88857,0.11143
15.47000,0.48000,0.74531,0.25469
15.49000,0.48000,0.80764,0.19236
15.51000,0.48000,0.55469,0.44531
15.53000,0.48000,0.64901,0.35099
15.55000,0.48000,0.46256,0.53744
15.57000,0.48000,0.41534,0.58466
15.59000,0.48000,0.57028,0.42972
15.61000,0.48000,0.45845,0.54155
15.63000,0.48000,0.09117,0.90883
15.65000,0.48000,0.21637,0.78363
15.67000,0.48000,0.02514,0.97486
15.69000,0.48000,0.02620,0.97380
15.71000,0.48000,0.01228,0.98772
15.73000,0.48000,0.00515,0.99485
15.75000,0.48000,0.00520,0.99480
15.77000,0.48000,0.00331,0.99669
15.79000,0.48000,0.00352,0.99648
15.81000,0.48000,0.00170,0.99830
15.83000,0.48000,0.00352,0.99648
15.85000,0.48000,0.00260,0.99740
15.87000,0.48000,0.00406,0.99594
15.89000,0.48000,0.00664,0.99336
15.91000,0.48000,0.00351,0.99649
15.93000,0.48000,0.00394,0.99606
15.95000,0.48000,0.00538,0.99462
15.97000,0.48000,0.00498,0.99502
15.99000,0.48000,0.00638,0.99362
16.01000,0.48000,0.00397,0.99603
16.03000,0.48000,0.01447,0.98553
16.05000,0.48000,0.00523,0.99477
16.07000,0.48000,0.02891,0.97109
16.09000,0.48000,0.00774,0.99226
16.11000,0.48000,0.02319,0.97681
16.13000,0.48000,0.01632,0.98368
16.15000,0.48000,0.06362,0.93638
16.17000,0.48000,0.01173,0.98827
16.19000,0.48000,0.01454,0.98546
16.21000,0.48000,0.01087,0.98913
16.23000,0.48000,0.01885,0.98115
16.25000,0.48000,0.01286,0.98714
16.27000,0.48000,0.02983,0.97017
16.29000,0.48000,0.01524,0.98476
16.31000,0.48000,0.04766,0.95234
16.33000,0.48000,0.01219,0.98781
16.35000,0.48000,0.01532,0.98468
16.37000,0.48000,0.00903,0.99097
16.39000,0.48000,0.01666,0.98334
16.41000,0.48000,0.02158,0.97842
16.43000,0.48000,0.01591,0.98409
16.45000,0.48000,0.02900,0.97100
16.47000,0.48000,0.03592,0.96408
16.49000,0.48000,0.03196,0.96804
16.51000,0.48000,0.05025,0.94975
16.53000,0.48000,0.02502,0.97498
16.55000,0.48000,0.06579,0.93421
16.57000,0.48000,0.03698,0.96302
16.59000,0.48000,0.10977,0.89023
16.61000,0.48000,0.08604,0.91396
16.63000,0.48000,0.09123,0.90877
16.65000,0.48000,0.01673,0.98327
16.67000,0.48000,0.05706,0.94294
16.69000,0.48000,0.01671,0.98329
16.71000,0.48000,0.01529,0.98471
16.73000,0.48000,0.03201,0.96799
16.75000,0.48000,0.04201,0.95799
16.77000,0.48000,0.07210,0.92790
16.79000,0.48000,0.33502,0.66498
16.81000,0.48000,0.18746,0.81254
16.83000,0.48000,0.24028,0.75972
16.85000,0.48000,0.06182,0.93818
16.87000,0.48000,0.27249,0.72751
16.89000,0.48000,0.15098,0.84902
16.91000,0.48000,0.29393,0.70607
16.93000,0.48000,0.09613,0.90387
16.95000,0.48000,0.05684,0.94316
16.97000,0.48000,0.05808,0.94192
16.99000,0.48000,0.03621,0.96379
17.01000,0.48000,0.02433,0.97567
17.03000,0.48000,0.02181,0.97819
17.05000,0.48000,0.00533,0.99467
17.07000,0.48000,0.01564,0.98436
17.09000,0.48000,0.00245,0.99755
17.11000,0.48000,0.00958,0.99042
17.13000,0.48000,0.00442,0.99558
17.15000,0.48000,0.02324,0.97676
17.17000,0.48000,0.01228,0.98772
17.19000,0.48000,0.03153,0.96847
17.21000,0.48000,0.00648,0.99352
17.23000,0.48000,0.00977,0.99023
17.25000,0.48000,0.00428,0.99572
17.27000,0.48000,0.03880,0.96120
17.29000,0.48000,0.00436,0.99564
17.31000,0.48000,0.00767,0.99233
17.33000,0.48000,0.00596,0.99404
17.35000,0.48000,0.01445,0.98555
17.37000,0.48000,0.00278,0.99722
17.39000,0.48000,0.01307,0.98693
17.41000,0.48000,0.00602,0.99398
17.43000,0.48000,0.02358,0.97642
17.45000,0.48000,0.01304,0.98696
17.47000,0.48000,0.03034,0.96966
17.49000,0.48000,0.02563,0.97437
17.51000,0.48000,0.08474,0.91526
17.53000,0.48000,0.05370,0.94630
17.55000,0.48000,0.04383,0.95617
17.57000,0.48000,0.09860,0.90140
17.59000,0.48000,0.07213,0.92787
17.61000,0.48000,0.01745,0.98255
17.63000,0.48000,0.01255,0.98745
17.65000,0.48000,0.01025,0.98975
17.67000,0.48000,0.00590,0.99410
17.69000,0.48000,0.01429,0.98571
17.71000,0.48000,0.00780,0.99220
17.73000,0.48000,0.00761,0.99239
17.75000,0.48000,0.00982,0.99018
17.77000,0.48000,0.00560,0.99440
17.79000,0.48000,0.00654,0.99346
17.81000,0.48000,0.01465,0.98535
17.83000,0.48000,0.01706,0.98294
17.85000,0.48000,0.01288,0.98712
17.87000,0.48000,0.01243,0.98757
17.89000,0.48000,0.02726,0.97274
17.91000,0.48000,0.01267,0.98733
17.93000,0.48000,0.01668,0.98332
17.95000,0.48000,0.00680,0.99320
17.97000,0.48000,0.01101,0.98899
17.99000,0.48000,0.00701,0.99299
18.01000,0.48000,0.00990,0.99010
18.03000,0.48000,0.00739,0.99261
18.05000,0.48000,0.01173,0.98827
18.07000,0.48000,0.01422,0.98578
18.09000,0.48000,0.01335,0.98665
18.11000,0.48000,0.01909,0.98091
18.13000,0.48000,0.03017,0.96983
18.15000,0.48000,0.01238,0.98762
18.17000,0.48000,0.07523,0.92477
18.19000,0.48000,0.01141,0.98859
18.21000,0.48000,0.00972,0.99028
18.23000,0.48000,0.01372,0.98628
18.25000,0.48000,0.02200,0.97800
18.27000,0.48000,0.03280,0.96720
18.29000,0.48000,0.03989,0.96011
18.31000,0.48000,0.03068,0.96932
18.33000,0.48000,0.04807,0.95193
18.35000,0.48000,0.01228,0.98772
18.37000,0.48000,0.01712,0.98288
18.39000,0.48000,0.02782,0.97218
18.41000,0.48000,0.03303,0.96697
18.43000,0.48000,0.04330,0.95670
18.45000,0.48000,0.11117,0.88883
18.47000,0.48000,0.04007,0.95993
18.49000,0.48000,0.30190,0.69810
18.51000,0.48000,0.07308,0.92692
18.53000,0.48000,0.16967,0.83033
18.55000,0.48000,0.03037,0.96963
18.57000,0.48000,0.19717,0.80283
18.59000,0.48000,0.06264,0.93736
18.61000,0.48000,0.13069,0.86931
18.63000,0.48000,0.08435,0.91565
18.65000,0.48000,0.18303,0.81697
18.67000,0.48000,0.10140,0.89860
18.69000,0.48000,0.19359,0.80641
18.71000,0.48000,0.03308,0.96692
18.73000,0.48000,0.09219,0.90781
18.75000,0.48000,0.02241,0.97759
18.77000,0.48000,0.03790,0.96210
18.79000,0.48000,0.01287,0.98713
18.81000,0.48000,0.02261,0.97739
18.83000,0.48000,0.02474,0.97526
18.85000,0.48000,0.09714,0.90286
18.87000,0.48000,0.07846,0.92154
18.89000,0.48000,0.12533,0.87467
18.91000,0.48000,0.05435,0.94565
18.93000,0.48000,0.15776,0.84224
18.95000,0.48000,0.02799,0.97201
18.97000,0.48000,0.13450,0.86550
18.99000,0.48000,0.10451,0.89549
19.01000,0.48000,0.02839,0.97161
19.03000,0.48000,0.03793,0.96207
19.05000,0.48000,0.00447,0.99553
19.07000,0.48000,0.01705,0.98295
19.09000,0.48000,0.00533,0.99467
19.11000,0.48000,0.00423,0.99577
19.13000,0.48000,0.00768,0.99232
19.15000,0.48000,0.00903,0.99097
19.17000,0.48000,0.04377,0.95623
19.19000,0.48000,0.04472,0.95528
19.21000,0.48000,0.03509,0.96491
19.23000,0.48000,0.04873,0.95127
19.25000,0.48000,0.03369,0.96631
19.27000,0.48000,0.02316,0.97684
19.29000,0.48000,0.02487,0.97513
19.31000,0.48000,0.01222,0.98778
19.33000,0.48000,0.02195,0.97805
19.35000,0.48000,0.01148,0.98852
19.37000,0.48000,0.02971,0.97029
19.39000,0.48000,0.00739,0.99261
19.41000,0.48000,0.04353,0.95647
19.43000,0.48000,0.00930,0.99070
19.45000,0.48000,0.01945,0.98055
19.47000,0.48000,0.00484,0.99516
19.49000,0.48000,0.01685,0.98315
19.51000,0.48000,0.00838,0.99162
19.53000,0.48000,0.03844,0.96156
19.55000,0.48000,0.00431,0.99569
19.57000,0.48000,0.01409,0.98591
19.59000,0.48000,0.00347,0.99653
19.61000,0.48000,0.01994,0.98006
19.63000,0.48000,0.01268,0.98732
19.65000,0.48000,0.02223,0.97777
19.67000,0.48000,0.00821,0.99179
19.69000,0.48000,0.01287,0.98713
19.71000,0.48000,0.00523,0.99477
19.73000,0.48000,0.03860,0.96140
19.75000,0.48000,0.00763,0.99237
19.77000,0.48000,0.04377,0.95623
19.79000,0.48000,0.01200,0.98800
19.81000,0.48000,0.02108,0.97892
19.83000,0.48000,0.00472,0.99528
19.85000,0.48000,0.01373,0.98627
19.87000,0.48000,0.00812,0.99188
19.89000,0.48000,0.01524,0.98476
19.91000,0.48000,0.05336,0.94664
19.93000,0.48000,0.02946,0.97054
19.95000,0.48000,0.02901,0.97099
19.97000,0.48000,0.06431,0.93569
19.99000,0.48000,0.07590,0.92410
20.01000,0.48000,0.02266,0.97734
20.03000,0.48000,0.01057,0.98943
20.05000,0.48000,0.00944,0.99056
20.07000,0.48000,0.00604,0.99396
20.09000,0.48000,0.01230,0.98770
20.11000,0.48000,0.02330,0.97670
20.13000,0.48000,0.00633,0.99367
20.15000,0.48000,0.06569,0.93431
20.17000,0.48000,0.03269,0.96731
20.19000,0.48000,0.03230,0.96770
20.21000,0.48000,0.02874,0.97126
20.23000,0.48000,0.03954,0.96046
20.25000,0.48000,0.03415,0.96585
20.27000,0.48000,0.01761,0.98239
20.29000,0.48000,0.00800,0.99200
20.31000,0.48000,0.02039,0.97961
20.33000,0.48000,0.01419,0.98581
20.35000,0.48000,0.00526,0.99474
20.37000,0.48000,0.00850,0.99150
20.39000,0.48000,0.00461,0.99539
20.41000,0.48000,0.00326,0.99674
20.43000,0.48000,0.00198,0.99802
20.45000,0.48000,0.00549,0.99451
20.47000,0.48000,0.00275,0.99725
20.49000,0.48000,0.00316,0.99684
20.51000,0.48000,0.00237,0.99763
20.53000,0.48000,0.00413,0.99587
20.55000,0.48000,0.00149,0.99851
20.57000,0.48000,0.00272,0.99728
20.59000,0.48000,0.00159,0.99841
20.61000,0.48000,0.00297,0.99703
20.63000,0.48000,0.00142,0.99858
20.65000,0.48000,0.00385,0.99615
20.67000,0.48000,0.00213,0.99787
20.69000,0.48000,0.00609,0.99391
20.71000,0.48000,0.00234,0.99766
20.73000,0.48000,0.00688,0.99312
20.75000,0.48000,0.00193,0.99807
20.77000,0.48000,0.01082,0.98918
20.79000,0.48000,0.00837,0.99163
20.81000,0.48000,0.01014,0.98986
20.83000,0.48000,0.02322,0.97678
20.85000,0.48000,0.01770,0.98230
20.87000,0.48000,0.06308,0.93692
20.89000,0.48000,0.07742,0.92258
20.91000,0.48000,0.05476,0.94524
20.93000,0.48000,0.01602,0.98398
20.95000,0.48000,0.03739,0.96261
20.97000,0.48000,0.01875,0.98125
20.99000,0.48000,0.07011,0.92989
21.01000,0.48000,0.04721,0.95279
21.03000,0.48000,0.14528,0.85472
21.05000,0.48000,0.10773,0.89227
21.07000,0.48000,0.10241,0.89759
21.09000,0.48000,0.06783,0.93217
21.11000,0.48000,0.08715,0.91285
21.13000,0.48000,0.09923,0.90077
21.15000,0.48000,0.11276,0.88724
21.17000,0.48000,0.35356,0.64645
21.19000,0.48000,0.25986,0.74014
21.21000,0.48000,0.33293,0.66707
21.23000,0.48000,0.36010,0.63990
21.25000,0.48000,0.43981,0.56019
21.27000,0.48000,0.48143,0.51857
21.29000,0.48000,0.37535,0.62465
21.31000,0.48000,0.37210,0.62790
21.33000,0.48000,0.31998,0.68002
21.35000,0.48000,0.50861,0.49139
21.37000,0.48000,0.59116,0.40884
21.39000,0.48000,0.44463,0.55537
21.41000,0.48000,0.91677,0.08323
21.43000,0.48000,0.79395,0.20605
21.45000,0.48000,0.85131,0.14869
21.47000,0.48000,0.92519,0.07481
21.49000,0.48000,0.93332,0.06668
21.51000,0.48000,0.95702,0.04298
21.53000,0.48000,0.93893,0.06107
21.55000,0.48000,0.97392,0.02608
21.57000,0.48000,0.96893,0.03107
21.59000,0.48000,0.95917,0.04083
21.61000,0.48000,0.98824,0.01176
21.63000,0.48000,0.98827,0.01173
21.65000,0.48000,0.99068,0.00932
21.67000,0.48000,0.99332,0.00668
21.69000,0.48000,0.99294,0.00706
21.71000,0.48000,0.99450,0.00550
21.73000,0.48000,0.98948,0.01052
21.75000,0.48000,0.99243,0.00757
21.77000,0.48000,0.99298,0.00702
21.79000,0.48000,0.99387,0.00613
21.81000,0.48000,0.99428,0.00573
21.83000,0.48000,0.99515,0.00485
21.85000,0.48000,0.99671,0.00329
21.87000,0.48000,0.99615,0.00385
21.89000,0.48000,0.99821,0.00179
21.91000,0.48000,0.99584,0.00416
21.93000,0.48000,0.99764,0.00236
21.95000,0.48000,0.99788,0.00212
21.97000,0.48000,0.99820,0.00180
21.99000,0.48000,0.99608,0.00392
22.01000,0.48000,0.99826,0.00174
22.03000,0.48000,0.99465,0.00535
22.05000,0.48000,0.99731,0.00269
22.07000,0.48000,0.99589,0.00411
22.09000,0.48000,0.99647,0.00353
22.11000,0.48000,0.99674,0.00326
22.13000,0.48000,0.99739,0.00261
22.15000,0.48000,0.99558,0.00442
22.17000,0.48000,0.99601,0.00399
22.19000,0.48000,0.99564,0.00436
22.21000,0.48000,0.99673,0.00327
22.23000,0.48000,0.99497,0.00503
22.25000,0.48000,0.99524,0.00476
22.27000,0.48000,0.99621,0.00379
22.29000,0.48000,0.99762,0.00238
22.31000,0.48000,0.99620,0.00380
22.33000,0.48000,0.99536,0.00464
22.35000,0.48000,0.99459,0.00541
22.37000,0.48000,0.99635,0.00365
22.39000,0.48000,0.99443,0.00557
22.41000,0.48000,0.99382,0.00618
22.43000,0.48000,0.99460,0.00540
22.45000,0.48000,0.99737,0.00263
22.47000,0.48000,0.99247,0.00753
22.49000,0.48000,0.99531,0.00469
22.51000,0.48000,0.99392,0.00608
22.53000,0.48000,0.99566,0.00434
22.55000,0.48000,0.99368,0.00632
22.57000,0.48000,0.99703,0.00297
22.59000,0.48000,0.99677,0.00323
22.61000,0.48000,0.99818,0.00182
22.63000,0.48000,0.99711,0.00289
22.65000,0.48000,0.99728,0.00272
22.67000,0.48000,0.99694,0.00306
22.69000,0.48000,0.99697,0.00303
22.71000,0.48000,0.99766,0.00234
22.73000,0.48000,0.99738,0.00262
22.75000,0.48000,0.99762,0.00238
22.77000,0.48000,0.99617,0.00383
22.79000,0.48000,0.99745,0.00255
22.81000,0.48000,0.99663,0.00337
22.83000,0.48000,0.99677,0.00323
22.85000,0.48000,0.99672,0.00328
22.87000,0.48000,0.99817,0.00183
22.89000,0.48000,0.99805,0.00195
22.91000,0.48000,0.99765,0.00235
22.93000,0.48000,0.99641,0.00359
22.95000,0.48000,0.99624,0.00376
22.97000,0.48000,0.99612,0.00388
22.99000,0.48000,0.99584,0.00416
23.01000,0.48000,0.99609,0.00391
23.03000,0.48000,0.99630,0.00370
23.05000,0.48000,0.99639,0.00361
23.07000,0.48000,0.99392,0.00608
23.09000,0.48000,0.99152,0.00848
23.11000,0.48000,0.99293,0.00707
23.13000,0.48000,0.99275,0.00725
23.15000,0.48000,0.99289,0.00711
23.17000,0.48000,0.99241,0.00759
23.19000,0.48000,0.99392,0.00608
23.21000,0.48000,0.99407,0.00593
23.23000,0.48000,0.98952,0.01048
23.25000,0.48000,0.99129,0.00871
23.27000,0.48000,0.98618,0.01382
23.29000,0.48000,0.99517,0.00483
23.31000,0.48000,0.98162,0.01838
23.33000,0.48000,0.99431,0.00569
23.35000,0.48000,0.97790,0.02210
23.37000,0.48000,0.99397,0.00603
23.39000,0.48000,0.98377,0.01623
23.41000,0.48000,0.99359,0.00641
23.43000,0.48000,0.99154,0.00846
23.45000,0.48000,0.99383,0.00617
23.47000,0.48000,0.98754,0.01246
23.49000,0.48000,0.99386,0.00614
23.51000,0.48000,0.98618,0.01382
23.53000,0.48000,0.99613,0.00387
23.55000,0.48000,0.98832,0.01168
23.57000,0.48000,0.99645,0.00355
23.59000,0.48000,0.98418,0.01582
23.61000,0.48000,0.99375,0.00625
23.63000,0.48000,0.98603,0.01397
23.65000,0.48000,0.99205,0.00795
23.67000,0.48000,0.97800,0.02200
23.69000,0.48000,0.99390,0.00610
23.71000,0.48000,0.98636,0.01364
23.73000,0.48000,0.99243,0.00757
23.75000,0.48000,0.99284,0.00716
23.77000,0.48000,0.99409,0.00591
23.79000,0.48000,0.99636,0.00364
23.81000,0.48000,0.99621,0.00379
23.83000,0.48000,0.99440,0.00560
23.85000,0.48000,0.99643,0.00357
23.87000,0.48000,0.99697,0.00303
23.89000,0.48000,0.99749,0.00251
23.91000,0.48000,0.99664,0.00336
23.93000,0.48000,0.99676,0.00324
23.95000,0.48000,0.99673,0.00327
23.97000,0.48000,0.99694,0.00307
23.99000,0.48000,0.99822,0.00178
24.01000,0.48000,0.99728,0.00272
24.03000,0.48000,0.99800,0.00200
24.05000,0.48000,0.99691,0.00309
24.07000,0.48000,0.99664,0.00336
24.09000,0.48000,0.99786,0.00214
24.11000,0.48000,0.99835,0.00165
24.13000,0.48000,0.99802,0.00198
24.15000,0.48000,0.99798,0.00202
24.17000,0.48000,0.99752,0.00248
24.19000,0.48000,0.99730,0.00270
24.21000,0.48000,0.99703,0.00297
24.23000,0.48000,0.99680,0.00320
24.25000,0.48000,0.99872,0.00128
24.27000,0.48000,0.99753,0.00247
24.29000,0.48000,0.99762,0.00238
24.31000,0.48000,0.99584,0.00416
24.33000,0.48000,0.99833,0.00167
24.35000,0.48000,0.99738,0.00262
24.37000,0.48000,0.99781,0.00219
24.39000,0.48000,0.99600,0.00400
24.41000,0.48000,0.99818,0.00182
24.43000,0.48000,0.99669,0.00331
24.45000,0.48000,0.99809,0.00191
24.47000,0.48000,0.99656,0.00344
24.49000,0.48000,0.99821,0.00179
24.51000,0.48000,0.99720,0.00280
24.53000,0.48000,0.99871,0.00129
24.55000,0.48000,0.99805,0.00195
24.57000,0.48000,0.99839,0.00161
24.59000,0.48000,0.99765,0.00235
24.61000,0.48000,0.99516,0.00484
24.63000,0.48000,0.96603,0.03397
24.65000,0.48000,0.98617,0.01383
24.67000,0.48000,0.90611,0.09389
24.69000,0.48000,0.93367,0.06633
24.71000,0.48000,0.86539,0.13461
24.73000,0.48000,0.78483,0.21517
24.75000,0.48000,0.86898,0.13102
24.77000,0.48000,0.96220,0.03780
24.79000,0.48000,0.79455,0.20545
24.81000,0.48000,0.74199,0.25801
24.83000,0.48000,0.59414,0.40586
24.85000,0.48000,0.73999,0.26001
24.87000,0.48000,0.52493,0.47507
24.89000,0.48000,0.39246,0.60754
24.91000,0.48000,0.36602,0.63398
24.93000,0.48000,0.32801,0.67199
24.95000,0.48000,0.27221,0.72779
24.97000,0.48000,0.05286,0.94714
24.99000,0.48000,0.05071,0.94929
25.01000,0.48000,0.00980,0.99020
25.03000,0.48000,0.00469,0.99531
25.05000,0.48000,0.00104,0.99896
25.07000,0.48000,0.00325,0.99675
25.09000,0.48000,0.00062,0.99938
25.11000,0.48000,0.00560,0.99440
25.13000,0.48000,0.00192,0.99808
25.15000,0.48000,0.00897,0.99103
25.17000,0.48000,0.00057,0.99943
25.19000,0.48000,0.00144,0.99856
25.21000,0.48000,0.00050,0.99950
25.23000,0.48000,0.00071,0.99929
25.25000,0.48000,0.00047,0.99953
25.27000,0.48000,0.00058,0.99942
25.29000,0.48000,0.00037,0.99963
25.31000,0.48000,0.00039,0.99961
25.33000,0.48000,0.00042,0.99958
25.35000,0.48000,0.00068,0.99932
25.37000,0.48000,0.00100,0.99900
25.39000,0.48000,0.00079,0.99921
25.41000,0.48000,0.00043,0.99957
25.43000,0.48000,0.00095,0.99905
25.45000,0.48000,0.00220,0.99780
25.47000,0.48000,0.00156,0.99844
25.49000,0.48000,0.01167,0.98833
25.51000,0.48000,0.00082,0.99918
25.53000,0.48000,0.00329,0.99671
25.55000,0.48000,0.00091,0.99909
25.57000,0.48000,0.00059,0.99941
25.59000,0.48000,0.00027,0.99973
25.61000,0.48000,0.00024,0.99976
25.63000,0.48000,0.00080,0.99920
25.65000,0.48000,0.00037,0.99963
25.67000,0.48000,0.00077,0.99923
25.69000,0.48000,0.00032,0.99968
25.71000,0.48000,0.00111,0.99889
25.73000,0.48000,0.00116,0.99884
25.75000,0.48000,0.00096,0.99904
25.77000,0.48000,0.00051,0.99949
25.79000,0.48000,0.00081,0.99919
25.81000,0.48000,0.00050,0.99950
25.83000,0.48000,0.00062,0.99938
25.85000,0.48000,0.00060,0.99940
25.87000,0.48000,0.00102,0.99898
25.89000,0.48000,0.00119,0.99881
25.91000,0.48000,0.00137,0.99863
25.93000,0.48000,0.00179,0.99821
25.95000,0.48000,0.00232,0.99768
25.97000,0.48000,0.00116,0.99884
25.99000,0.48000,0.00254,0.99746
26.01000,0.48000,0.00211,0.99789
26.03000,0.48000,0.00202,0.99798
26.05000,0.48000,0.00151,0.99849
26.07000,0.48000,0.00347,0.99653
26.09000,0.48000,0.00322,0.99678
26.11000,0.48000,0.00588,0.99412
26.13000,0.48000,0.00397,0.99603
26.15000,0.48000,0.00498,0.99502
26.17000,0.48000,0.00481,0.99519
26.19000,0.48000,0.00462,0.99538
26.21000,0.48000,0.00637,0.99363
26.23000,0.48000,0.00371,0.99629
26.25000,0.48000,0.00947,0.99053
26.27000,0.48000,0.00845,0.99155
26.29000,0.48000,0.00643,0.99357
26.31000,0.48000,0.01248,0.98752
26.33000,0.48000,0.00905,0.99095
26.35000,0.48000,0.00363,0.99637
26.37000,0.48000,0.00676,0.99324
26.39000,0.48000,0.00384,0.99616
26.41000,0.48000,0.00364,0.99636
26.43000,0.48000,0.00225,0.99775
26.45000,0.48000,0.00343,0.99657
26.47000,0.48000,0.00176,0.99824
26.49000,0.48000,0.00832,0.99168
26.51000,0.48000,0.00603,0.99397
26.53000,0.48000,0.01704,0.98296
26.55000,0.48000,0.00287,0.99713
26.57000,0.48000,0.01218,0.98782
26.59000,0.48000,0.00162,0.99838
26.61000,0.48000,0.00620,0.99380
26.63000,0.48000,0.00181,0.99819
26.65000,0.48000,0.00333,0.99667
26.67000,0.48000,0.00141,0.99859
26.69000,0.48000,0.00211,0.99789
26.71000,0.48000,0.00104,0.99896
26.73000,0.48000,0.00256,0.99744
26.75000,0.48000,0.00105,0.99895
26.77000,0.48000,0.00142,0.99858
26.79000,0.48000,0.00042,0.99958
26.81000,0.48000,0.00289,0.99711
26.83000,0.48000,0.00067,0.99933
26.85000,0.48000,0.00262,0.99738
26.87000,0.48000,0.00058,0.99942
26.89000,0.48000,0.00242,0.99758
26.91000,0.48000,0.00203,0.99797
26.93000,0.48000,0.00559,0.99441
26.95000,0.48000,0.00771,0.99229
26.97000,0.48000,0.00780,0.99220
26.99000,0.48000,0.00744,0.99256
27.01000,0.48000,0.00929,0.99071
27.03000,0.48000,0.00283,0.99717
27.05000,0.48000,0.00482,0.99518
27.07000,0.48000,0.00737,0.99263
27.09000,0.48000,0.01028,0.98972
27.11000,0.48000,0.00193,0.99807
27.13000,0.48000,0.00638,0.99362
27.15000,0.48000,0.00345,0.99655
27.17000,0.48000,0.00384,0.99616
27.19000,0.48000,0.00101,0.99899
27.21000,0.48000,0.00228,0.99772
27.23000,0.48000,0.00148,0.99852
27.25000,0.48000,0.00435,0.99565
27.27000,0.48000,0.00118,0.99882
27.29000,0.48000,0.00192,0.99808
27.31000,0.48000,0.00103,0.99897
27.33000,0.48000,0.00169,0.99831
27.35000,0.48000,0.00125,0.99875
27.37000,0.48000,0.00446,0.99554
27.39000,0.48000,0.00364,0.99636
27.41000,0.48000,0.00230,0.99770
27.43000,0.48000,0.00184,0.99816
27.45000,0.48000,0.00112,0.99888
27.47000,0.48000,0.00098,0.99902
27.49000,0.48000,0.00062,0.99938
27.51000,0.48000,0.00053,0.99947
27.53000,0.48000,0.00039,0.99961
27.55000,0.48000,0.00091,0.99909
27.57000,0.48000,0.00048,0.99952
27.59000,0.48000,0.00221,0.99779
27.61000,0.48000,0.00111,0.99889
27.63000,0.48000,0.00529,0.99471
27.65000,0.48000,0.00166,0.99834
27.67000,0.48000,0.00213,0.99787
27.69000,0.48000,0.00229,0.99771
27.71000,0.48000,0.00515,0.99485
27.73000,0.48000,0.00218,0.99783
27.75000,0.48000,0.00521,0.99479
27.77000,0.48000,0.00138,0.99862
27.79000,0.48000,0.00374,0.99626
27.81000,0.48000,0.00228,0.99772
27.83000,0.48000,0.00340,0.99660
27.85000,0.48000,0.00484,0.99516
27.87000,0.48000,0.01293,0.98707
27.89000,0.48000,0.00599,0.99401
27.91000,0.48000,0.01943,0.98057
27.93000,0.48000,0.00687,0.99312
27.95000,0.48000,0.00536,0.99464
27.97000,0.48000,0.00782,0.99218
27.99000,0.48000,0.00364,0.99636
28.01000,0.48000,0.01041,0.98959
28.03000,0.48000,0.00478,0.99522
28.05000,0.48000,0.00613,0.99387
28.07000,0.48000,0.00665,0.99335
28.09000,0.48000,0.00245,0.99755
28.11000,0.48000,0.00550,0.99450
28.13000,0.48000,0.00176,0.99824
28.15000,0.48000,0.00608,0.99392
28.17000,0.48000,0.00324,0.99676
28.19000,0.48000,0.00927,0.99073
28.21000,0.48000,0.00382,0.99618
28.23000,0.48000,0.00890,0.99110
28.25000,0.48000,0.00351,0.99649
28.27000,0.48000,0.00605,0.99395
28.29000,0.48000,0.00408,0.99592
28.31000,0.48000,0.00531,0.99469
28.33000,0.48000,0.00335,0.99665
28.35000,0.48000,0.00888,0.99112
28.37000,0.48000,0.00345,0.99655
28.39000,0.48000,0.00524,0.99476
28.41000,0.48000,0.00347,0.99653
28.43000,0.48000,0.00468,0.99532
28.45000,0.48000,0.00192,0.99808
28.47000,0.48000,0.00223,0.99777
28.49000,0.48000,0.00206,0.99794
28.51000,0.48000,0.00426,0.99575
28.53000,0.48000,0.00287,0.99713
28.55000,0.48000,0.00193,0.99807
28.57000,0.48000,0.00925,0.99075
28.59000,0.48000,0.00380,0.99620
28.61000,0.48000,0.00479,0.99521
28.63000,0.48000,0.00339,0.99661
28.65000,0.48000,0.00524,0.99476
28.67000,0.48000,0.00300,0.99700
28.69000,0.48000,0.00543,0.99457
28.71000,0.48000,0.00374,0.99626
28.73000,0.48000,0.00590,0.99410
28.75000,0.48000,0.00627,0.99373
28.77000,0.48000,0.00484,0.99516
28.79000,0.48000,0.00576,0.99424
28.81000,0.48000,0.00482,0.99518
28.83000,0.48000,0.00677,0.99323
28.85000,0.48000,0.00666,0.99334
28.87000,0.48000,0.01020,0.98980
28.89000,0.48000,0.00321,0.99679
28.91000,0.48000,0.00810,0.99190
28.93000,0.48000,0.00508,0.99492
28.95000,0.48000,0.00608,0.99392
28.97000,0.48000,0.00179,0.99821
28.99000,0.48000,0.00638,0.99362
29.01000,0.48000,0.00151,0.99849
29.03000,0.48000,0.00865,0.99135
29.05000,0.48000,0.00195,0.99805
29.07000,0.48000,0.01499,0.98501
29.09000,0.48000,0.00074,0.99926
29.11000,0.48000,0.01332,0.98668
29.13000,0.48000,0.00125,0.99875
29.15000,0.48000,0.02579,0.97421
29.17000,0.48000,0.00188,0.99812
29.19000,0.48000,0.01340,0.98660
29.21000,0.48000,0.01212,0.98788
29.23000,0.48000,0.02632,0.97368
29.25000,0.48000,0.00693,0.99307
29.27000,0.48000,0.01341,0.98659
29.29000,0.48000,0.00544,0.99456
29.31000,0.48000,0.00446,0.99554
29.33000,0.48000,0.00432,0.99568
29.35000,0.48000,0.00340,0.99660
29.37000,0.48000,0.00600,0.99400
29.39000,0.48000,0.00199,0.99801
29.41000,0.48000,0.00291,0.99709
29.43000,0.48000,0.00179,0.99821
29.45000,0.48000,0.00674,0.99326
29.47000,0.48000,0.00217,0.99783
29.49000,0.48000,0.00907,0.99093
29.51000,0.48000,0.00245,0.99755
29.53000,0.48000,0.00954,0.99046
29.55000,0.48000,0.00261,0.99739
29.57000,0.48000,0.00711,0.99289
29.59000,0.48000,0.00311,0.99689
29.61000,0.48000,0.00376,0.99624
29.63000,0.48000,0.00289,0.99711
29.65000,0.48000,0.00541,0.99459
29.67000,0.48000,0.00306,0.99694
29.69000,0.48000,0.00414,0.99586
29.71000,0.48000,0.00405,0.99595
29.73000,0.48000,0.00448,0.99552
29.75000,0.48000,0.00659,0.99341
29.77000,0.48000,0.00456,0.99544
29.79000,0.48000,0.00433,0.99567
29.81000,0.48000,0.00345,0.99655
29.83000,0.48000,0.00644,0.99356
29.85000,0.48000,0.00254,0.99746
29.87000,0.48000,0.00537,0.99463
29.89000,0.48000,0.00256,0.99744
29.91000,0.48000,0.00788,0.99212
29.93000,0.48000,0.00374,0.99626
29.95000,0.48000,0.00815,0.99185
29.97000,0.48000,0.00410,0.99590
29.99000,0.48000,0.00957,0.99043
30.01000,0.48000,0.00422,0.99578
30.03000,0.48000,0.00993,0.99007
30.05000,0.48000,0.02908,0.97092
30.07000,0.48000,0.06631,0.93369
30.09000,0.48000,0.17124,0.82876
30.11000,0.48000,0.26499,0.73501
30.13000,0.48000,0.15964,0.84036
30.15000,0.48000,0.19439,0.80561
30.17000,0.48000,0.06048,0.93952
30.19000,0.48000,0.20591,0.79409
30.21000,0.48000,0.14369,0.85631
30.23000,0.48000,0.25727,0.74273
30.25000,0.48000,0.34905,0.65095
30.27000,0.48000,0.25273,0.74727
30.29000,0.48000,0.70055,0.29945
30.31000,0.48000,0.63606,0.36394
30.33000,0.48000,0.69421,0.30579
30.35000,0.48000,0.78955,0.21045
30.37000,0.48000,0.94814,0.05186
30.39000,0.48000,0.92899,0.07101
30.41000,0.48000,0.94740,0.05260
30.43000,0.48000,0.97609,0.02391
30.45000,0.48000,0.98491,0.01509
30.47000,0.48000,0.99235,0.00765
30.49000,0.48000,0.98970,0.01030
30.51000,0.48000,0.99279,0.00721
30.53000,0.48000,0.99228,0.00772
30.55000,0.48000,0.99235,0.00765
30.57000,0.48000,0.98624,0.01376
30.59000,0.48000,0.99629,0.00371
30.61000,0.48000,0.98775,0.01225
30.63000,0.48000,0.99483,0.00517
30.65000,0.48000,0.98711,0.01289
30.67000,0.48000,0.99687,0.00313
30.69000,0.48000,0.99307,0.00693
30.71000,0.48000,0.99633,0.00367
30.73000,0.48000,0.98779,0.01221
30.75000,0.48000,0.99698,0.00302
30.77000,0.48000,0.98825,0.01175
30.79000,0.48000,0.99716,0.00284
30.81000,0.48000,0.99167,0.00833
30.83000,0.48000,0.99718,0.00282
30.85000,0.48000,0.99191,0.00809
30.87000,0.48000,0.99702,0.00298
30.89000,0.48000,0.99479,0.00521
30.91000,0.48000,0.99709,0.00291
30.93000,0.48000,0.99420,0.00580
30.95000,0.48000,0.99764,0.00236
30.97000,0.48000,0.99606,0.00394
30.99000,0.48000,0.99850,0.00150
31.01000,0.48000,0.99566,0.00434
31.03000,0.48000,0.99763,0.00237
31.05000,0.48000,0.99449,0.00551
31.07000,0.48000,0.99769,0.00231
31.09000,0.48000,0.99600,0.00400
31.11000,0.48000,0.99743,0.00257
31.13000,0.48000,0.99564,0.00436
31.15000,0.48000,0.99746,0.00254
31.17000,0.48000,0.99633,0.00367
31.19000,0.48000,0.99640,0.00360
31.21000,0.48000,0.99599,0.00401
31.23000,0.48000,0.99766,0.00234
31.25000,0.48000,0.99447,0.00553
31.27000,0.48000,0.99798,0.00202
31.29000,0.48000,0.99700,0.00300
31.31000,0.48000,0.99753,0.00247
31.33000,0.48000,0.99619,0.00381
31.35000,0.48000,0.99723,0.00277
31.37000,0.48000,0.99517,0.00483
31.39000,0.48000,0.99802,0.00198
31.41000,0.48000,0.99637,0.00363
31.43000,0.48000,0.99635,0.00365
31.45000,0.48000,0.99624,0.00376
31.47000,0.48000,0.99782,0.00218
31.49000,0.48000,0.99648,0.00352
31.51000,0.48000,0.99879,0.00121
31.53000,0.48000,0.99800,0.00200
31.55000,0.48000,0.99870,0.00130
31.57000,0.48000,0.99774,0.00226
31.59000,0.48000,0.99922,0.00078
31.61000,0.48000,0.99834,0.00166
31.63000,0.48000,0.99861,0.00139
31.65000,0.48000,0.99799,0.00201
31.67000,0.48000,0.99774,0.00226
31.69000,0.48000,0.99831,0.00169
31.71000,0.48000,0.99808,0.00192
31.73000,0.48000,0.99778,0.00222
31.75000,0.48000,0.99758,0.00242
31.77000,0.48000,0.99837,0.00163
31.79000,0.48000,0.99755,0.00245
31.81000,0.48000,0.99732,0.00268
31.83000,0.48000,0.99590,0.00410
31.85000,0.48000,0.99844,0.00156
31.87000,0.48000,0.99733,0.00267
31.89000,0.48000,0.99872,0.00128
31.91000,0.48000,0.99702,0.00298
31.93000,0.48000,0.99878,0.00122
31.95000,0.48000,0.99671,0.00329
31.97000,0.48000,0.99835,0.00165
31.99000,0.48000,0.99463,0.00537
32.01000,0.48000,0.99863,0.00137
32.03000,0.48000,0.99759,0.00241
32.05000,0.48000,0.99906,0.00094
32.07000,0.48000,0.99769,0.00231
32.09000,0.48000,0.99860,0.00140
32.11000,0.48000,0.99780,0.00220
32.13000,0.48000,0.99875,0.00125
32.15000,0.48000,0.99482,0.00518
32.17000,0.48000,0.99858,0.00142
32.19000,0.48000,0.99742,0.00258
32.21000,0.48000,0.99763,0.00237
32.23000,0.48000,0.99659,0.00341
32.25000,0.48000,0.99793,0.00207
32.27000,0.48000,0.99533,0.00467
32.29000,0.48000,0.99508,0.00492
32.31000,0.48000,0.99461,0.00539
32.33000,0.48000,0.99420,0.00580
32.35000,0.48000,0.99627,0.00373
32.37000,0.48000,0.98983,0.01017
32.39000,0.48000,0.99267,0.00733
32.41000,0.48000,0.98845,0.01155
32.43000,0.48000,0.99236,0.00764
32.45000,0.48000,0.98398,0.01602
32.47000,0.48000,0.98995,0.01005
32.49000,0.48000,0.99126,0.00874
32.51000,0.48000,0.94047,0.05953
32.53000,0.48000,0.77698,0.22302
32.55000,0.48000,0.91770,0.08230
32.57000,0.48000,0.57470,0.42530
32.59000,0.48000,0.80344,0.19656
32.61000,0.48000,0.58184,0.41816
32.63000,0.48000,0.88152,0.11848
32.65000,0.48000,0.47788,0.52212
32.67000,0.48000,0.62439,0.37561
32.69000,0.48000,0.32182,0.67818
32.71000,0.48000,0.58867,0.41133
32.73000,0.48000,0.33687,0.66313
32.75000,0.48000,0.55907,0.44093
32.77000,0.48000,0.25104,0.74896
32.79000,0.48000,0.72589,0.27411
32.81000,0.48000,0.19736,0.80264
32.83000,0.48000,0.72211,0.27789
32.85000,0.48000,0.08268,0.91732
32.87000,0.48000,0.16897,0.83103
32.89000,0.48000,0.04098,0.95902
32.91000,0.48000,0.03296,0.96704
32.93000,0.48000,0.00996,0.99004
32.95000,0.48000,0.00790,0.99210
32.97000,0.48000,0.00867,0.99133
32.99000,0.48000,0.00584,0.99416
33.01000,0.48000,0.00746,0.99254
33.03000,0.48000,0.00601,0.99399
33.05000,0.48000,0.00519,0.99481
33.07000,0.48000,0.00561,0.99439
33.09000,0.48000,0.00711,0.99289
33.11000,0.48000,0.00394,0.99606
33.13000,0.48000,0.03073,0.96927
33.15000,0.48000,0.04426,0.95574
33.17000,0.48000,0.04250,0.95750
33.19000,0.48000,0.02623,0.97377
33.21000,0.48000,0.02062,0.97938
33.23000,0.48000,0.00818,0.99182
33.25000,0.48000,0.00715,0.99285
33.27000,0.48000,0.00431,0.99569
33.29000,0.48000,0.00228,0.99772
33.31000,0.48000,0.00335,0.99665
33.33000,0.48000,0.00241,0.99759
33.35000,0.48000,0.00435,0.99565
33.37000,0.48000,0.00147,0.99853
33.39000,0.48000,0.00360,0.99640
33.41000,0.48000,0.00280,0.99720
33.43000,0.48000,0.00504,0.99496
33.45000,0.48000,0.00254,0.99746
33.47000,0.48000,0.00501,0.99499
33.49000,0.48000,0.00877,0.99123
33.51000,0.48000,0.00475,0.99525
33.53000,0.48000,0.00246,0.99754
33.55000,0.48000,0.00373,0.99627
33.57000,0.48000,0.00381,0.99619
33.59000,0.48000,0.00252,0.99748
33.61000,0.48000,0.00118,0.99882
33.63000,0.48000,0.00236,0.99764
33.65000,0.48000,0.00169,0.99831
33.67000,0.48000,0.00348,0.99652
33.69000,0.48000,0.00395,0.99605
33.71000,0.48000,0.00400,0.99600
33.73000,0.48000,0.00584,0.99416
33.75000,0.48000,0.00391,0.99609
33.77000,0.48000,0.00966,0.99034
33.79000,0.48000,0.00427,0.99573
33.81000,0.48000,0.03130,0.96870
33.83000,0.48000,0.00934,0.99066
33.85000,0.48000,0.02319,0.97681
33.87000,0.48000,0.01235,0.98765
33.89000,0.48000,0.01612,0.98388
33.91000,0.48000,0.00460,0.99540
33.93000,0.48000,0.00533,0.99467
33.95000,0.48000,0.00365,0.99635
33.97000,0.48000,0.00504,0.99496
33.99000,0.48000,0.00413,0.99587
34.01000,0.48000,0.00524,0.99476
34.03000,0.48000,0.00192,0.99808
34.05000,0.48000,0.00547,0.99453
34.07000,0.48000,0.00375,0.99625
34.09000,0.48000,0.00376,0.99624
34.11000,0.48000,0.00193,0.99807
34.13000,0.48000,0.00544,0.99456
34.15000,0.48000,0.00355,0.99645
34.17000,0.48000,0.00567,0.99433
34.19000,0.48000,0.00335,0.99665
34.21000,0.48000,0.00682,0.99318
34.23000,0.48000,0.00534,0.99466
34.25000,0.48000,0.00484,0.99516
34.27000,0.48000,0.00529,0.99471
34.29000,0.48000,0.00388,0.99612
34.31000,0.48000,0.00526,0.99474
34.33000,0.48000,0.00267,0.99733
34.35000,0.48000,0.00360,0.99640
34.37000,0.48000,0.00335,0.99665
34.39000,0.48000,0.00331,0.99669
34.41000,0.48000,0.00174,0.99826
34.43000,0.48000,0.00166,0.99834
34.45000,0.48000,0.00164,0.99836
34.47000,0.48000,0.00080,0.99920
34.49000,0.48000,0.00121,0.99879
34.51000,0.48000,0.00176,0.99824
34.53000,0.48000,0.00277,0.99723
34.55000,0.48000,0.00135,0.99865
34.57000,0.48000,0.00600,0.99400
34.59000,0.48000,0.00459,0.99541
34.61000,0.48000,0.00642,0.99358
34.63000,0.48000,0.00377,0.99623
34.65000,0.48000,0.00704,0.99296
34.67000,0.48000,0.00675,0.99325
34.69000,0.48000,0.00820,0.99180
34.71000,0.48000,0.00520,0.99480
34.73000,0.48000,0.00757,0.99243
34.75000,0.48000,0.00793,0.99207
34.77000,0.48000,0.00618,0.99382
34.79000,0.48000,0.00717,0.99283
34.81000,0.48000,0.00783,0.99217
34.83000,0.48000,0.00550,0.99450
34.85000,0.48000,0.00488,0.99512
34.87000,0.48000,0.00582,0.99418
34.89000,0.48000,0.00910,0.99090
34.91000,0.48000,0.00447,0.99553
34.93000,0.48000,0.00428,0.99572
34.95000,0.48000,0.00553,0.99447
34.97000,0.48000,0.00399,0.99601
34.99000,0.48000,0.00806,0.99194
35.01000,0.48000,0.00271,0.99729
35.03000,0.48000,0.00393,0.99607
35.05000,0.48000,0.00157,0.99843
35.07000,0.48000,0.00357,0.99643
35.09000,0.48000,0.00128,0.99872
35.11000,0.48000,0.00307,0.99693
35.13000,0.48000,0.00360,0.99640
35.15000,0.48000,0.00234,0.99766
35.17000,0.48000,0.00226,0.99774
35.19000,0.48000,0.00210,0.99790
35.21000,0.48000,0.00120,0.99880
35.23000,0.48000,0.00109,0.99891
35.25000,0.48000,0.00155,0.99845
35.27000,0.48000,0.00115,0.99885
35.29000,0.48000,0.00179,0.99821
35.31000,0.48000,0.00120,0.99880
35.33000,0.48000,0.00309,0.99691
35.35000,0.48000,0.00267,0.99733
35.37000,0.48000,0.00865,0.99135
35.39000,0.48000,0.00957,0.99043
35.41000,0.48000,0.03035,0.96965
35.43000,0.48000,0.01762,0.98238
35.45000,0.48000,0.05779,0.94221
35.47000,0.48000,0.03847,0.96153
35.49000,0.48000,0.04081,0.95919
35.51000,0.48000,0.02073,0.97927
35.53000,0.48000,0.00427,0.99573
35.55000,0.48000,0.00855,0.99145
35.57000,0.48000,0.00449,0.99551
35.59000,0.48000,0.01251,0.98749
35.61000,0.48000,0.03851,0.96149
35.63000,0.48000,0.00759,0.99241
35.65000,0.48000,0.01129,0.98871
35.67000,0.48000,0.02260,0.97740
35.69000,0.48000,0.06281,0.93719
35.71000,0.48000,0.01172,0.98828
35.73000,0.48000,0.03918,0.96082
35.75000,0.48000,0.06236,0.93764
35.77000,0.48000,0.08399,0.91601
35.79000,0.48000,0.01730,0.98270
35.81000,0.48000,0.01293,0.98707
35.83000,0.48000,0.03661,0.96339
35.85000,0.48000,0.01314,0.98686
35.87000,0.48000,0.00585,0.99415
35.89000,0.48000,0.00363,0.99637
35.91000,0.48000,0.00477,0.99523
35.93000,0.48000,0.00455,0.99545
35.95000,0.48000,0.00237,0.99763
35.97000,0.48000,0.00653,0.99347
35.99000,0.48000,0.00863,0.99137
36.01000,0.48000,0.10700,0.89300
36.03000,0.48000,0.04266,0.95734
36.05000,0.48000,0.17628,0.82372
36.07000,0.48000,0.06397,0.93603
36.09000,0.48000,0.02270,0.97730
36.11000,0.48000,0.01338,0.98662
36.13000,0.48000,0.02281,0.97719
36.15000,0.48000,0.01543,0.98457
36.17000,0.48000,0.01441,0.98559
36.19000,0.48000,0.01485,0.98515
36.21000,0.48000,0.00903,0.99097
36.23000,0.48000,0.15821,0.84179
36.25000,0.48000,0.02890,0.97110
36.27000,0.48000,0.23973,0.76027
36.29000,0.48000,0.14809,0.85191
36.31000,0.48000,0.26763,0.73237
36.33000,0.48000,0.07904,0.92096
36.35000,0.48000,0.09475,0.90525
36.37000,0.48000,0.05645,0.94355
36.39000,0.48000,0.13497,0.86503
36.41000,0.48000,0.03561,0.96439
36.43000,0.48000,0.04263,0.95737
36.45000,0.48000,0.01086,0.98914
36.47000,0.48000,0.00683,0.99317
36.49000,0.48000,0.00443,0.99557
36.51000,0.48000,0.00401,0.99599
36.53000,0.48000,0.00178,0.99822
36.55000,0.48000,0.00167,0.99833
36.57000,0.48000,0.00370,0.99630
36.59000,0.48000,0.00217,0.99783
36.61000,0.48000,0.00528,0.99472
36.63000,0.48000,0.00506,0.99494
36.65000,0.48000,0.01250,0.98750
36.67000,0.48000,0.01126,0.98874
36.69000,0.48000,0.03095,0.96905
36.71000,0.48000,0.06193,0.93807
36.73000,0.48000,0.13371,0.86629
36.75000,0.48000,0.14773,0.85227
36.77000,0.48000,0.33056,0.66944
36.79000,0.48000,0.30832,0.69168
36.81000,0.48000,0.40100,0.59900
36.83000,0.48000,0.31317,0.68683
36.85000,0.48000,0.35636,0.64364
36.87000,0.48000,0.52041,0.47959
36.89000,0.48000,0.59038,0.40962
36.91000,0.48000,0.63118,0.36882
36.93000,0.48000,0.75445,0.24555
36.95000,0.48000,0.91014,0.08986
36.97000,0.48000,0.84876,0.15124
36.99000,0.48000,0.94912,0.05088
37.01000,0.48000,0.87479,0.12521
37.03000,0.48000,0.97387,0.02613
37.05000,0.48000,0.99508,0.00492
37.07000,0.48000,0.99861,0.00139
37.09000,0.48000,0.99810,0.00190
37.11000,0.48000,0.99845,0.00155
37.13000,0.48000,0.99810,0.00190
37.15000,0.48000,0.99723,0.00277
37.17000,0.48000,0.99809,0.00191
37.19000,0.48000,0.99799,0.00201
37.21000,0.48000,0.99733,0.00267
37.23000,0.48000,0.99659,0.00341
37.25000,0.48000,0.99596,0.00404
37.27000,0.48000,0.99351,0.00649
37.29000,0.48000,0.98894,0.01106
37.31000,0.48000,0.99362,0.00638
37.33000,0.48000,0.99027,0.00973
37.35000,0.48000,0.99293,0.00707
37.37000,0.48000,0.98009,0.01991
37.39000,0.48000,0.98965,0.01035
37.41000,0.48000,0.97249,0.02751
37.43000,0.48000,0.97338,0.02662
37.45000,0.48000,0.95663,0.04337
37.47000,0.48000,0.96660,0.03340
37.49000,0.48000,0.94431,0.05569
37.51000,0.48000,0.97920,0.02080
37.53000,0.48000,0.95021,0.04979
37.55000,0.48000,0.98155,0.01845
37.57000,0.48000,0.93138,0.06862
37.59000,0.48000,0.98444,0.01556
37.61000,0.48000,0.93493,0.06507
37.63000,0.48000,0.98428,0.01572
37.65000,0.48000,0.96151,0.03849
37.67000,0.48000,0.98003,0.01997
37.69000,0.48000,0.96082,0.03918
37.71000,0.48000,0.98023,0.01977
37.73000,0.48000,0.97087,0.02913
37.75000,0.48000,0.98799,0.01201
37.77000,0.48000,0.98116,0.01884
37.79000,0.48000,0.99118,0.00882
37.81000,0.48000,0.96239,0.03761
37.83000,0.48000,0.99206,0.00794
37.85000,0.48000,0.98180,0.01820
37.87000,0.48000,0.99409,0.00591
37.89000,0.48000,0.99004,0.00996
37.91000,0.48000,0.99121,0.00879
37.93000,0.48000,0.99068,0.00932
37.95000,0.48000,0.98360,0.01640
37.97000,0.48000,0.99061,0.00939
37.99000,0.48000,0.99204,0.00796
38.01000,0.48000,0.98920,0.01080
38.03000,0.48000,0.99266,0.00734
38.05000,0.48000,0.99180,0.00820
38.07000,0.48000,0.99702,0.00298
38.09000,0.48000,0.99637,0.00363
38.11000,0.48000,0.99646,0.00354
38.13000,0.48000,0.99675,0.00325
38.15000,0.48000,0.99708,0.00292
38.17000,0.48000,0.99848,0.00152
38.19000,0.48000,0.99689,0.00311
38.21000,0.48000,0.99753,0.00247
38.23000,0.48000,0.99502,0.00498
38.25000,0.48000,0.99692,0.00308
38.27000,0.48000,0.99555,0.00445
38.29000,0.48000,0.99483,0.00517
38.31000,0.48000,0.99613,0.00387
38.33000,0.48000,0.99453,0.00547
38.35000,0.48000,0.99605,0.00395
38.37000,0.48000,0.99742,0.00258
38.39000,0.48000,0.99714,0.00286
38.41000,0.48000,0.99796,0.00204
38.43000,0.48000,0.99733,0.00267
38.45000,0.48000,0.99677,0.00323
38.47000,0.48000,0.96968,0.03032
38.49000,0.48000,0.95569,0.04431
38.51000,0.48000,0.87020,0.12980
38.53000,0.48000,0.85621,0.14379
38.55000,0.48000,0.78554,0.21446
38.57000,0.48000,0.72843,0.27157
38.59000,0.48000,0.81179,0.18821
38.61000,0.48000,0.84378,0.15622
38.63000,0.48000,0.75701,0.24299
38.65000,0.48000,0.78282,0.21718
38.67000,0.48000,0.88895,0.11105
38.69000,0.48000,0.94866,0.05134
38.71000,0.48000,0.90314,0.09686
38.73000,0.48000,0.90444,0.09556
38.75000,0.48000,0.95804,0.04196
38.77000,0.48000,0.84979,0.15021
38.79000,0.48000,0.91347,0.08653
38.81000,0.48000,0.69064,0.30936
38.83000,0.48000,0.95034,0.04966
38.85000,0.48000,0.85004,0.14996
38.87000,0.48000,0.80686,0.19314
38.89000,0.48000,0.70357,0.29643
38.91000,0.48000,0.81130,0.18870
38.93000,0.48000,0.86783,0.13217
38.95000,0.48000,0.77901,0.22099
38.97000,0.48000,0.91364,0.08636
38.99000,0.48000,0.91930,0.08070
39.01000,0.48000,0.95371,0.04629
39.03000,0.48000,0.97652,0.02348
39.05000,0.48000,0.99143,0.00857
39.07000,0.48000,0.97794,0.02206
39.09000,0.48000,0.99199,0.00801
39.11000,0.48000,0.97417,0.02583
39.13000,0.48000,0.98847,0.01153
39.15000,0.48000,0.97162,0.02838
39.17000,0.48000,0.98860,0.01140
39.19000,0.48000,0.95279,0.04721
39.21000,0.48000,0.97998,0.02002
39.23000,0.48000,0.94683,0.05317
39.25000,0.48000,0.98216,0.01784
39.27000,0.48000,0.95680,0.04320
39.29000,0.48000,0.95592,0.04408
39.31000,0.48000,0.96957,0.03043
39.33000,0.48000,0.98050,0.01950
39.35000,0.48000,0.96895,0.03105
39.37000,0.48000,0.97417,0.02583
39.39000,0.48000,0.98462,0.01538
39.41000,0.48000,0.98329,0.01671
39.43000,0.48000,0.88508,0.11492
39.45000,0.48000,0.81516,0.18484
39.47000,0.48000,0.77694,0.22306
39.49000,0.48000,0.38081,0.61919
39.51000,0.48000,0.48122,0.51878
39.53000,0.48000,0.30253,0.69747
39.55000,0.48000,0.50182,0.49818
39.57000,0.48000,0.21884,0.78116
39.59000,0.48000,0.21153,0.78847
39.61000,0.48000,0.18258,0.81742
39.63000,0.48000,0.14764,0.85236
39.65000,0.48000,0.20579,0.79421
39.67000,0.48000,0.10898,0.89102
39.69000,0.48000,0.15355,0.84645
39.71000,0.48000,0.07228,0.92772
39.73000,0.48000,0.09561,0.90439
39.75000,0.48000,0.02415,0.97585
39.77000,0.48000,0.04789,0.95211
39.79000,0.48000,0.02359,0.97641
39.81000,0.48000,0.01302,0.98698
39.83000,0.48000,0.00663,0.99337
39.85000,0.48000,0.00334,0.99666
39.87000,0.48000,0.00227,0.99773
39.89000,0.48000,0.00696,0.99304
39.91000,0.48000,0.00322,0.99678
39.93000,0.48000,0.01087,0.98913
39.95000,0.48000,0.00260,0.99740
39.97000,0.48000,0.01564,0.98436
39.99000,0.48000,0.00351,0.99649
40.01000,0.48000,0.00690,0.99310
40.03000,0.48000,0.00314,0.99686
40.05000,0.48000,0.02197,0.97803
40.07000,0.48000,0.00937,0.99063
40.09000,0.48000,0.02761,0.97239
40.11000,0.48000,0.01500,0.98500
40.13000,0.48000,0.02023,0.97977
40.15000,0.48000,0.05697,0.94303
40.17000,0.48000,0.18253,0.81747
40.19000,0.48000,0.18143,0.81857
40.21000,0.48000,0.06449,0.93551
40.23000,0.48000,0.25035,0.74965
40.25000,0.48000,0.01596,0.98404
40.27000,0.48000,0.00843,0.99157
40.29000,0.48000,0.00489,0.99511
40.31000,0.48000,0.00427,0.99573
40.33000,0.48000,0.01626,0.98374
40.35000,0.48000,0.00895,0.99105
40.37000,0.48000,0.00862,0.99138
40.39000,0.48000,0.01578,0.98422
40.41000,0.48000,0.01397,0.98603
40.43000,0.48000,0.01827,0.98173
40.45000,0.48000,0.01360,0.98640
40.47000,0.48000,0.04864,0.95136
40.49000,0.48000,0.20673,0.79327
40.51000,0.48000,0.19323,0.80677
40.53000,0.48000,0.09052,0.90948
40.55000,0.48000,0.13557,0.86443
40.57000,0.48000,0.02921,0.97079
40.59000,0.48000,0.02742,0.97258
40.61000,0.48000,0.00914,0.99086
40.63000,0.48000,0.00540,0.99460
40.65000,0.48000,0.00413,0.99587
40.67000,0.48000,0.00581,0.99419
40.69000,0.48000,0.00430,0.99570
40.71000,0.48000,0.00779,0.99221
40.73000,0.48000,0.00551,0.99449
40.75000,0.48000,0.00713,0.99287
40.77000,0.48000,0.00585,0.99415
40.79000,0.48000,0.01170,0.98830
40.81000,0.48000,0.00870,0.99130
40.83000,0.48000,0.00815,0.99185
40.85000,0.48000,0.00482,0.99518
40.87000,0.48000,0.00680,0.99320
40.89000,0.48000,0.00350,0.99650
40.91000,0.48000,0.00434,0.99566
40.93000,0.48000,0.00313,0.99687
40.95000,0.48000,0.00618,0.99382
40.97000,0.48000,0.00476,0.99524
40.99000,0.48000,0.00775,0.99225
41.01000,0.48000,0.01449,0.98551
41.03000,0.48000,0.01477,0.98523
41.05000,0.48000,0.00499,0.99501
41.07000,0.48000,0.00868,0.99132
41.09000,0.48000,0.00638,0.99362
41.11000,0.48000,0.00417,0.99583
41.13000,0.48000,0.00415,0.99585
41.15000,0.48000,0.00859,0.99141
41.17000,0.48000,0.00376,0.99624
41.19000,0.48000,0.00505,0.99495
41.21000,0.48000,0.00786,0.99214
41.23000,0.48000,0.00514,0.99486
41.25000,0.48000,0.00267,0.99733
41.27000,0.48000,0.00535,0.99465
41.29000,0.48000,0.00512,0.99488
41.31000,0.48000,0.00242,0.99758
41.33000,0.48000,0.00403,0.99597
41.35000,0.48000,0.00522,0.99477
41.37000,0.48000,0.00853,0.99147
41.39000,0.48000,0.00773,0.99227
41.41000,0.48000,0.00832,0.99168
41.43000,0.48000,0.00605,0.99395
41.45000,0.48000,0.00762,0.99238
41.47000,0.48000,0.00432,0.99568
41.49000,0.48000,0.00696,0.99304
41.51000,0.48000,0.00728,0.99272
41.53000,0.48000,0.00990,0.99010
41.55000,0.48000,0.00738,0.99262
41.57000,0.48000,0.05897,0.94103
41.59000,0.48000,0.00710,0.99290
41.61000,0.48000,0.00899,0.99101
41.63000,0.48000,0.00525,0.99475
41.65000,0.48000,0.00873,0.99127
41.67000,0.48000,0.00525,0.99475
41.69000,0.48000,0.00670,0.99330
41.71000,0.48000,0.00512,0.99488
41.73000,0.48000,0.00795,0.99205
41.75000,0.48000,0.00800,0.99200
41.77000,0.48000,0.00822,0.99178
41.79000,0.48000,0.01004,0.98996
41.81000,0.48000,0.01073,0.98927
41.83000,0.48000,0.01070,0.98930
41.85000,0.48000,0.01014,0.98986
41.87000,0.48000,0.01137,0.98863
41.89000,0.48000,0.01393,0.98607
41.91000,0.48000,0.01314,0.98686
41.93000,0.48000,0.01465,0.98535
41.95000,0.48000,0.01299,0.98701
41.97000,0.48000,0.01624,0.98376
41.99000,0.48000,0.03270,0.96730
42.01000,0.48000,0.02006,0.97994
42.03000,0.48000,0.00794,0.99206
42.05000,0.48000,0.00945,0.99055
42.07000,0.48000,0.00792,0.99208
42.09000,0.48000,0.01112,0.98888
42.11000,0.48000,0.00727,0.99273
42.13000,0.48000,0.01455,0.98545
42.15000,0.48000,0.00520,0.99480
42.17000,0.48000,0.01003,0.98997
42.19000,0.48000,0.00391,0.99609
42.21000,0.48000,0.01515,0.98485
42.23000,0.48000,0.01407,0.98593
42.25000,0.48000,0.01514,0.98486
42.27000,0.48000,0.02460,0.97540
42.29000,0.48000,0.03181,0.96819
42.31000,0.48000,0.00542,0.99458
42.33000,0.48000,0.02144,0.97856
42.35000,0.48000,0.00790,0.99210
42.37000,0.48000,0.01515,0.98485
42.39000,0.48000,0.00958,0.99042
42.41000,0.48000,0.00550,0.99450
42.43000,0.48000,0.00475,0.99525
42.45000,0.48000,0.00571,0.99429
42.47000,0.48000,0.00272,0.99728
42.49000,0.48000,0.00514,0.99486
42.51000,0.48000,0.00631,0.99369
42.53000,0.48000,0.00496,0.99504
42.55000,0.48000,0.00163,0.99837
42.57000,0.48000,0.00209,0.99791
42.59000,0.48000,0.00186,0.99814
42.61000,0.48000,0.00320,0.99680
42.63000,0.48000,0.00960,0.99040
42.65000,0.48000,0.01974,0.98026
42.67000,0.48000,0.01177,0.98823
42.69000,0.48000,0.01208,0.98792
42.71000,0.48000,0.02325,0.97675
42.73000,0.48000,0.01931,0.98069
42.75000,0.48000,0.02397,0.97603
42.77000,0.48000,0.01788,0.98212
42.79000,0.48000,0.01330,0.98670
42.81000,0.48000,0.01154,0.98846
42.83000,0.48000,0.02348,0.97652
42.85000,0.48000,0.02634,0.97366
42.87000,0.48000,0.00975,0.99025
42.89000,0.48000,0.03466,0.96534
42.91000,0.48000,0.00774,0.99226
42.93000,0.48000,0.04364,0.95636
42.95000,0.48000,0.02255,0.97745
42.97000,0.48000,0.10527,0.89473
42.99000,0.48000,0.26580,0.73420
43.01000,0.48000,0.58188,0.41812
43.03000,0.48000,0.47483,0.52517
43.05000,0.48000,0.64884,0.35116
43.07000,0.48000,0.36611,0.63389
43.09000,0.48000,0.47577,0.52423
43.11000,0.48000,0.18167,0.81833
43.13000,0.48000,0.38719,0.61281
43.15000,0.48000,0.17146,0.82854
43.17000,0.48000,0.15978,0.84022
43.19000,0.48000,0.06159,0.93841
43.21000,0.48000,0.58085,0.41915
43.23000,0.48000,0.11787,0.88213
43.25000,0.48000,0.65854,0.34146
43.27000,0.48000,0.19087,0.80913
43.29000,0.48000,0.60835,0.39165
43.31000,0.48000,0.22505,0.77495
43.33000,0.48000,0.37232,0.62768
43.35000,0.48000,0.24949,0.75051
43.37000,0.48000,0.54855,0.45145
43.39000,0.48000,0.63137,0.36863
43.41000,0.48000,0.78223,0.21777
43.43000,0.48000,0.54106,0.45894
43.45000,0.48000,0.59267,0.40733
43.47000,0.48000,0.57586,0.42414
43.49000,0.48000,0.83477,0.16523
43.51000,0.48000,0.77670,0.22330
43.53000,0.48000,0.88777,0.11223
43.55000,0.48000,0.84041,0.15959
43.57000,0.48000,0.90553,0.09447
43.59000,0.48000,0.88121,0.11879
43.61000,0.48000,0.80285,0.19715
43.63000,0.48000,0.91291,0.08709
43.65000,0.48000,0.75635,0.24365
43.67000,0.48000,0.92433,0.07567
43.69000,0.48000,0.73024,0.26976
43.71000,0.48000,0.93183,0.06817
43.73000,0.48000,0.90425,0.09575
43.75000,0.48000,0.95645,0.04355
43.77000,0.48000,0.94740,0.05260
43.79000,0.48000,0.96535,0.03465
43.81000,0.48000,0.94798,0.05202
43.83000,0.48000,0.96665,0.03335
43.85000,0.48000,0.88222,0.11778
43.87000,0.48000,0.97783,0.02217
43.89000,0.48000,0.96069,0.03931
43.91000,0.48000,0.98356,0.01644
43.93000,0.48000,0.98365,0.01635
43.95000,0.48000,0.98978,0.01022
43.97000,0.48000,0.98850,0.01150
43.99000,0.48000,0.99472,0.00528
44.01000,0.48000,0.99507,0.00493
44.03000,0.48000,0.99675,0.00325
44.05000,0.48000,0.99747,0.00253
44.07000,0.48000,0.99765,0.00235
44.09000,0.48000,0.99890,0.00110
44.11000,0.48000,0.99787,0.00213
44.13000,0.48000,0.99912,0.00088
44.15000,0.48000,0.99758,0.00242
44.17000,0.48000,0.99886,0.00114
44.19000,0.48000,0.99840,0.00160
44.21000,0.48000,0.99898,0.00102
44.23000,0.48000,0.99879,0.00121
44.25000,0.48000,0.99866,0.00134
44.27000,0.48000,0.99873,0.00127
44.29000,0.48000,0.99877,0.00123
44.31000,0.48000,0.99898,0.00102
44.33000,0.48000,0.99877,0.00123
44.35000,0.48000,0.99818,0.00182
44.37000,0.48000,0.99781,0.00219
44.39000,0.48000,0.99748,0.00252
44.41000,0.48000,0.99715,0.00285
44.43000,0.48000,0.99762,0.00238
44.45000,0.48000,0.99700,0.00300
44.47000,0.48000,0.99730,0.00270
44.49000,0.48000,0.99688,0.00312
44.51000,0.48000,0.99750,0.00250
44.53000,0.48000,0.99585,0.00415
44.55000,0.48000,0.99682,0.00318
44.57000,0.48000,0.99518,0.00482
44.59000,0.48000,0.99813,0.00187
44.61000,0.48000,0.99694,0.00306
44.63000,0.48000,0.99587,0.00413
44.65000,0.48000,0.99238,0.00762
44.67000,0.48000,0.99453,0.00547
44.69000,0.48000,0.99094,0.00906
44.71000,0.48000,0.99619,0.00381
44.73000,0.48000,0.99049,0.00951
44.75000,0.48000,0.99654,0.00346
44.77000,0.48000,0.99320,0.00680
44.79000,0.48000,0.99631,0.00369
44.81000,0.48000,0.99049,0.00951
44.83000,0.48000,0.99644,0.00356
44.85000,0.48000,0.99474,0.00526
44.87000,0.48000,0.99763,0.00237
44.89000,0.48000,0.99350,0.00650
44.91000,0.48000,0.99750,0.00250
44.93000,0.48000,0.99553,0.00447
44.95000,0.48000,0.99633,0.00367
44.97000,0.48000,0.99196,0.00804
44.99000,0.48000,0.99697,0.00303
45.01000,0.48000,0.99327,0.00673
45.03000,0.48000,0.99506,0.00494
45.05000,0.48000,0.99574,0.00426
45.07000,0.48000,0.99598,0.00402
45.09000,0.48000,0.99742,0.00258
45.11000,0.48000,0.99490,0.00510
45.13000,0.48000,0.99770,0.00230
45.15000,0.48000,0.99727,0.00273
45.17000,0.48000,0.99803,0.00197
45.19000,0.48000,0.99658,0.00342
45.21000,0.48000,0.99576,0.00424
45.23000,0.48000,0.99595,0.00405
