Time (seconds), Duration (seconds),pred_unlabelled,pred_circle,pred_shaking
0.01000,1.98000,0.17996,0.03071,0.78933
0.21000,1.98000,0.23131,0.01625,0.75245
0.41000,1.98000,0.18393,0.02365,0.79242
0.61000,1.98000,0.20793,0.03583,0.75624
0.81000,1.98000,0.21109,0.07218,0.71672
1.01000,1.98000,0.21989,0.12422,0.65589
1.21000,1.98000,0.22972,0.29519,0.47509
1.41000,1.98000,0.24079,0.05185,0.70736
1.61000,1.98000,0.16967,0.05349,0.77684
1.81000,1.98000,0.19233,0.04371,0.76396
2.01000,1.98000,0.22444,0.04313,0.73244
2.21000,1.98000,0.12569,0.01787,0.85643
2.41000,1.98000,0.10798,0.00443,0.88760
2.61000,1.98000,0.10905,0.00098,0.88997
2.81000,1.98000,0.08761,0.00076,0.91163
3.01000,1.98000,0.06674,0.00039,0.93287
3.21000,1.98000,0.17428,0.00097,0.82475
3.41000,1.98000,0.06281,0.00056,0.93663
3.61000,1.98000,0.07105,0.00154,0.92740
3.81000,1.98000,0.10937,0.00206,0.88858
4.01000,1.98000,0.08267,0.00081,0.91652
4.21000,1.98000,0.07823,0.00129,0.92048
4.41000,1.98000,0.05617,0.00486,0.93897
4.61000,1.98000,0.05921,0.00694,0.93385
4.81000,1.98000,0.05913,0.00207,0.93880
5.01000,1.98000,0.06766,0.00392,0.92842
5.21000,1.98000,0.08444,0.00616,0.90940
5.41000,1.98000,0.09408,0.00536,0.90056
5.61000,1.98000,0.10793,0.00634,0.88572
5.81000,1.98000,0.13064,0.01253,0.85682
6.01000,1.98000,0.17707,0.02068,0.80225
6.21000,1.98000,0.16901,0.00861,0.82238
6.41000,1.98000,0.28373,0.01988,0.69639
6.61000,1.98000,0.25659,0.02999,0.71342
6.81000,1.98000,0.17927,0.02439,0.79634
7.01000,1.98000,0.21571,0.01782,0.76646
7.21000,1.98000,0.24792,0.01988,0.73220
7.41000,1.98000,0.20497,0.01368,0.78135
7.61000,1.98000,0.28794,0.02878,0.68328
7.81000,1.98000,0.19352,0.00883,0.79765
8.01000,1.98000,0.25076,0.02169,0.72755
8.21000,1.98000,0.19332,0.01003,0.79664
8.41000,1.98000,0.23317,0.01027,0.75656
8.61000,1.98000,0.24418,0.01794,0.73789
8.81000,1.98000,0.29987,0.03625,0.66388
9.01000,1.98000,0.21313,0.02064,0.76622
9.21000,1.98000,0.17051,0.01825,0.81124
9.41000,1.98000,0.14007,0.01301,0.84692
9.61000,1.98000,0.21347,0.03300,0.75354
9.81000,1.98000,0.17001,0.01987,0.81013
10.01000,1.98000,0.14807,0.02820,0.82374
10.21000,1.98000,0.06648,0.00484,0.92868
10.41000,1.98000,0.04052,0.00441,0.95507
10.61000,1.98000,0.01672,0.00077,0.98251
10.81000,1.98000,0.02649,0.00166,0.97185
11.01000,1.98000,0.00894,0.00040,0.99067
11.21000,1.98000,0.00870,0.00208,0.98922
11.41000,1.98000,0.00777,0.00225,0.98998
11.61000,1.98000,0.00606,0.00029,0.99365
11.81000,1.98000,0.00538,0.00021,0.99441
12.01000,1.98000,0.00945,0.00018,0.99037
12.21000,1.98000,0.02043,0.00039,0.97918
12.41000,1.98000,0.03078,0.00031,0.96891
12.61000,1.98000,0.04741,0.00101,0.95158
12.81000,1.98000,0.06542,0.00069,0.93390
13.01000,1.98000,0.13209,0.00091,0.86700
13.21000,1.98000,0.06044,0.00013,0.93943
13.41000,1.98000,0.08584,0.00058,0.91358
13.61000,1.98000,0.06036,0.00087,0.93877
13.81000,1.98000,0.11761,0.01062,0.87177
14.01000,1.98000,0.07634,0.00197,0.92168
14.21000,1.98000,0.12203,0.00173,0.87624
14.41000,1.98000,0.02602,0.00265,0.97133
14.61000,1.98000,0.10423,0.00237,0.89340
14.81000,1.98000,0.15551,0.00315,0.84134
15.01000,1.98000,0.26371,0.00264,0.73365
15.21000,1.98000,0.18296,0.00265,0.81439
15.41000,1.98000,0.44409,0.01199,0.54393
15.61000,1.98000,0.29348,0.00124,0.70528
15.81000,1.98000,0.32259,0.00081,0.67659
16.01000,1.98000,0.28728,0.00415,0.70857
16.21000,1.98000,0.34274,0.00259,0.65467
16.41000,1.98000,0.32568,0.00491,0.66940
16.61000,1.98000,0.10783,0.00032,0.89185
16.81000,1.98000,0.20886,0.00078,0.79037
17.01000,1.98000,0.05993,0.00022,0.93984
17.21000,1.98000,0.05614,0.00040,0.94346
17.41000,1.98000,0.07665,0.00060,0.92275
17.61000,1.98000,0.08739,0.00132,0.91129
17.81000,1.98000,0.08783,0.00181,0.91037
18.01000,1.98000,0.16131,0.01084,0.82785
18.21000,1.98000,0.11132,0.00879,0.87989
18.41000,1.98000,0.16287,0.02864,0.80850
18.61000,1.98000,0.08026,0.01251,0.90724
18.81000,1.98000,0.12837,0.09200,0.77963
19.01000,1.98000,0.06154,0.03702,0.90144
19.21000,1.98000,0.08114,0.03524,0.88361
19.41000,1.98000,0.07281,0.02060,0.90658
19.61000,1.98000,0.06554,0.02873,0.90573
19.81000,1.98000,0.08964,0.03395,0.87641
20.01000,1.98000,0.06384,0.01566,0.92050
20.21000,1.98000,0.14891,0.00249,0.84860
20.41000,1.98000,0.08318,0.00197,0.91485
20.61000,1.98000,0.08608,0.00857,0.90535
20.81000,1.98000,0.13906,0.00210,0.85885
21.01000,1.98000,0.16268,0.00049,0.83683
21.21000,1.98000,0.19183,0.00276,0.80541
21.41000,1.98000,0.21217,0.00055,0.78728
21.61000,1.98000,0.39229,0.00053,0.60718
21.81000,1.98000,0.18347,0.00038,0.81615
22.01000,1.98000,0.19586,0.00048,0.80366
22.21000,1.98000,0.28124,0.00250,0.71626
22.41000,1.98000,0.28051,0.00131,0.71818
22.61000,1.98000,0.39837,0.00247,0.59917
22.81000,1.98000,0.27780,0.00600,0.71620
23.01000,1.98000,0.31567,0.00217,0.68216
23.21000,1.98000,0.23233,0.00882,0.75885
23.41000,1.98000,0.19563,0.00619,0.79818
23.61000,1.98000,0.24814,0.01132,0.74053
23.81000,1.98000,0.14778,0.01079,0.84143
24.01000,1.98000,0.16267,0.00836,0.82897
24.21000,1.98000,0.18019,0.00113,0.81868
24.41000,1.98000,0.11290,0.00183,0.88528
24.61000,1.98000,0.03140,0.00044,0.96816
24.81000,1.98000,0.03542,0.00027,0.96431
25.01000,1.98000,0.21647,0.00169,0.78184
25.21000,1.98000,0.08436,0.00048,0.91516
25.41000,1.98000,0.08972,0.00155,0.90873
25.61000,1.98000,0.04892,0.00019,0.95090
25.81000,1.98000,0.06537,0.00012,0.93451
26.01000,1.98000,0.21641,0.00083,0.78276
26.21000,1.98000,0.14278,0.00067,0.85655
26.41000,1.98000,0.22662,0.00011,0.77327
26.61000,1.98000,0.20668,0.00017,0.79315
26.81000,1.98000,0.10194,0.00092,0.89714
27.01000,1.98000,0.09764,0.00060,0.90176
27.21000,1.98000,0.07130,0.00007,0.92862
27.41000,1.98000,0.10433,0.00031,0.89537
27.61000,1.98000,0.04222,0.00020,0.95758
27.81000,1.98000,0.04902,0.00020,0.95078
28.01000,1.98000,0.05325,0.00002,0.94673
28.21000,1.98000,0.06868,0.00065,0.93068
28.41000,1.98000,0.02626,0.00035,0.97339
28.61000,1.98000,0.03613,0.00049,0.96338
28.81000,1.98000,0.03684,0.00008,0.96308
29.01000,1.98000,0.03647,0.00009,0.96345
29.21000,1.98000,0.02795,0.00021,0.97184
29.41000,1.98000,0.07501,0.00013,0.92486
29.61000,1.98000,0.03040,0.00014,0.96946
29.81000,1.98000,0.04958,0.00021,0.95021
30.01000,1.98000,0.05515,0.00208,0.94277
30.21000,1.98000,0.04380,0.00127,0.95492
30.41000,1.98000,0.02472,0.00089,0.97439
30.61000,1.98000,0.04886,0.00008,0.95106
30.81000,1.98000,0.07674,0.00080,0.92245
31.01000,1.98000,0.07934,0.00046,0.92020
31.21000,1.98000,0.09102,0.00110,0.90788
31.41000,1.98000,0.07458,0.00057,0.92485
31.61000,1.98000,0.08112,0.00014,0.91874
31.81000,1.98000,0.10991,0.00009,0.89000
32.01000,1.98000,0.13882,0.00012,0.86106
32.21000,1.98000,0.08764,0.00012,0.91223
32.41000,1.98000,0.11223,0.00047,0.88730
32.61000,1.98000,0.09681,0.00146,0.90173
32.81000,1.98000,0.10582,0.00053,0.89365
33.01000,1.98000,0.12795,0.00504,0.86701
33.21000,1.98000,0.16293,0.00124,0.83583
33.41000,1.98000,0.21719,0.00467,0.77814
33.61000,1.98000,0.04086,0.00761,0.95153
33.81000,1.98000,0.02950,0.00286,0.96764
34.01000,1.98000,0.01422,0.00138,0.98440
34.21000,1.98000,0.01235,0.00189,0.98576
34.41000,1.98000,0.02077,0.00230,0.97693
34.61000,1.98000,0.02355,0.00812,0.96834
34.81000,1.98000,0.01082,0.00162,0.98756
35.01000,1.98000,0.00847,0.00242,0.98910
35.21000,1.98000,0.01666,0.00388,0.97947
35.41000,1.98000,0.02161,0.00193,0.97646
35.61000,1.98000,0.02647,0.00138,0.97215
35.81000,1.98000,0.04436,0.00391,0.95172
36.01000,1.98000,0.05752,0.00302,0.93946
36.21000,1.98000,0.02821,0.00100,0.97079
36.41000,1.98000,0.04439,0.00179,0.95382
36.61000,1.98000,0.02004,0.00199,0.97797
36.81000,1.98000,0.03554,0.00390,0.96056
37.01000,1.98000,0.05973,0.01687,0.92341
37.21000,1.98000,0.04544,0.01756,0.93701
37.41000,1.98000,0.06649,0.01928,0.91423
37.61000,1.98000,0.11289,0.05259,0.83452
37.81000,1.98000,0.05192,0.03642,0.91167
38.01000,1.98000,0.05389,0.01548,0.93063
38.21000,1.98000,0.04801,0.01962,0.93237
38.41000,1.98000,0.03528,0.02669,0.93803
38.61000,1.98000,0.04372,0.01799,0.93828
38.81000,1.98000,0.03540,0.00700,0.95760
39.01000,1.98000,0.02921,0.00240,0.96839
39.21000,1.98000,0.01394,0.00027,0.98579
39.41000,1.98000,0.00972,0.00034,0.98994
39.61000,1.98000,0.00547,0.00007,0.99446
39.81000,1.98000,0.00646,0.00023,0.99331
40.01000,1.98000,0.00772,0.00009,0.99218
40.21000,1.98000,0.00358,0.00001,0.99641
40.41000,1.98000,0.00174,0.00001,0.99825
40.61000,1.98000,0.00410,0.00003,0.99587
40.81000,1.98000,0.00561,0.00003,0.99436
41.01000,1.98000,0.00175,0.00003,0.99822
41.21000,1.98000,0.00317,0.00001,0.99682
41.41000,1.98000,0.01173,0.00052,0.98775
41.61000,1.98000,0.00761,0.00003,0.99236
41.81000,1.98000,0.01128,0.00006,0.98866
42.01000,1.98000,0.02483,0.00079,0.97438
42.21000,1.98000,0.01260,0.00042,0.98697
42.41000,1.98000,0.03179,0.00110,0.96711
42.61000,1.98000,0.03731,0.00304,0.95965
42.81000,1.98000,0.06073,0.00162,0.93765
43.01000,1.98000,0.09281,0.00870,0.89849
43.21000,1.98000,0.04931,0.00299,0.94770
43.41000,1.98000,0.08374,0.00850,0.90777
43.61000,1.98000,0.05597,0.00672,0.93730
43.81000,1.98000,0.06957,0.01379,0.91664
44.01000,1.98000,0.07027,0.00706,0.92267
44.21000,1.98000,0.06431,0.00836,0.92733
44.41000,1.98000,0.05639,0.00701,0.93660
44.61000,1.98000,0.08247,0.03154,0.88599
44.81000,1.98000,0.07457,0.02900,0.89643
45.01000,1.98000,0.06441,0.06945,0.86614
45.21000,1.98000,0.06794,0.03351,0.89855
45.41000,1.98000,0.13575,0.08696,0.77729
45.61000,1.98000,0.11338,0.07048,0.81614
45.81000,1.98000,0.16215,0.14458,0.69327
46.01000,1.98000,0.07444,0.06778,0.85778
46.21000,1.98000,0.15208,0.14656,0.70136
46.41000,1.98000,0.12642,0.05909,0.81450
46.61000,1.98000,0.07538,0.05544,0.86918
46.81000,1.98000,0.10088,0.04777,0.85135
47.01000,1.98000,0.10015,0.04649,0.85336
47.21000,1.98000,0.20917,0.14268,0.64815
47.41000,1.98000,0.13811,0.06172,0.80017
47.61000,1.98000,0.11491,0.06449,0.82060
47.81000,1.98000,0.11963,0.16330,0.71707
48.01000,1.98000,0.09786,0.04656,0.85558
48.21000,1.98000,0.08073,0.03481,0.88446
48.41000,1.98000,0.04970,0.01887,0.93143
48.61000,1.98000,0.04875,0.01209,0.93916
48.81000,1.98000,0.04823,0.03784,0.91393
49.01000,1.98000,0.05156,0.03481,0.91363
49.21000,1.98000,0.05840,0.05219,0.88941
49.41000,1.98000,0.07532,0.03894,0.88573
49.61000,1.98000,0.09239,0.08866,0.81895
49.81000,1.98000,0.12207,0.12559,0.75234
50.01000,1.98000,0.10700,0.11793,0.77507
50.21000,1.98000,0.14578,0.09240,0.76181
50.41000,1.98000,0.07409,0.09347,0.83243
50.61000,1.98000,0.09566,0.05864,0.84569
50.81000,1.98000,0.08948,0.00993,0.90059
51.01000,1.98000,0.08508,0.00501,0.90991
51.21000,1.98000,0.07200,0.00498,0.92302
51.41000,1.98000,0.10013,0.00804,0.89183
51.61000,1.98000,0.03150,0.00040,0.96810
51.81000,1.98000,0.02513,0.00057,0.97430
52.01000,1.98000,0.04263,0.00043,0.95694
52.21000,1.98000,0.03520,0.00022,0.96458
52.41000,1.98000,0.05180,0.00025,0.94795
52.61000,1.98000,0.08313,0.00066,0.91621
52.81000,1.98000,0.10043,0.00196,0.89761
53.01000,1.98000,0.05334,0.00046,0.94619
53.21000,1.98000,0.03400,0.00063,0.96537
53.41000,1.98000,0.08241,0.00126,0.91634
53.61000,1.98000,0.03440,0.00037,0.96523
53.81000,1.98000,0.01490,0.00011,0.98500
54.01000,1.98000,0.01688,0.00001,0.98310
54.21000,1.98000,0.03384,0.00013,0.96604
54.41000,1.98000,0.01658,0.00015,0.98327
54.61000,1.98000,0.01346,0.00007,0.98647
54.81000,1.98000,0.03438,0.00004,0.96558
55.01000,1.98000,0.03449,0.00005,0.96546
55.21000,1.98000,0.02489,0.00010,0.97501
55.41000,1.98000,0.04264,0.00112,0.95624
55.61000,1.98000,0.09186,0.00037,0.90777
55.81000,1.98000,0.08750,0.00633,0.90617
56.01000,1.98000,0.02878,0.00570,0.96552
56.21000,1.98000,0.03546,0.00304,0.96150
56.41000,1.98000,0.02382,0.00471,0.97147
56.61000,1.98000,0.00545,0.00501,0.98954
56.81000,1.98000,0.00636,0.00484,0.98880
57.01000,1.98000,0.00725,0.00054,0.99222
57.21000,1.98000,0.01002,0.00184,0.98814
57.41000,1.98000,0.00727,0.00066,0.99207
57.61000,1.98000,0.01821,0.00010,0.98170
57.81000,1.98000,0.02723,0.00010,0.97268
58.01000,1.98000,0.01854,0.00010,0.98136
58.21000,1.98000,0.02821,0.00013,0.97166
58.41000,1.98000,0.07517,0.00026,0.92457
58.61000,1.98000,0.15788,0.00020,0.84192
58.81000,1.98000,0.13368,0.00125,0.86507
59.01000,1.98000,0.05861,0.00155,0.93985
59.21000,1.98000,0.10570,0.00446,0.88984
59.41000,1.98000,0.11433,0.01158,0.87409
59.61000,1.98000,0.16492,0.00693,0.82815
59.81000,1.98000,0.13878,0.01144,0.84978
60.01000,1.98000,0.23115,0.03473,0.73412
60.21000,1.98000,0.16374,0.03006,0.80620
60.41000,1.98000,0.08756,0.01920,0.89324
60.61000,1.98000,0.11041,0.03353,0.85606
60.81000,1.98000,0.13470,0.03970,0.82560
61.01000,1.98000,0.13481,0.05147,0.81371
61.21000,1.98000,0.16969,0.03321,0.79710
61.41000,1.98000,0.12114,0.19915,0.67971
61.61000,1.98000,0.14827,0.08150,0.77023
61.81000,1.98000,0.08647,0.03827,0.87526
62.01000,1.98000,0.09555,0.20079,0.70366
62.21000,1.98000,0.08467,0.05240,0.86293
62.41000,1.98000,0.12919,0.04394,0.82687
62.61000,1.98000,0.07581,0.04624,0.87795
62.81000,1.98000,0.12827,0.06511,0.80662
63.01000,1.98000,0.12528,0.03081,0.84391
63.21000,1.98000,0.05793,0.01301,0.92906
63.41000,1.98000,0.09201,0.01660,0.89139
63.61000,1.98000,0.07547,0.03380,0.89074
63.81000,1.98000,0.05235,0.03327,0.91438
64.01000,1.98000,0.04823,0.02353,0.92824
64.21000,1.98000,0.07511,0.02902,0.89587
64.41000,1.98000,0.04796,0.00326,0.94879
64.61000,1.98000,0.04172,0.00664,0.95164
64.81000,1.98000,0.00669,0.00192,0.99139
65.01000,1.98000,0.02462,0.00499,0.97039
65.21000,1.98000,0.03263,0.00665,0.96073
65.41000,1.98000,0.04312,0.00262,0.95426
65.61000,1.98000,0.02832,0.00034,0.97134
65.81000,1.98000,0.02831,0.00084,0.97085
66.01000,1.98000,0.03140,0.00052,0.96808
66.21000,1.98000,0.05748,0.00314,0.93938
66.41000,1.98000,0.01307,0.00017,0.98675
66.61000,1.98000,0.07236,0.00187,0.92577
66.81000,1.98000,0.02787,0.00014,0.97199
67.01000,1.98000,0.06135,0.00080,0.93785
67.21000,1.98000,0.02614,0.00038,0.97347
67.41000,1.98000,0.04401,0.00081,0.95518
67.61000,1.98000,0.04427,0.00042,0.95530
67.81000,1.98000,0.04572,0.00040,0.95389
68.01000,1.98000,0.04719,0.00066,0.95215
68.21000,1.98000,0.06431,0.00127,0.93443
68.41000,1.98000,0.03920,0.00041,0.96039
68.61000,1.98000,0.03779,0.00022,0.96199
68.81000,1.98000,0.02255,0.00006,0.97739
69.01000,1.98000,0.02486,0.00006,0.97508
69.21000,1.98000,0.02205,0.00001,0.97794
69.41000,1.98000,0.01695,0.00001,0.98304
69.61000,1.98000,0.02660,0.00029,0.97311
69.81000,1.98000,0.01604,0.00005,0.98391
70.01000,1.98000,0.04421,0.00003,0.95576
70.21000,1.98000,0.02745,0.00008,0.97247
70.41000,1.98000,0.01286,0.00005,0.98708
70.61000,1.98000,0.02907,0.00379,0.96714
70.81000,1.98000,0.01190,0.00047,0.98763
71.01000,1.98000,0.01075,0.00021,0.98904
71.21000,1.98000,0.01098,0.00041,0.98862
71.41000,1.98000,0.00335,0.00006,0.99658
71.61000,1.98000,0.00277,0.00006,0.99718
71.81000,1.98000,0.00312,0.00006,0.99682
72.01000,1.98000,0.00619,0.00004,0.99377
72.21000,1.98000,0.01338,0.00006,0.98656
72.41000,1.98000,0.01516,0.00009,0.98474
72.61000,1.98000,0.02219,0.00012,0.97769
72.81000,1.98000,0.05083,0.00012,0.94905
73.01000,1.98000,0.09278,0.00020,0.90702
73.21000,1.98000,0.13239,0.00003,0.86757
73.41000,1.98000,0.15012,0.00023,0.84965
73.61000,1.98000,0.11506,0.00058,0.88436
73.81000,1.98000,0.16058,0.00009,0.83933
74.01000,1.98000,0.17039,0.00003,0.82958
74.21000,1.98000,0.12058,0.00012,0.87931
74.41000,1.98000,0.24564,0.00074,0.75362
74.61000,1.98000,0.20689,0.00613,0.78698
74.81000,1.98000,0.12050,0.00186,0.87763
75.01000,1.98000,0.08715,0.00270,0.91015
75.21000,1.98000,0.10580,0.03904,0.85515
75.41000,1.98000,0.17025,0.04229,0.78746
75.61000,1.98000,0.09577,0.01961,0.88462
75.81000,1.98000,0.10049,0.04300,0.85652
76.01000,1.98000,0.14783,0.03817,0.81400
76.21000,1.98000,0.10040,0.03105,0.86856
76.41000,1.98000,0.10073,0.01627,0.88300
76.61000,1.98000,0.08377,0.00634,0.90989
76.81000,1.98000,0.10306,0.00751,0.88944
77.01000,1.98000,0.14927,0.01698,0.83375
77.21000,1.98000,0.14680,0.01444,0.83876
77.41000,1.98000,0.11678,0.00334,0.87989
77.61000,1.98000,0.10243,0.02509,0.87247
77.81000,1.98000,0.10052,0.01194,0.88753
78.01000,1.98000,0.08743,0.00422,0.90836
78.21000,1.98000,0.11646,0.00123,0.88231
78.41000,1.98000,0.04572,0.00039,0.95389
78.61000,1.98000,0.04400,0.00058,0.95542
78.81000,1.98000,0.05017,0.00015,0.94969
79.01000,1.98000,0.04546,0.00012,0.95442
79.21000,1.98000,0.05891,0.00004,0.94105
79.41000,1.98000,0.06862,0.00063,0.93074
79.61000,1.98000,0.07254,0.00031,0.92716
79.81000,1.98000,0.06736,0.00074,0.93191
80.01000,1.98000,0.10991,0.00109,0.88899
80.21000,1.98000,0.04297,0.00072,0.95631
80.41000,1.98000,0.02686,0.00120,0.97194
80.61000,1.98000,0.03490,0.00252,0.96258
80.81000,1.98000,0.03598,0.00203,0.96198
81.01000,1.98000,0.07153,0.00177,0.92669
81.21000,1.98000,0.11489,0.00040,0.88472
81.41000,1.98000,0.03498,0.00015,0.96487
81.61000,1.98000,0.08322,0.00023,0.91654
81.81000,1.98000,0.11553,0.00006,0.88441
82.01000,1.98000,0.05099,0.00003,0.94898
82.21000,1.98000,0.09043,0.00078,0.90879
82.41000,1.98000,0.04644,0.00013,0.95343
82.61000,1.98000,0.11436,0.00016,0.88548
82.81000,1.98000,0.07890,0.00106,0.92004
83.01000,1.98000,0.06432,0.01382,0.92186
83.21000,1.98000,0.01604,0.00367,0.98029
83.41000,1.98000,0.04435,0.01223,0.94342
83.61000,1.98000,0.03221,0.01649,0.95130
83.81000,1.98000,0.06090,0.04208,0.89701
84.01000,1.98000,0.04970,0.01429,0.93601
84.21000,1.98000,0.05824,0.01998,0.92178
84.41000,1.98000,0.05838,0.03167,0.90995
84.61000,1.98000,0.05336,0.02278,0.92386
84.81000,1.98000,0.05155,0.01225,0.93620
85.01000,1.98000,0.09849,0.01221,0.88930
85.21000,1.98000,0.08406,0.02315,0.89279
85.41000,1.98000,0.08322,0.02198,0.89480
85.61000,1.98000,0.08546,0.02186,0.89268
85.81000,1.98000,0.11846,0.10435,0.77719
86.01000,1.98000,0.13920,0.02319,0.83761
86.21000,1.98000,0.13162,0.01214,0.85624
86.41000,1.98000,0.08808,0.00708,0.90485
86.61000,1.98000,0.05010,0.00326,0.94665
86.81000,1.98000,0.02601,0.00158,0.97241
87.01000,1.98000,0.03018,0.00100,0.96883
87.21000,1.98000,0.03039,0.00111,0.96850
87.41000,1.98000,0.03185,0.00260,0.96554
87.61000,1.98000,0.01541,0.00271,0.98188
87.81000,1.98000,0.02791,0.00184,0.97025
88.01000,1.98000,0.02104,0.00205,0.97690
88.21000,1.98000,0.01561,0.00097,0.98342
88.41000,1.98000,0.02895,0.00172,0.96934
88.61000,1.98000,0.04707,0.00194,0.95099
88.81000,1.98000,0.05710,0.00304,0.93986
89.01000,1.98000,0.08272,0.00520,0.91208
89.21000,1.98000,0.06029,0.00137,0.93834
89.41000,1.98000,0.02823,0.00047,0.97131
89.61000,1.98000,0.03983,0.00004,0.96014
89.81000,1.98000,0.03091,0.00002,0.96906
90.01000,1.98000,0.04606,0.00009,0.95385
90.21000,1.98000,0.03798,0.00001,0.96201
90.41000,1.98000,0.06257,0.00005,0.93738
90.61000,1.98000,0.03715,0.00002,0.96283
90.81000,1.98000,0.06264,0.00021,0.93715
91.01000,1.98000,0.03167,0.00002,0.96831
91.21000,1.98000,0.02520,0.00022,0.97458
91.41000,1.98000,0.01997,0.00029,0.97974
91.61000,1.98000,0.02847,0.00506,0.96647
91.81000,1.98000,0.01223,0.00075,0.98703
92.01000,1.98000,0.00699,0.00130,0.99172
92.21000,1.98000,0.00604,0.00050,0.99346
92.41000,1.98000,0.00435,0.00019,0.99546
92.61000,1.98000,0.00592,0.00100,0.99309
92.81000,1.98000,0.00407,0.00018,0.99576
93.01000,1.98000,0.00966,0.00012,0.99021
93.21000,1.98000,0.01067,0.00009,0.98924
93.41000,1.98000,0.00969,0.00009,0.99022
93.61000,1.98000,0.03162,0.00053,0.96786
93.81000,1.98000,0.04770,0.00005,0.95225
94.01000,1.98000,0.02371,0.00010,0.97619
94.21000,1.98000,0.03173,0.00010,0.96817
94.41000,1.98000,0.04552,0.00011,0.95438
94.61000,1.98000,0.03444,0.00009,0.96547
94.81000,1.98000,0.03106,0.00003,0.96891
95.01000,1.98000,0.00597,0.00001,0.99403
95.21000,1.98000,0.02444,0.00016,0.97540
95.41000,1.98000,0.00761,0.00005,0.99234
95.61000,1.98000,0.00398,0.00007,0.99595
95.81000,1.98000,0.00743,0.00019,0.99237
96.01000,1.98000,0.00766,0.00054,0.99181
96.21000,1.98000,0.01496,0.00078,0.98426
96.41000,1.98000,0.01779,0.00075,0.98146
96.61000,1.98000,0.01771,0.00328,0.97900
96.81000,1.98000,0.04197,0.00481,0.95323
97.01000,1.98000,0.04568,0.00276,0.95156
97.21000,1.98000,0.03080,0.00354,0.96566
97.41000,1.98000,0.05135,0.00138,0.94727
97.61000,1.98000,0.09748,0.00103,0.90149
97.81000,1.98000,0.02827,0.00045,0.97127
98.01000,1.98000,0.09088,0.00079,0.90833
98.21000,1.98000,0.10636,0.00159,0.89205
98.41000,1.98000,0.03147,0.00123,0.96729
98.61000,1.98000,0.01425,0.00040,0.98535
98.81000,1.98000,0.06732,0.00009,0.93259
99.01000,1.98000,0.02357,0.00018,0.97625
99.21000,1.98000,0.01204,0.00028,0.98768
99.41000,1.98000,0.01916,0.00049,0.98034
99.61000,1.98000,0.01383,0.00042,0.98575
99.81000,1.98000,0.02367,0.00211,0.97423
100.01000,1.98000,0.00954,0.00136,0.98911
100.21000,1.98000,0.02479,0.00339,0.97182
100.41000,1.98000,0.01878,0.00105,0.98017
100.61000,1.98000,0.03686,0.00875,0.95439
100.81000,1.98000,0.03627,0.05587,0.90786
101.01000,1.98000,0.05307,0.03594,0.91098
101.21000,1.98000,0.06298,0.04598,0.89103
101.41000,1.98000,0.06935,0.09016,0.84049
101.61000,1.98000,0.02842,0.04674,0.92485
101.81000,1.98000,0.05376,0.03391,0.91233
102.01000,1.98000,0.06713,0.05356,0.87931
102.21000,1.98000,0.04377,0.15390,0.80233
102.41000,1.98000,0.02509,0.61389,0.36102
102.61000,1.98000,0.05934,0.61462,0.32603
102.81000,1.98000,0.07182,0.63737,0.29082
103.01000,1.98000,0.08985,0.44015,0.47000
103.21000,1.98000,0.03355,0.33146,0.63499
103.41000,1.98000,0.02051,0.21700,0.76249
103.61000,1.98000,0.02287,0.25734,0.71980
103.81000,1.98000,0.02689,0.43702,0.53608
104.01000,1.98000,0.04568,0.14122,0.81310
104.21000,1.98000,0.03237,0.05776,0.90987
104.41000,1.98000,0.01970,0.01529,0.96501
104.61000,1.98000,0.01414,0.02461,0.96124
104.81000,1.98000,0.01842,0.05230,0.92927
105.01000,1.98000,0.03584,0.07755,0.88661
105.21000,1.98000,0.05411,0.10188,0.84401
105.41000,1.98000,0.02751,0.06582,0.90667
105.61000,1.98000,0.03920,0.07664,0.88416
105.81000,1.98000,0.02505,0.08774,0.88721
106.01000,1.98000,0.02463,0.03871,0.93666
106.21000,1.98000,0.03724,0.05892,0.90384
106.41000,1.98000,0.04650,0.06575,0.88775
106.61000,1.98000,0.06449,0.03841,0.89709
106.81000,1.98000,0.02446,0.01126,0.96428
107.01000,1.98000,0.02709,0.01739,0.95553
107.21000,1.98000,0.05499,0.03514,0.90988
107.41000,1.98000,0.06990,0.01613,0.91397
107.61000,1.98000,0.08395,0.02630,0.88976
107.81000,1.98000,0.07767,0.32146,0.60087
108.01000,1.98000,0.06331,0.26506,0.67163
108.21000,1.98000,0.07041,0.26180,0.66779
108.41000,1.98000,0.08082,0.26456,0.65461
108.61000,1.98000,0.09488,0.25742,0.64771
108.81000,1.98000,0.10683,0.34368,0.54948
109.01000,1.98000,0.13839,0.32000,0.54161
109.21000,1.98000,0.11801,0.39058,0.49141
109.41000,1.98000,0.09200,0.27679,0.63121
109.61000,1.98000,0.09070,0.08786,0.82144
109.81000,1.98000,0.09284,0.09707,0.81009
110.01000,1.98000,0.12076,0.12927,0.74997
110.21000,1.98000,0.12956,0.25239,0.61805
110.41000,1.98000,0.13891,0.26148,0.59961
110.61000,1.98000,0.11951,0.25518,0.62531
110.81000,1.98000,0.07784,0.54823,0.37393
111.01000,1.98000,0.08854,0.45982,0.45164
111.21000,1.98000,0.13328,0.53265,0.33406
111.41000,1.98000,0.16811,0.68019,0.15171
111.61000,1.98000,0.43470,0.36705,0.19826
111.81000,1.98000,0.47920,0.38118,0.13962
112.01000,1.98000,0.59194,0.27633,0.13173
112.21000,1.98000,0.59510,0.30433,0.10057
112.41000,1.98000,0.73505,0.18668,0.07827
112.61000,1.98000,0.87896,0.05593,0.06511
112.81000,1.98000,0.88050,0.08872,0.03078
113.01000,1.98000,0.66768,0.30675,0.02557
113.21000,1.98000,0.52670,0.43794,0.03536
113.41000,1.98000,0.35725,0.60804,0.03471
113.61000,1.98000,0.33362,0.58585,0.08053
113.81000,1.98000,0.43363,0.39538,0.17099
114.01000,1.98000,0.24632,0.57813,0.17555
114.21000,1.98000,0.25547,0.62112,0.12341
114.41000,1.98000,0.23597,0.68598,0.07805
114.61000,1.98000,0.31249,0.61129,0.07622
114.81000,1.98000,0.30107,0.61133,0.08760
115.01000,1.98000,0.26653,0.63146,0.10201
115.21000,1.98000,0.27659,0.65865,0.06476
115.41000,1.98000,0.25566,0.69166,0.05268
115.61000,1.98000,0.13941,0.84676,0.01383
115.81000,1.98000,0.16444,0.81280,0.02276
116.01000,1.98000,0.16691,0.80722,0.02587
116.21000,1.98000,0.16030,0.80758,0.03213
116.41000,1.98000,0.07850,0.88166,0.03984
116.61000,1.98000,0.20688,0.61726,0.17586
116.81000,1.98000,0.25633,0.55878,0.18489
117.01000,1.98000,0.31670,0.25961,0.42369
117.21000,1.98000,0.32290,0.21998,0.45712
117.41000,1.98000,0.19640,0.05116,0.75244
117.61000,1.98000,0.27250,0.10210,0.62540
117.81000,1.98000,0.16638,0.05273,0.78089
118.01000,1.98000,0.24323,0.17604,0.58073
118.21000,1.98000,0.22235,0.06000,0.71765
118.41000,1.98000,0.15469,0.10729,0.73803
118.61000,1.98000,0.14414,0.04950,0.80636
118.81000,1.98000,0.11138,0.07020,0.81842
119.01000,1.98000,0.08542,0.03905,0.87552
119.21000,1.98000,0.06926,0.04406,0.88668
119.41000,1.98000,0.05021,0.01840,0.93139
119.61000,1.98000,0.06040,0.01591,0.92370
119.81000,1.98000,0.04602,0.01001,0.94397
120.01000,1.98000,0.02747,0.00817,0.96436
120.21000,1.98000,0.02863,0.00726,0.96411
120.41000,1.98000,0.04836,0.00972,0.94193
120.61000,1.98000,0.10636,0.03003,0.86362
120.81000,1.98000,0.09784,0.04063,0.86153
121.01000,1.98000,0.13400,0.04637,0.81963
121.21000,1.98000,0.14076,0.10909,0.75015
121.41000,1.98000,0.13200,0.43310,0.43490
121.61000,1.98000,0.11433,0.25758,0.62810
121.81000,1.98000,0.16227,0.17545,0.66228
122.01000,1.98000,0.16490,0.34731,0.48778
122.21000,1.98000,0.15219,0.57910,0.26871
122.41000,1.98000,0.08313,0.75735,0.15953
122.61000,1.98000,0.15383,0.58735,0.25882
122.81000,1.98000,0.16366,0.42951,0.40682
123.01000,1.98000,0.07965,0.34008,0.58027
123.21000,1.98000,0.11453,0.22297,0.66250
123.41000,1.98000,0.13109,0.10325,0.76566
123.61000,1.98000,0.10820,0.36787,0.52393
123.81000,1.98000,0.06902,0.46726,0.46372
124.01000,1.98000,0.12056,0.24577,0.63366
124.21000,1.98000,0.08078,0.06078,0.85844
124.41000,1.98000,0.06433,0.04608,0.88959
124.61000,1.98000,0.03277,0.15074,0.81649
124.81000,1.98000,0.06372,0.11159,0.82468
125.01000,1.98000,0.08886,0.14128,0.76986
125.21000,1.98000,0.08727,0.18485,0.72788
125.41000,1.98000,0.06204,0.14031,0.79765
125.61000,1.98000,0.15835,0.04662,0.79503
125.81000,1.98000,0.13316,0.07170,0.79514
126.01000,1.98000,0.13441,0.16917,0.69641
126.21000,1.98000,0.17551,0.20107,0.62342
126.41000,1.98000,0.29774,0.32739,0.37487
126.61000,1.98000,0.30394,0.55584,0.14022
126.81000,1.98000,0.23363,0.65781,0.10856
127.01000,1.98000,0.17757,0.77927,0.04316
127.21000,1.98000,0.10124,0.88042,0.01834
127.41000,1.98000,0.06617,0.92290,0.01093
127.61000,1.98000,0.05718,0.92815,0.01467
127.81000,1.98000,0.05546,0.91924,0.02531
128.00999,1.98001,0.11085,0.81200,0.07715
128.21001,1.98000,0.15151,0.63718,0.21131
128.41000,1.98000,0.10142,0.52394,0.37464
128.61000,1.98000,0.07415,0.39961,0.52624
128.81000,1.98000,0.08691,0.35024,0.56285
129.00999,1.98001,0.08223,0.26267,0.65509
129.21001,1.98000,0.09205,0.10151,0.80645
129.41000,1.98000,0.05012,0.07978,0.87010
129.61000,1.98000,0.04556,0.02769,0.92674
129.81000,1.98000,0.03249,0.01643,0.95108
130.00999,1.98001,0.04086,0.03354,0.92560
130.21001,1.98000,0.07662,0.03672,0.88666
130.41000,1.98000,0.05068,0.01557,0.93375
130.61000,1.98000,0.04761,0.01853,0.93386
130.81000,1.98000,0.08952,0.02907,0.88140
131.00999,1.98001,0.05689,0.03175,0.91136
131.21001,1.98000,0.04650,0.03049,0.92301
131.41000,1.98000,0.05827,0.04512,0.89661
131.61000,1.98000,0.09330,0.10518,0.80152
131.81000,1.98000,0.09326,0.02232,0.88441
132.00999,1.98001,0.19634,0.07485,0.72881
132.21001,1.98000,0.46547,0.08803,0.44650
132.41000,1.98000,0.57782,0.04904,0.37314
132.61000,1.98000,0.55147,0.02937,0.41916
132.81000,1.98000,0.61614,0.00854,0.37532
133.00999,1.98001,0.60254,0.01417,0.38330
133.21001,1.98000,0.52748,0.01847,0.45405
133.41000,1.98000,0.62845,0.01131,0.36024
133.61000,1.98000,0.88059,0.00762,0.11179
133.81000,1.98000,0.86319,0.00794,0.12887
134.00999,1.98001,0.59097,0.01242,0.39660
134.21001,1.98000,0.32970,0.03104,0.63927
134.41000,1.98000,0.49567,0.03990,0.46443
134.61000,1.98000,0.67508,0.06592,0.25901
134.81000,1.98000,0.51041,0.04644,0.44315
135.00999,1.98001,0.50887,0.05155,0.43959
135.21001,1.98000,0.41537,0.06569,0.51894
135.41000,1.98000,0.21214,0.05649,0.73137
135.61000,1.98000,0.04064,0.01983,0.93953
135.81000,1.98000,0.01405,0.03452,0.95143
136.00999,1.98001,0.01375,0.06071,0.92554
136.21001,1.98000,0.03308,0.03927,0.92765
136.41000,1.98000,0.02342,0.01328,0.96330
136.61000,1.98000,0.01698,0.01510,0.96793
136.81000,1.98000,0.02479,0.02959,0.94562
137.00999,1.98001,0.04607,0.03486,0.91907
137.21001,1.98000,0.05274,0.00743,0.93983
137.41000,1.98000,0.11308,0.02720,0.85972
137.61000,1.98000,0.21773,0.03604,0.74624
137.81000,1.98000,0.46247,0.03108,0.50645
138.00999,1.98001,0.69409,0.02014,0.28577
138.21001,1.98000,0.75007,0.03652,0.21341
138.41000,1.98000,0.76565,0.02372,0.21063
138.61000,1.98000,0.84499,0.01729,0.13772
138.81000,1.98000,0.92043,0.01722,0.06235
139.00999,1.98001,0.96722,0.01583,0.01695
139.21001,1.98000,0.97031,0.01772,0.01197
139.41000,1.98000,0.93577,0.03627,0.02795
139.61000,1.98000,0.94105,0.03351,0.02544
139.81000,1.98000,0.91511,0.05180,0.03309
140.00999,1.98001,0.93599,0.03159,0.03242
140.21001,1.98000,0.97449,0.01643,0.00908
140.41000,1.98000,0.92527,0.06780,0.00693
140.61000,1.98000,0.80457,0.18184,0.01359
140.81000,1.98000,0.82798,0.15140,0.02061
141.00999,1.98001,0.81029,0.15180,0.03791
141.21001,1.98000,0.86793,0.09224,0.03983
141.41000,1.98000,0.80392,0.10758,0.08850
141.61000,1.98000,0.72910,0.10043,0.17047
141.81000,1.98000,0.66104,0.26061,0.07835
142.00999,1.98001,0.40487,0.49675,0.09838
142.21001,1.98000,0.23373,0.61443,0.15184
142.41000,1.98000,0.41935,0.36506,0.21559
142.61000,1.98000,0.34869,0.36514,0.28616
142.81000,1.98000,0.16697,0.23325,0.59977
143.00999,1.98001,0.08964,0.40396,0.50640
143.21001,1.98000,0.07150,0.56260,0.36591
143.41000,1.98000,0.05425,0.72572,0.22003
143.61000,1.98000,0.04571,0.24680,0.70749
143.81000,1.98000,0.05151,0.12462,0.82387
144.00999,1.98001,0.03752,0.07134,0.89114
144.21001,1.98000,0.02696,0.06329,0.90974
144.41000,1.98000,0.02680,0.07635,0.89685
144.61000,1.98000,0.03752,0.11845,0.84403
144.81000,1.98000,0.05456,0.07936,0.86608
145.00999,1.98001,0.03867,0.03445,0.92688
145.21001,1.98000,0.03256,0.02525,0.94219
145.41000,1.98000,0.03920,0.07502,0.88579
145.61000,1.98000,0.02283,0.06943,0.90774
145.81000,1.98000,0.00962,0.03200,0.95838
146.00999,1.98001,0.00834,0.01256,0.97909
146.21001,1.98000,0.01893,0.01452,0.96655
146.41000,1.98000,0.01647,0.01642,0.96711
146.61000,1.98000,0.01771,0.00840,0.97389
146.81000,1.98000,0.05815,0.03191,0.90994
147.00999,1.98001,0.14802,0.08389,0.76809
147.21001,1.98000,0.12199,0.07056,0.80744
147.41000,1.98000,0.09378,0.05589,0.85033
147.61000,1.98000,0.21150,0.03084,0.75766
147.81000,1.98000,0.15900,0.04257,0.79843
148.00999,1.98001,0.12849,0.04451,0.82699
148.21001,1.98000,0.14514,0.06872,0.78614
148.41000,1.98000,0.09307,0.33157,0.57535
148.61000,1.98000,0.06546,0.28195,0.65259
148.81000,1.98000,0.02282,0.08803,0.88915
149.00999,1.98001,0.01025,0.06378,0.92597
149.21001,1.98000,0.01494,0.08270,0.90236
149.41000,1.98000,0.01615,0.13510,0.84875
149.61000,1.98000,0.04208,0.04599,0.91193
149.81000,1.98000,0.03714,0.06492,0.89794
150.00999,1.98001,0.06642,0.12236,0.81122
150.21001,1.98000,0.05008,0.02265,0.92727
150.41000,1.98000,0.06054,0.01734,0.92212
150.61000,1.98000,0.09634,0.06738,0.83628
150.81000,1.98000,0.19184,0.20438,0.60378
151.00999,1.98001,0.13529,0.48428,0.38043
151.21001,1.98000,0.12981,0.33591,0.53428
151.41000,1.98000,0.10411,0.49243,0.40346
151.61000,1.98000,0.19311,0.34626,0.46063
151.81000,1.98000,0.22383,0.52723,0.24894
152.00999,1.98001,0.14847,0.72645,0.12508
152.21001,1.98000,0.15073,0.70568,0.14359
152.41000,1.98000,0.20308,0.62480,0.17213
152.61000,1.98000,0.19567,0.65238,0.15195
152.81000,1.98000,0.20853,0.68046,0.11101
153.00999,1.98001,0.13079,0.79652,0.07268
153.21001,1.98000,0.22709,0.68572,0.08719
153.41000,1.98000,0.19176,0.73489,0.07334
153.61000,1.98000,0.12418,0.78877,0.08706
153.81000,1.98000,0.10172,0.77745,0.12083
154.00999,1.98001,0.09019,0.64437,0.26544
154.21001,1.98000,0.08329,0.38149,0.53522
154.41000,1.98000,0.08156,0.12620,0.79224
154.61000,1.98000,0.06584,0.05184,0.88233
154.81000,1.98000,0.04199,0.02062,0.93739
155.00999,1.98001,0.07411,0.07388,0.85201
155.21001,1.98000,0.14824,0.06817,0.78359
155.41000,1.98000,0.24756,0.14627,0.60617
155.61000,1.98000,0.33828,0.23444,0.42728
155.81000,1.98000,0.34540,0.41588,0.23872
156.00999,1.98001,0.53440,0.30355,0.16206
156.21001,1.98000,0.40957,0.50513,0.08530
156.41000,1.98000,0.45233,0.46202,0.08565
156.61000,1.98000,0.39525,0.55091,0.05384
156.81000,1.98000,0.55075,0.39404,0.05521
157.00999,1.98001,0.53093,0.38609,0.08298
157.21001,1.98000,0.44801,0.33320,0.21879
157.41000,1.98000,0.34207,0.32395,0.33398
157.61000,1.98000,0.38532,0.20651,0.40817
157.81000,1.98000,0.39078,0.19640,0.41282
158.00999,1.98001,0.25163,0.12880,0.61957
158.21001,1.98000,0.24699,0.06706,0.68595
158.41000,1.98000,0.23196,0.14588,0.62216
158.61000,1.98000,0.15069,0.04320,0.80611
158.81000,1.98000,0.15293,0.07281,0.77426
159.00999,1.98001,0.21195,0.07307,0.71498
159.21001,1.98000,0.11238,0.05085,0.83677
159.41000,1.98000,0.14963,0.02714,0.82323
159.61000,1.98000,0.09886,0.05676,0.84438
159.81000,1.98000,0.13174,0.08920,0.77907
160.00999,1.98001,0.10794,0.07093,0.82112
160.21001,1.98000,0.13401,0.07890,0.78710
160.41000,1.98000,0.06045,0.07131,0.86823
160.61000,1.98000,0.07102,0.06140,0.86758
160.81000,1.98000,0.05572,0.03942,0.90486
161.00999,1.98001,0.07836,0.02211,0.89954
161.21001,1.98000,0.08829,0.02588,0.88583
161.41000,1.98000,0.06979,0.05237,0.87784
161.61000,1.98000,0.06552,0.06712,0.86736
161.81000,1.98000,0.06824,0.10546,0.82630
162.00999,1.98001,0.06638,0.07488,0.85874
162.21001,1.98000,0.08041,0.11124,0.80836
162.41000,1.98000,0.08339,0.06424,0.85237
162.61000,1.98000,0.13375,0.05718,0.80907
162.81000,1.98000,0.07601,0.16240,0.76159
163.00999,1.98001,0.04677,0.11077,0.84246
163.21001,1.98000,0.05841,0.18395,0.75764
163.41000,1.98000,0.07290,0.05999,0.86711
163.61000,1.98000,0.05620,0.05185,0.89195
163.81000,1.98000,0.05065,0.08693,0.86242
164.00999,1.98001,0.05488,0.12981,0.81531
164.21001,1.98000,0.04780,0.07928,0.87292
164.41000,1.98000,0.01903,0.10985,0.87113
164.61000,1.98000,0.01705,0.11987,0.86308
164.81000,1.98000,0.01988,0.13421,0.84591
165.00999,1.98001,0.01398,0.08652,0.89951
165.21001,1.98000,0.01656,0.11809,0.86535
165.41000,1.98000,0.02454,0.12676,0.84870
165.61000,1.98000,0.01412,0.01213,0.97375
165.81000,1.98000,0.01248,0.01063,0.97689
166.00999,1.98001,0.00825,0.01723,0.97451
166.21001,1.98000,0.01625,0.02166,0.96209
166.41000,1.98000,0.02027,0.03462,0.94511
166.61000,1.98000,0.03973,0.04470,0.91557
166.81000,1.98000,0.04931,0.06256,0.88813
167.00999,1.98001,0.03039,0.02393,0.94568
167.21001,1.98000,0.01885,0.01352,0.96763
167.41000,1.98000,0.02569,0.03678,0.93753
167.61000,1.98000,0.02848,0.12051,0.85101
167.81000,1.98000,0.02870,0.05135,0.91995
168.00999,1.98001,0.02926,0.01433,0.95641
168.21001,1.98000,0.03421,0.01057,0.95522
168.41000,1.98000,0.02778,0.00423,0.96798
168.61000,1.98000,0.02800,0.00680,0.96521
168.81000,1.98000,0.04250,0.01002,0.94749
169.00999,1.98001,0.04263,0.02248,0.93489
169.21001,1.98000,0.06449,0.03882,0.89669
169.41000,1.98000,0.04130,0.00355,0.95515
169.61000,1.98000,0.04953,0.00445,0.94602
169.81000,1.98000,0.02024,0.01851,0.96125
170.00999,1.98001,0.02627,0.01674,0.95700
170.21001,1.98000,0.04402,0.03197,0.92400
170.41000,1.98000,0.07138,0.07146,0.85716
170.61000,1.98000,0.08669,0.12984,0.78347
170.81000,1.98000,0.07614,0.13626,0.78760
171.00999,1.98001,0.05352,0.18778,0.75870
171.21001,1.98000,0.07463,0.61282,0.31255
171.41000,1.98000,0.04477,0.63362,0.32161
171.61000,1.98000,0.04385,0.67260,0.28355
171.81000,1.98000,0.01146,0.95191,0.03663
172.00999,1.98001,0.03977,0.84939,0.11084
172.21001,1.98000,0.04136,0.44214,0.51650
172.41000,1.98000,0.02492,0.44806,0.52701
172.61000,1.98000,0.01917,0.76199,0.21884
172.81000,1.98000,0.09993,0.39011,0.50997
173.00999,1.98001,0.06526,0.07794,0.85680
173.21001,1.98000,0.04934,0.07547,0.87519
173.41000,1.98000,0.04043,0.04352,0.91604
173.61000,1.98000,0.05695,0.06286,0.88019
173.81000,1.98000,0.05601,0.09560,0.84839
174.00999,1.98001,0.05899,0.12993,0.81108
174.21001,1.98000,0.07933,0.12935,0.79132
174.41000,1.98000,0.05398,0.16985,0.77617
174.61000,1.98000,0.06071,0.53815,0.40113
174.81000,1.98000,0.05005,0.28844,0.66151
175.00999,1.98001,0.09580,0.30336,0.60085
175.21001,1.98000,0.13159,0.43147,0.43694
175.41000,1.98000,0.15998,0.28130,0.55872
175.61000,1.98000,0.13689,0.44299,0.42012
175.81000,1.98000,0.21698,0.21942,0.56359
176.00999,1.98001,0.25959,0.04038,0.70003
176.21001,1.98000,0.09050,0.02089,0.88862
176.41000,1.98000,0.08532,0.03375,0.88093
176.61000,1.98000,0.09705,0.08908,0.81388
176.81000,1.98000,0.05012,0.05517,0.89471
177.00999,1.98001,0.04145,0.04800,0.91055
177.21001,1.98000,0.04904,0.06012,0.89084
177.41000,1.98000,0.04715,0.02422,0.92864
177.61000,1.98000,0.02873,0.00886,0.96241
177.81000,1.98000,0.01975,0.02878,0.95147
178.00999,1.98001,0.03498,0.10439,0.86064
178.21001,1.98000,0.04178,0.02315,0.93508
178.41000,1.98000,0.03538,0.01901,0.94561
178.61000,1.98000,0.06243,0.02088,0.91669
178.81000,1.98000,0.07990,0.02353,0.89657
179.00999,1.98001,0.04094,0.02545,0.93362
179.21001,1.98000,0.05347,0.03636,0.91018
179.41000,1.98000,0.06811,0.04602,0.88587
179.61000,1.98000,0.06787,0.10054,0.83159
179.81000,1.98000,0.09463,0.04083,0.86454
180.00999,1.98001,0.04435,0.07282,0.88282
180.21001,1.98000,0.04794,0.03594,0.91611
180.41000,1.98000,0.02133,0.01543,0.96324
180.61000,1.98000,0.01006,0.01015,0.97979
180.81000,1.98000,0.01119,0.01112,0.97769
181.00999,1.98001,0.01465,0.01624,0.96912
181.21001,1.98000,0.02467,0.04611,0.92922
181.41000,1.98000,0.01317,0.01202,0.97481
181.61000,1.98000,0.01577,0.01851,0.96571
181.81000,1.98000,0.01054,0.00538,0.98408
182.00999,1.98001,0.02438,0.03685,0.93877
182.21001,1.98000,0.03077,0.00927,0.95995
182.41000,1.98000,0.07298,0.01344,0.91358
182.61000,1.98000,0.10045,0.00219,0.89736
182.81000,1.98000,0.11201,0.00176,0.88624
183.00999,1.98001,0.07271,0.00058,0.92671
183.21001,1.98000,0.06926,0.00059,0.93015
183.41000,1.98000,0.17972,0.00015,0.82013
183.61000,1.98000,0.08902,0.00010,0.91088
183.81000,1.98000,0.11449,0.00008,0.88543
184.00999,1.98001,0.09035,0.00003,0.90962
184.21001,1.98000,0.08353,0.00005,0.91641
184.41000,1.98000,0.05637,0.00010,0.94354
184.61000,1.98000,0.06709,0.00003,0.93288
184.81000,1.98000,0.02680,0.00003,0.97317
185.00999,1.98001,0.01821,0.00002,0.98177
185.21001,1.98000,0.04036,0.00012,0.95952
185.41000,1.98000,0.01771,0.00004,0.98225
185.61000,1.98000,0.05157,0.00009,0.94834
185.81000,1.98000,0.01974,0.00008,0.98019
186.00999,1.98001,0.04503,0.00007,0.95490
186.21001,1.98000,0.04470,0.00010,0.95520
186.41000,1.98000,0.05439,0.00010,0.94550
186.61000,1.98000,0.03632,0.00013,0.96355
186.81000,1.98000,0.06107,0.00013,0.93880
187.00999,1.98001,0.07571,0.00016,0.92413
187.21001,1.98000,0.09633,0.00037,0.90330
187.41000,1.98000,0.06445,0.00037,0.93518
187.61000,1.98000,0.06707,0.00162,0.93131
187.81000,1.98000,0.14185,0.00143,0.85672
188.00999,1.98001,0.11263,0.00128,0.88608
188.21001,1.98000,0.09351,0.00071,0.90578
188.41000,1.98000,0.07388,0.00057,0.92556
188.61000,1.98000,0.06829,0.00055,0.93116
188.81000,1.98000,0.08288,0.00011,0.91701
189.00999,1.98001,0.05412,0.00019,0.94569
189.21001,1.98000,0.06106,0.00016,0.93878
189.41000,1.98000,0.02921,0.00012,0.97067
189.61000,1.98000,0.04481,0.00003,0.95516
189.81000,1.98000,0.04574,0.00007,0.95418
190.00999,1.98001,0.02903,0.00001,0.97096
190.21001,1.98000,0.04845,0.00013,0.95142
190.41000,1.98000,0.04987,0.00010,0.95003
190.61000,1.98000,0.06643,0.00014,0.93343
190.81000,1.98000,0.06850,0.00014,0.93136
191.00999,1.98001,0.11004,0.00293,0.88703
191.21001,1.98000,0.07943,0.00431,0.91626
191.41000,1.98000,0.11098,0.00316,0.88587
191.61000,1.98000,0.08173,0.00457,0.91369
191.81000,1.98000,0.09752,0.00781,0.89468
192.00999,1.98001,0.09683,0.00565,0.89752
192.21001,1.98000,0.08897,0.00580,0.90524
192.41000,1.98000,0.12236,0.03838,0.83927
192.61000,1.98000,0.09131,0.01138,0.89731
192.81000,1.98000,0.07901,0.00262,0.91836
193.00999,1.98001,0.03330,0.00256,0.96414
193.21001,1.98000,0.03621,0.00185,0.96194
193.41000,1.98000,0.05939,0.01336,0.92724
193.61000,1.98000,0.04509,0.00705,0.94785
193.81000,1.98000,0.02228,0.00484,0.97288
194.00999,1.98001,0.03115,0.00518,0.96367
194.21001,1.98000,0.03585,0.00523,0.95893
194.41000,1.98000,0.04409,0.00402,0.95189
194.61000,1.98000,0.05488,0.00882,0.93630
194.81000,1.98000,0.03971,0.00731,0.95299
195.00999,1.98001,0.04200,0.01371,0.94428
195.21001,1.98000,0.04262,0.00718,0.95021
195.41000,1.98000,0.02365,0.00159,0.97475
195.61000,1.98000,0.00933,0.00015,0.99051
195.81000,1.98000,0.01889,0.00010,0.98101
196.00999,1.98001,0.01470,0.00008,0.98522
196.21001,1.98000,0.00710,0.00003,0.99287
196.41000,1.98000,0.00641,0.00003,0.99356
196.61000,1.98000,0.01446,0.00004,0.98550
196.81000,1.98000,0.01737,0.00005,0.98258
197.00999,1.98001,0.00984,0.00002,0.99014
197.21001,1.98000,0.00971,0.00002,0.99027
197.41000,1.98000,0.03474,0.00028,0.96498
197.61000,1.98000,0.01856,0.00013,0.98132
197.81000,1.98000,0.01575,0.00014,0.98411
198.00999,1.98001,0.01309,0.00004,0.98686
198.21001,1.98000,0.01460,0.00006,0.98534
198.41000,1.98000,0.01768,0.00003,0.98229
198.61000,1.98000,0.02585,0.00008,0.97407
198.81000,1.98000,0.01145,0.00002,0.98854
199.00999,1.98001,0.01450,0.00002,0.98548
199.21001,1.98000,0.01710,0.00003,0.98287
199.41000,1.98000,0.03543,0.00009,0.96448
199.61000,1.98000,0.04578,0.00006,0.95416
199.81000,1.98000,0.04357,0.00006,0.95637
200.00999,1.98001,0.04047,0.00006,0.95947
200.21001,1.98000,0.04003,0.00018,0.95979
200.41000,1.98000,0.02454,0.00007,0.97539
200.61000,1.98000,0.03247,0.00040,0.96713
200.81000,1.98000,0.01096,0.00020,0.98885
201.00999,1.98001,0.03407,0.00217,0.96376
201.21001,1.98000,0.01875,0.00207,0.97918
201.41000,1.98000,0.02083,0.00212,0.97705
201.61000,1.98000,0.03412,0.00294,0.96295
201.81000,1.98000,0.02789,0.00185,0.97026
202.00999,1.98001,0.02064,0.00193,0.97743
202.21001,1.98000,0.06491,0.00414,0.93095
202.41000,1.98000,0.04717,0.00239,0.95044
202.61000,1.98000,0.08264,0.00480,0.91256
202.81000,1.98000,0.10253,0.01413,0.88334
203.00999,1.98001,0.17523,0.02253,0.80224
203.21001,1.98000,0.09570,0.00410,0.90020
203.41000,1.98000,0.13758,0.00614,0.85628
203.61000,1.98000,0.16090,0.02455,0.81455
203.81000,1.98000,0.19164,0.01635,0.79201
204.00999,1.98001,0.20334,0.01045,0.78621
204.21001,1.98000,0.31044,0.03205,0.65752
204.41000,1.98000,0.16378,0.00662,0.82961
204.61000,1.98000,0.18650,0.00400,0.80950
204.81000,1.98000,0.18810,0.00348,0.80842
205.00999,1.98001,0.29749,0.01509,0.68742
205.21001,1.98000,0.09878,0.01345,0.88778
205.41000,1.98000,0.22009,0.04398,0.73592
205.61000,1.98000,0.18602,0.02168,0.79231
205.81000,1.98000,0.21968,0.02688,0.75343
206.00999,1.98001,0.15246,0.04277,0.80478
206.21001,1.98000,0.24292,0.03800,0.71908
206.41000,1.98000,0.25302,0.01655,0.73044
206.61000,1.98000,0.16980,0.00960,0.82060
206.81000,1.98000,0.29168,0.01532,0.69300
207.00999,1.98001,0.22516,0.01048,0.76436
207.21001,1.98000,0.18509,0.00632,0.80859
207.41000,1.98000,0.12538,0.00304,0.87158
207.61000,1.98000,0.17092,0.00764,0.82144
207.81000,1.98000,0.17192,0.01094,0.81714
208.00999,1.98001,0.16834,0.00653,0.82513
208.21001,1.98000,0.12235,0.08746,0.79019
208.41000,1.98000,0.13883,0.20710,0.65407
208.61000,1.98000,0.13619,0.10618,0.75762
208.81000,1.98000,0.08170,0.04415,0.87415
209.00999,1.98001,0.08819,0.02326,0.88855
209.21001,1.98000,0.06675,0.00914,0.92411
209.41000,1.98000,0.06775,0.01866,0.91359
209.61000,1.98000,0.04934,0.01171,0.93895
209.81000,1.98000,0.05620,0.01375,0.93004
210.00999,1.98001,0.05037,0.00334,0.94629
210.21001,1.98000,0.03853,0.00535,0.95612
210.41000,1.98000,0.06246,0.02168,0.91586
210.61000,1.98000,0.03923,0.01447,0.94630
210.81000,1.98000,0.04262,0.02159,0.93579
211.00999,1.98001,0.05003,0.04141,0.90856
211.21001,1.98000,0.03368,0.02457,0.94176
211.41000,1.98000,0.04827,0.03211,0.91962
211.61000,1.98000,0.01485,0.00325,0.98190
211.81000,1.98000,0.04175,0.00521,0.95305
212.00999,1.98001,0.09477,0.00196,0.90326
212.21001,1.98000,0.05544,0.00211,0.94245
212.41000,1.98000,0.10528,0.01117,0.88355
212.61000,1.98000,0.19539,0.01559,0.78903
212.81000,1.98000,0.18233,0.00392,0.81375
213.00999,1.98001,0.13488,0.00667,0.85845
213.21001,1.98000,0.15451,0.00767,0.83782
213.41000,1.98000,0.27035,0.05568,0.67397
213.61000,1.98000,0.15956,0.04581,0.79462
213.81000,1.98000,0.26054,0.10446,0.63501
214.00999,1.98001,0.19767,0.12890,0.67343
214.21001,1.98000,0.16571,0.16894,0.66535
214.41000,1.98000,0.14957,0.06095,0.78949
214.61000,1.98000,0.14873,0.03709,0.81418
214.81000,1.98000,0.16324,0.03456,0.80220
215.00999,1.98001,0.16637,0.15109,0.68254
215.21001,1.98000,0.21272,0.14295,0.64433
215.41000,1.98000,0.20566,0.16039,0.63395
215.61000,1.98000,0.18195,0.16491,0.65314
215.81000,1.98000,0.23317,0.18627,0.58057
216.00999,1.98001,0.19289,0.13335,0.67376
216.21001,1.98000,0.18010,0.06369,0.75621
216.41000,1.98000,0.17605,0.07961,0.74435
216.61000,1.98000,0.08757,0.05636,0.85608
216.81000,1.98000,0.06502,0.06019,0.87479
217.00999,1.98001,0.02229,0.00676,0.97096
217.21001,1.98000,0.01214,0.00181,0.98606
217.41000,1.98000,0.00631,0.00083,0.99286
217.61000,1.98000,0.00478,0.00165,0.99357
217.81000,1.98000,0.00650,0.00164,0.99185
218.00999,1.98001,0.01282,0.00738,0.97979
218.21001,1.98000,0.00437,0.00161,0.99401
218.41000,1.98000,0.00811,0.00355,0.98834
218.61000,1.98000,0.00921,0.00436,0.98643
218.81000,1.98000,0.05056,0.05029,0.89915
219.00999,1.98001,0.04805,0.01924,0.93271
219.21001,1.98000,0.07322,0.02189,0.90489
219.41000,1.98000,0.09152,0.01094,0.89754
219.61000,1.98000,0.08406,0.01133,0.90461
219.81000,1.98000,0.07616,0.00444,0.91940
220.00999,1.98001,0.13851,0.00120,0.86028
220.21001,1.98000,0.17257,0.00101,0.82642
220.41000,1.98000,0.13875,0.00094,0.86031
220.61000,1.98000,0.15322,0.00075,0.84603
220.81000,1.98000,0.08297,0.00036,0.91667
221.00999,1.98001,0.06080,0.00050,0.93870
221.21001,1.98000,0.04057,0.00134,0.95809
221.41000,1.98000,0.06624,0.00274,0.93101
221.61000,1.98000,0.07354,0.00257,0.92389
221.81000,1.98000,0.05544,0.02435,0.92021
222.00999,1.98001,0.04398,0.04493,0.91110
222.21001,1.98000,0.04433,0.18153,0.77415
222.41000,1.98000,0.04414,0.18940,0.76646
222.61000,1.98000,0.06047,0.59210,0.34744
222.81000,1.98000,0.12850,0.56983,0.30167
223.00999,1.98001,0.08200,0.73733,0.18067
223.21001,1.98000,0.09393,0.60741,0.29866
223.41000,1.98000,0.06066,0.46929,0.47005
223.61000,1.98000,0.04690,0.33770,0.61541
223.81000,1.98000,0.06265,0.34985,0.58749
224.00999,1.98001,0.06808,0.27444,0.65748
224.21001,1.98000,0.05073,0.20297,0.74630
224.41000,1.98000,0.02468,0.07862,0.89670
224.61000,1.98000,0.02079,0.07836,0.90085
224.81000,1.98000,0.02207,0.05930,0.91863
225.00999,1.98001,0.03163,0.18068,0.78769
225.21001,1.98000,0.02830,0.07629,0.89541
225.41000,1.98000,0.08401,0.21864,0.69736
225.61000,1.98000,0.07172,0.04858,0.87970
225.81000,1.98000,0.11152,0.05701,0.83147
226.00999,1.98001,0.09722,0.02749,0.87529
226.21001,1.98000,0.15380,0.05110,0.79510
226.41000,1.98000,0.19547,0.04045,0.76408
226.61000,1.98000,0.14908,0.05713,0.79378
226.81000,1.98000,0.10272,0.03317,0.86412
227.00999,1.98001,0.08059,0.05398,0.86543
227.21001,1.98000,0.07064,0.04972,0.87963
227.41000,1.98000,0.07539,0.12567,0.79894
227.61000,1.98000,0.11034,0.19332,0.69634
227.81000,1.98000,0.08030,0.12018,0.79952
228.00999,1.98001,0.04853,0.10883,0.84264
228.21001,1.98000,0.05690,0.24768,0.69542
228.41000,1.98000,0.12123,0.10291,0.77586
228.61000,1.98000,0.05609,0.06078,0.88312
228.81000,1.98000,0.03213,0.02782,0.94006
229.00999,1.98001,0.04956,0.03377,0.91667
229.21001,1.98000,0.03697,0.00961,0.95343
229.41000,1.98000,0.02084,0.00715,0.97201
229.61000,1.98000,0.01692,0.00936,0.97372
229.81000,1.98000,0.03782,0.01929,0.94289
230.00999,1.98001,0.04898,0.14245,0.80857
230.21001,1.98000,0.01492,0.05922,0.92586
230.41000,1.98000,0.04544,0.04010,0.91447
230.61000,1.98000,0.09405,0.08030,0.82565
230.81000,1.98000,0.10695,0.04943,0.84362
231.00999,1.98001,0.04294,0.10297,0.85408
231.21001,1.98000,0.09547,0.29907,0.60546
231.41000,1.98000,0.15428,0.22546,0.62026
231.61000,1.98000,0.19249,0.05153,0.75598
231.81000,1.98000,0.19611,0.09145,0.71244
232.00999,1.98001,0.35864,0.12549,0.51587
232.21001,1.98000,0.13016,0.20339,0.66645
232.41000,1.98000,0.16379,0.17250,0.66370
232.61000,1.98000,0.15533,0.35850,0.48617
232.81000,1.98000,0.29890,0.22297,0.47812
233.00999,1.98001,0.12293,0.09543,0.78164
233.21001,1.98000,0.06743,0.06075,0.87182
233.41000,1.98000,0.03066,0.02130,0.94803
233.61000,1.98000,0.02944,0.01139,0.95917
233.81000,1.98000,0.01036,0.00334,0.98630
234.00999,1.98001,0.00996,0.00635,0.98369
234.21001,1.98000,0.01411,0.01724,0.96865
234.41000,1.98000,0.00993,0.01071,0.97936
234.61000,1.98000,0.00838,0.00888,0.98273
234.81000,1.98000,0.00773,0.00512,0.98715
235.00999,1.98001,0.01497,0.00237,0.98266
235.21001,1.98000,0.01861,0.00225,0.97914
235.41000,1.98000,0.02552,0.01310,0.96137
235.61000,1.98000,0.05097,0.01871,0.93032
235.81000,1.98000,0.06730,0.04680,0.88590
236.00999,1.98001,0.05506,0.01219,0.93275
236.21001,1.98000,0.03270,0.00340,0.96390
236.41000,1.98000,0.02989,0.00064,0.96947
236.61000,1.98000,0.04704,0.00238,0.95058
236.81000,1.98000,0.10397,0.01648,0.87955
237.00999,1.98001,0.08943,0.02161,0.88895
237.21001,1.98000,0.04517,0.00306,0.95177
237.41000,1.98000,0.03142,0.00246,0.96612
237.61000,1.98000,0.05005,0.00325,0.94670
237.81000,1.98000,0.03518,0.00116,0.96366
238.00999,1.98001,0.04628,0.00563,0.94809
238.21001,1.98000,0.06117,0.01894,0.91989
238.41000,1.98000,0.17161,0.10633,0.72206
