Time (seconds), Duration (seconds),pred_unlabelled,pred_anomaly
0.01000,0.48000,0.97319,0.02681
0.03000,0.48000,0.98979,0.01021
0.05000,0.48000,0.95195,0.04805
0.07000,0.48000,0.99550,0.00450
0.09000,0.48000,0.89702,0.10298
0.11000,0.48000,0.98691,0.01309
0.13000,0.48000,0.96233,0.03767
0.15000,0.48000,0.99133,0.00867
0.17000,0.48000,0.92358,0.07642
0.19000,0.48000,0.99294,0.00706
0.21000,0.48000,0.96336,0.03664
0.23000,0.48000,0.99288,0.00712
0.25000,0.48000,0.95515,0.04485
0.27000,0.48000,0.99083,0.00917
0.29000,0.48000,0.95886,0.04114
0.31000,0.48000,0.99525,0.00475
0.33000,0.48000,0.94025,0.05975
0.35000,0.48000,0.99425,0.00575
0.37000,0.48000,0.97317,0.02683
0.39000,0.48000,0.99416,0.00584
0.41000,0.48000,0.97715,0.02285
0.43000,0.48000,0.99136,0.00864
0.45000,0.48000,0.97752,0.02248
0.47000,0.48000,0.99693,0.00307
0.49000,0.48000,0.98695,0.01305
0.51000,0.48000,0.99711,0.00289
0.53000,0.48000,0.99182,0.00818
0.55000,0.48000,0.99743,0.00257
0.57000,0.48000,0.99530,0.00470
0.59000,0.48000,0.99645,0.00355
0.61000,0.48000,0.99583,0.00417
0.63000,0.48000,0.99589,0.00411
0.65000,0.48000,0.99478,0.00522
0.67000,0.48000,0.99368,0.00632
0.69000,0.48000,0.99296,0.00704
0.71000,0.48000,0.99255,0.00745
0.73000,0.48000,0.99586,0.00414
0.75000,0.48000,0.98250,0.01750
0.77000,0.48000,0.99699,0.00301
0.79000,0.48000,0.98823,0.01177
0.81000,0.48000,0.99506,0.00494
0.83000,0.48000,0.98866,0.01134
0.85000,0.48000,0.99584,0.00416
0.87000,0.48000,0.99299,0.00701
0.89000,0.48000,0.99684,0.00316
0.91000,0.48000,0.98383,0.01617
0.93000,0.48000,0.99634,0.00366
0.95000,0.48000,0.98655,0.01345
0.97000,0.48000,0.98891,0.01109
0.99000,0.48000,0.97955,0.02045
1.01000,0.48000,0.98407,0.01593
1.03000,0.48000,0.97439,0.02561
1.05000,0.48000,0.98463,0.01537
1.07000,0.48000,0.98974,0.01026
1.09000,0.48000,0.98384,0.01616
1.11000,0.48000,0.99671,0.00329
1.13000,0.48000,0.95944,0.04056
1.15000,0.48000,0.99192,0.00808
1.17000,0.48000,0.97436,0.02564
1.19000,0.48000,0.99123,0.00877
1.21000,0.48000,0.97317,0.02683
1.23000,0.48000,0.99447,0.00553
1.25000,0.48000,0.94855,0.05145
1.27000,0.48000,0.99483,0.00517
1.29000,0.48000,0.90693,0.09307
1.31000,0.48000,0.98801,0.01199
1.33000,0.48000,0.94521,0.05479
1.35000,0.48000,0.98917,0.01083
1.37000,0.48000,0.90160,0.09840
1.39000,0.48000,0.99300,0.00699
1.41000,0.48000,0.94392,0.05608
1.43000,0.48000,0.99309,0.00691
1.45000,0.48000,0.94581,0.05419
1.47000,0.48000,0.98957,0.01043
1.49000,0.48000,0.95078,0.04922
1.51000,0.48000,0.99465,0.00535
1.53000,0.48000,0.92718,0.07282
1.55000,0.48000,0.99471,0.00529
1.57000,0.48000,0.96449,0.03551
1.59000,0.48000,0.99451,0.00549
1.61000,0.48000,0.97134,0.02866
1.63000,0.48000,0.99242,0.00758
1.65000,0.48000,0.94533,0.05467
1.67000,0.48000,0.99594,0.00406
1.69000,0.48000,0.96488,0.03512
1.71000,0.48000,0.99532,0.00468
1.73000,0.48000,0.97559,0.02441
1.75000,0.48000,0.99639,0.00361
1.77000,0.48000,0.97550,0.02450
1.79000,0.48000,0.99639,0.00361
1.81000,0.48000,0.98001,0.01999
1.83000,0.48000,0.99787,0.00213
1.85000,0.48000,0.97938,0.02062
1.87000,0.48000,0.99674,0.00326
1.89000,0.48000,0.98632,0.01368
1.91000,0.48000,0.99734,0.00266
1.93000,0.48000,0.98031,0.01969
1.95000,0.48000,0.99726,0.00274
1.97000,0.48000,0.98327,0.01673
1.99000,0.48000,0.99734,0.00266
2.01000,0.48000,0.98492,0.01508
2.03000,0.48000,0.99667,0.00333
2.05000,0.48000,0.98058,0.01942
2.07000,0.48000,0.99770,0.00230
2.09000,0.48000,0.95047,0.04953
2.11000,0.48000,0.99738,0.00262
2.13000,0.48000,0.96755,0.03245
2.15000,0.48000,0.99601,0.00399
2.17000,0.48000,0.97265,0.02735
2.19000,0.48000,0.99610,0.00390
2.21000,0.48000,0.96462,0.03538
2.23000,0.48000,0.99694,0.00306
2.25000,0.48000,0.96090,0.03910
2.27000,0.48000,0.99684,0.00316
2.29000,0.48000,0.98501,0.01499
2.31000,0.48000,0.99583,0.00417
2.33000,0.48000,0.96848,0.03152
2.35000,0.48000,0.99546,0.00454
2.37000,0.48000,0.97037,0.02963
2.39000,0.48000,0.99648,0.00352
2.41000,0.48000,0.96784,0.03216
2.43000,0.48000,0.99505,0.00495
2.45000,0.48000,0.99299,0.00701
2.47000,0.48000,0.99349,0.00651
2.49000,0.48000,0.98435,0.01565
2.51000,0.48000,0.99786,0.00214
2.53000,0.48000,0.99279,0.00721
2.55000,0.48000,0.99658,0.00342
2.57000,0.48000,0.99086,0.00914
2.59000,0.48000,0.99568,0.00432
2.61000,0.48000,0.99661,0.00339
2.63000,0.48000,0.99254,0.00746
2.65000,0.48000,0.99375,0.00625
2.67000,0.48000,0.99554,0.00446
2.69000,0.48000,0.99425,0.00575
2.71000,0.48000,0.99352,0.00648
2.73000,0.48000,0.99523,0.00477
2.75000,0.48000,0.99301,0.00699
2.77000,0.48000,0.99742,0.00258
2.79000,0.48000,0.97195,0.02805
2.81000,0.48000,0.98883,0.01117
2.83000,0.48000,0.97747,0.02253
2.85000,0.48000,0.99496,0.00504
2.87000,0.48000,0.97568,0.02432
2.89000,0.48000,0.99739,0.00261
2.91000,0.48000,0.97090,0.02910
2.93000,0.48000,0.99698,0.00302
2.95000,0.48000,0.93824,0.06176
2.97000,0.48000,0.99538,0.00462
2.99000,0.48000,0.95741,0.04259
3.01000,0.48000,0.99311,0.00689
3.03000,0.48000,0.95608,0.04392
3.05000,0.48000,0.99286,0.00714
3.07000,0.48000,0.92212,0.07788
3.09000,0.48000,0.98544,0.01456
3.11000,0.48000,0.94452,0.05548
3.13000,0.48000,0.96789,0.03211
3.15000,0.48000,0.89287,0.10713
3.17000,0.48000,0.96459,0.03541
3.19000,0.48000,0.76265,0.23735
3.21000,0.48000,0.88199,0.11801
3.23000,0.48000,0.60701,0.39299
3.25000,0.48000,0.47977,0.52023
3.27000,0.48000,0.63217,0.36783
3.29000,0.48000,0.60108,0.39892
3.31000,0.48000,0.59789,0.40211
3.33000,0.48000,0.58041,0.41959
3.35000,0.48000,0.37904,0.62096
3.37000,0.48000,0.51802,0.48198
3.39000,0.48000,0.47513,0.52487
3.41000,0.48000,0.30182,0.69818
3.43000,0.48000,0.53646,0.46354
3.45000,0.48000,0.55266,0.44734
3.47000,0.48000,0.49118,0.50882
3.49000,0.48000,0.48108,0.51892
3.51000,0.48000,0.93613,0.06387
3.53000,0.48000,0.57252,0.42748
3.55000,0.48000,0.81919,0.18081
3.57000,0.48000,0.08254,0.91746
3.59000,0.48000,0.02494,0.97506
3.61000,0.48000,0.00779,0.99221
3.63000,0.48000,0.03046,0.96954
3.65000,0.48000,0.01135,0.98865
3.67000,0.48000,0.09009,0.90991
3.69000,0.48000,0.03251,0.96749
3.71000,0.48000,0.01477,0.98523
3.73000,0.48000,0.01825,0.98175
3.75000,0.48000,0.02004,0.97996
3.77000,0.48000,0.01563,0.98437
3.79000,0.48000,0.04685,0.95315
3.81000,0.48000,0.11546,0.88454
3.83000,0.48000,0.10088,0.89912
3.85000,0.48000,0.09027,0.90973
3.87000,0.48000,0.10913,0.89087
3.89000,0.48000,0.02493,0.97507
3.91000,0.48000,0.04376,0.95624
3.93000,0.48000,0.01189,0.98811
3.95000,0.48000,0.00725,0.99275
3.97000,0.48000,0.00124,0.99876
3.99000,0.48000,0.00429,0.99571
4.01000,0.48000,0.00111,0.99889
4.03000,0.48000,0.00467,0.99533
4.05000,0.48000,0.00048,0.99952
4.07000,0.48000,0.00217,0.99783
4.09000,0.48000,0.00043,0.99957
4.11000,0.48000,0.00112,0.99888
4.13000,0.48000,0.00078,0.99922
4.15000,0.48000,0.00201,0.99799
4.17000,0.48000,0.00304,0.99696
4.19000,0.48000,0.00403,0.99597
4.21000,0.48000,0.00519,0.99481
4.23000,0.48000,0.00420,0.99580
4.25000,0.48000,0.01025,0.98975
4.27000,0.48000,0.00446,0.99554
4.29000,0.48000,0.01104,0.98896
4.31000,0.48000,0.00433,0.99567
4.33000,0.48000,0.00551,0.99449
4.35000,0.48000,0.00934,0.99066
4.37000,0.48000,0.01832,0.98168
4.39000,0.48000,0.01806,0.98194
4.41000,0.48000,0.02747,0.97253
4.43000,0.48000,0.02697,0.97303
4.45000,0.48000,0.02544,0.97456
4.47000,0.48000,0.00447,0.99553
4.49000,0.48000,0.00942,0.99058
4.51000,0.48000,0.00337,0.99663
4.53000,0.48000,0.00959,0.99041
4.55000,0.48000,0.00535,0.99465
4.57000,0.48000,0.00425,0.99575
4.59000,0.48000,0.01016,0.98984
4.61000,0.48000,0.03415,0.96585
4.63000,0.48000,0.01381,0.98619
4.65000,0.48000,0.01073,0.98927
4.67000,0.48000,0.00929,0.99071
4.69000,0.48000,0.00500,0.99500
4.71000,0.48000,0.00594,0.99406
4.73000,0.48000,0.00648,0.99352
4.75000,0.48000,0.00589,0.99411
4.77000,0.48000,0.00540,0.99460
4.79000,0.48000,0.01542,0.98458
4.81000,0.48000,0.00554,0.99446
4.83000,0.48000,0.01959,0.98041
4.85000,0.48000,0.00643,0.99357
4.87000,0.48000,0.00628,0.99372
4.89000,0.48000,0.00615,0.99385
4.91000,0.48000,0.01246,0.98754
4.93000,0.48000,0.00482,0.99518
4.95000,0.48000,0.01559,0.98441
4.97000,0.48000,0.00607,0.99393
4.99000,0.48000,0.02097,0.97903
5.01000,0.48000,0.00304,0.99696
5.03000,0.48000,0.01871,0.98129
5.05000,0.48000,0.00318,0.99682
5.07000,0.48000,0.01257,0.98743
5.09000,0.48000,0.00452,0.99548
5.11000,0.48000,0.01281,0.98719
5.13000,0.48000,0.00575,0.99425
5.15000,0.48000,0.03118,0.96882
5.17000,0.48000,0.00874,0.99126
5.19000,0.48000,0.01153,0.98847
5.21000,0.48000,0.00525,0.99475
5.23000,0.48000,0.00622,0.99378
5.25000,0.48000,0.00384,0.99616
5.27000,0.48000,0.01127,0.98873
5.29000,0.48000,0.00679,0.99321
5.31000,0.48000,0.01665,0.98335
5.33000,0.48000,0.00698,0.99302
5.35000,0.48000,0.01625,0.98375
5.37000,0.48000,0.01019,0.98981
5.39000,0.48000,0.00562,0.99438
5.41000,0.48000,0.00220,0.99780
5.43000,0.48000,0.00351,0.99649
5.45000,0.48000,0.00410,0.99590
5.47000,0.48000,0.00590,0.99410
5.49000,0.48000,0.00262,0.99738
5.51000,0.48000,0.01016,0.98984
5.53000,0.48000,0.00335,0.99665
5.55000,0.48000,0.00752,0.99248
5.57000,0.48000,0.00243,0.99757
5.59000,0.48000,0.00628,0.99372
5.61000,0.48000,0.00424,0.99576
5.63000,0.48000,0.01153,0.98847
5.65000,0.48000,0.00399,0.99601
5.67000,0.48000,0.01684,0.98316
5.69000,0.48000,0.00655,0.99345
5.71000,0.48000,0.04771,0.95229
5.73000,0.48000,0.01149,0.98851
5.75000,0.48000,0.03438,0.96562
5.77000,0.48000,0.00688,0.99312
5.79000,0.48000,0.01624,0.98376
5.81000,0.48000,0.01775,0.98225
5.83000,0.48000,0.02600,0.97400
5.85000,0.48000,0.03221,0.96779
5.87000,0.48000,0.12191,0.87809
5.89000,0.48000,0.09962,0.90038
5.91000,0.48000,0.09781,0.90219
5.93000,0.48000,0.17242,0.82758
5.95000,0.48000,0.14550,0.85450
5.97000,0.48000,0.38011,0.61989
5.99000,0.48000,0.26668,0.73332
6.01000,0.48000,0.63258,0.36742
6.03000,0.48000,0.12628,0.87372
6.05000,0.48000,0.77792,0.22208
6.07000,0.48000,0.63184,0.36816
6.09000,0.48000,0.57874,0.42126
6.11000,0.48000,0.65601,0.34399
6.13000,0.48000,0.71447,0.28553
6.15000,0.48000,0.66274,0.33726
6.17000,0.48000,0.66123,0.33877
6.19000,0.48000,0.69276,0.30724
6.21000,0.48000,0.85092,0.14908
6.23000,0.48000,0.94960,0.05040
6.25000,0.48000,0.97266,0.02734
6.27000,0.48000,0.94685,0.05315
6.29000,0.48000,0.99053,0.00947
6.31000,0.48000,0.99150,0.00850
6.33000,0.48000,0.98792,0.01208
6.35000,0.48000,0.98028,0.01972
6.37000,0.48000,0.98333,0.01667
6.39000,0.48000,0.98042,0.01958
6.41000,0.48000,0.98087,0.01913
6.43000,0.48000,0.94760,0.05240
6.45000,0.48000,0.97093,0.02907
6.47000,0.48000,0.97125,0.02875
6.49000,0.48000,0.97955,0.02045
6.51000,0.48000,0.96828,0.03172
6.53000,0.48000,0.98441,0.01559
6.55000,0.48000,0.97879,0.02121
6.57000,0.48000,0.98432,0.01568
6.59000,0.48000,0.98244,0.01756
6.61000,0.48000,0.98648,0.01352
6.63000,0.48000,0.98403,0.01597
6.65000,0.48000,0.98531,0.01469
6.67000,0.48000,0.98771,0.01229
6.69000,0.48000,0.99376,0.00624
6.71000,0.48000,0.98468,0.01532
6.73000,0.48000,0.98988,0.01012
6.75000,0.48000,0.97376,0.02624
6.77000,0.48000,0.98595,0.01405
6.79000,0.48000,0.97866,0.02134
6.81000,0.48000,0.97675,0.02325
6.83000,0.48000,0.93234,0.06766
6.85000,0.48000,0.98284,0.01716
6.87000,0.48000,0.97335,0.02665
6.89000,0.48000,0.95764,0.04236
6.91000,0.48000,0.97033,0.02967
6.93000,0.48000,0.97773,0.02227
6.95000,0.48000,0.97287,0.02713
6.97000,0.48000,0.97402,0.02598
6.99000,0.48000,0.96611,0.03389
7.01000,0.48000,0.96995,0.03005
7.03000,0.48000,0.95625,0.04375
7.05000,0.48000,0.95239,0.04761
7.07000,0.48000,0.95947,0.04053
7.09000,0.48000,0.96145,0.03855
7.11000,0.48000,0.96086,0.03914
7.13000,0.48000,0.97885,0.02115
7.15000,0.48000,0.98906,0.01094
7.17000,0.48000,0.97975,0.02025
7.19000,0.48000,0.98622,0.01378
7.21000,0.48000,0.98578,0.01422
7.23000,0.48000,0.98942,0.01058
7.25000,0.48000,0.98692,0.01308
7.27000,0.48000,0.98862,0.01138
7.29000,0.48000,0.98181,0.01819
7.31000,0.48000,0.98604,0.01396
7.33000,0.48000,0.99614,0.00386
7.35000,0.48000,0.98733,0.01267
7.37000,0.48000,0.98720,0.01280
7.39000,0.48000,0.98800,0.01200
7.41000,0.48000,0.99186,0.00814
7.43000,0.48000,0.97499,0.02501
7.45000,0.48000,0.99267,0.00733
7.47000,0.48000,0.98184,0.01816
7.49000,0.48000,0.97888,0.02112
7.51000,0.48000,0.99004,0.00996
7.53000,0.48000,0.96702,0.03298
7.55000,0.48000,0.99214,0.00786
7.57000,0.48000,0.98890,0.01110
7.59000,0.48000,0.99312,0.00688
7.61000,0.48000,0.98685,0.01315
7.63000,0.48000,0.99598,0.00402
7.65000,0.48000,0.98275,0.01725
7.67000,0.48000,0.99232,0.00768
7.69000,0.48000,0.98662,0.01338
7.71000,0.48000,0.99265,0.00735
7.73000,0.48000,0.99283,0.00717
7.75000,0.48000,0.99852,0.00148
7.77000,0.48000,0.98574,0.01426
7.79000,0.48000,0.99755,0.00245
7.81000,0.48000,0.99293,0.00707
7.83000,0.48000,0.99827,0.00173
7.85000,0.48000,0.99256,0.00744
7.87000,0.48000,0.99747,0.00253
7.89000,0.48000,0.99226,0.00774
7.91000,0.48000,0.99709,0.00291
7.93000,0.48000,0.97519,0.02481
7.95000,0.48000,0.99365,0.00635
7.97000,0.48000,0.98474,0.01526
7.99000,0.48000,0.96778,0.03222
8.01000,0.48000,0.98144,0.01856
8.03000,0.48000,0.95026,0.04974
8.05000,0.48000,0.97067,0.02933
8.07000,0.48000,0.95574,0.04426
8.09000,0.48000,0.97768,0.02232
8.11000,0.48000,0.95783,0.04217
8.13000,0.48000,0.98644,0.01356
8.15000,0.48000,0.95417,0.04583
8.17000,0.48000,0.98456,0.01544
8.19000,0.48000,0.97805,0.02195
8.21000,0.48000,0.98367,0.01633
8.23000,0.48000,0.93473,0.06527
8.25000,0.48000,0.98478,0.01522
8.27000,0.48000,0.97861,0.02139
8.29000,0.48000,0.99294,0.00706
8.31000,0.48000,0.96530,0.03470
8.33000,0.48000,0.97704,0.02296
8.35000,0.48000,0.98718,0.01282
8.37000,0.48000,0.99592,0.00408
8.39000,0.48000,0.94959,0.05041
8.41000,0.48000,0.99580,0.00420
8.43000,0.48000,0.98478,0.01522
8.45000,0.48000,0.99408,0.00592
8.47000,0.48000,0.98572,0.01428
8.49000,0.48000,0.98879,0.01121
8.51000,0.48000,0.98973,0.01027
8.53000,0.48000,0.99456,0.00544
8.55000,0.48000,0.96846,0.03154
8.57000,0.48000,0.99603,0.00397
8.59000,0.48000,0.98703,0.01297
8.61000,0.48000,0.98928,0.01072
8.63000,0.48000,0.98272,0.01728
8.65000,0.48000,0.98654,0.01346
8.67000,0.48000,0.98571,0.01429
8.69000,0.48000,0.98329,0.01671
8.71000,0.48000,0.98084,0.01916
8.73000,0.48000,0.96047,0.03953
8.75000,0.48000,0.99061,0.00939
8.77000,0.48000,0.95893,0.04107
8.79000,0.48000,0.96972,0.03028
8.81000,0.48000,0.95855,0.04145
8.83000,0.48000,0.96649,0.03351
8.85000,0.48000,0.96776,0.03224
8.87000,0.48000,0.96896,0.03104
8.89000,0.48000,0.95688,0.04312
8.91000,0.48000,0.99138,0.00862
8.93000,0.48000,0.96404,0.03596
8.95000,0.48000,0.98249,0.01751
8.97000,0.48000,0.97384,0.02616
8.99000,0.48000,0.99208,0.00792
9.01000,0.48000,0.96084,0.03916
9.03000,0.48000,0.99006,0.00994
9.05000,0.48000,0.98123,0.01877
9.07000,0.48000,0.99233,0.00767
9.09000,0.48000,0.98086,0.01914
9.11000,0.48000,0.98416,0.01584
9.13000,0.48000,0.96553,0.03447
9.15000,0.48000,0.99356,0.00644
9.17000,0.48000,0.97537,0.02463
9.19000,0.48000,0.99162,0.00838
9.21000,0.48000,0.98912,0.01088
9.23000,0.48000,0.99559,0.00441
9.25000,0.48000,0.98264,0.01736
9.27000,0.48000,0.99481,0.00519
9.29000,0.48000,0.98891,0.01109
9.31000,0.48000,0.99645,0.00355
9.33000,0.48000,0.98177,0.01823
9.35000,0.48000,0.99373,0.00627
9.37000,0.48000,0.98689,0.01311
9.39000,0.48000,0.99654,0.00346
9.41000,0.48000,0.97572,0.02428
9.43000,0.48000,0.99500,0.00500
9.45000,0.48000,0.98474,0.01526
9.47000,0.48000,0.99504,0.00496
9.49000,0.48000,0.97818,0.02182
9.51000,0.48000,0.99430,0.00570
9.53000,0.48000,0.96859,0.03141
9.55000,0.48000,0.99684,0.00316
9.57000,0.48000,0.95142,0.04858
9.59000,0.48000,0.99271,0.00729
9.61000,0.48000,0.88607,0.11393
9.63000,0.48000,0.87320,0.12680
9.65000,0.48000,0.46004,0.53996
9.67000,0.48000,0.71498,0.28502
9.69000,0.48000,0.20065,0.79935
9.71000,0.48000,0.44158,0.55842
9.73000,0.48000,0.01492,0.98508
9.75000,0.48000,0.03842,0.96158
9.77000,0.48000,0.01859,0.98141
9.79000,0.48000,0.09244,0.90756
9.81000,0.48000,0.00207,0.99793
9.83000,0.48000,0.02458,0.97542
9.85000,0.48000,0.00178,0.99822
9.87000,0.48000,0.03146,0.96854
9.89000,0.48000,0.00169,0.99831
9.91000,0.48000,0.00840,0.99160
9.93000,0.48000,0.00102,0.99898
9.95000,0.48000,0.00254,0.99746
9.97000,0.48000,0.00025,0.99975
9.99000,0.48000,0.00084,0.99916
10.01000,0.48000,0.00013,0.99987
10.03000,0.48000,0.00111,0.99889
10.05000,0.48000,0.00049,0.99951
10.07000,0.48000,0.00186,0.99814
10.09000,0.48000,0.00036,0.99964
10.11000,0.48000,0.00180,0.99820
10.13000,0.48000,0.00040,0.99960
10.15000,0.48000,0.00263,0.99737
10.17000,0.48000,0.01252,0.98748
10.19000,0.48000,0.00706,0.99294
10.21000,0.48000,0.03360,0.96640
10.23000,0.48000,0.01143,0.98857
10.25000,0.48000,0.01157,0.98843
10.27000,0.48000,0.00169,0.99831
10.29000,0.48000,0.00158,0.99842
10.31000,0.48000,0.00124,0.99876
10.33000,0.48000,0.00143,0.99857
10.35000,0.48000,0.00155,0.99845
10.37000,0.48000,0.00137,0.99863
10.39000,0.48000,0.00076,0.99924
10.41000,0.48000,0.00151,0.99849
10.43000,0.48000,0.00106,0.99894
10.45000,0.48000,0.00105,0.99895
10.47000,0.48000,0.00075,0.99925
10.49000,0.48000,0.00100,0.99900
10.51000,0.48000,0.00067,0.99933
10.53000,0.48000,0.00110,0.99890
10.55000,0.48000,0.00201,0.99799
10.57000,0.48000,0.00134,0.99866
10.59000,0.48000,0.00314,0.99686
10.61000,0.48000,0.00309,0.99691
10.63000,0.48000,0.00462,0.99538
10.65000,0.48000,0.00611,0.99389
10.67000,0.48000,0.00358,0.99642
10.69000,0.48000,0.00448,0.99552
10.71000,0.48000,0.00586,0.99414
10.73000,0.48000,0.00633,0.99367
10.75000,0.48000,0.00377,0.99623
10.77000,0.48000,0.00385,0.99615
10.79000,0.48000,0.00499,0.99501
10.81000,0.48000,0.00512,0.99488
10.83000,0.48000,0.00422,0.99578
10.85000,0.48000,0.00192,0.99808
10.87000,0.48000,0.00253,0.99747
10.89000,0.48000,0.00434,0.99566
10.91000,0.48000,0.00317,0.99683
10.93000,0.48000,0.00352,0.99648
10.95000,0.48000,0.00347,0.99653
10.97000,0.48000,0.00298,0.99702
10.99000,0.48000,0.00421,0.99579
11.01000,0.48000,0.00262,0.99738
11.03000,0.48000,0.00632,0.99368
11.05000,0.48000,0.00356,0.99644
11.07000,0.48000,0.00451,0.99549
11.09000,0.48000,0.00183,0.99817
11.11000,0.48000,0.00887,0.99113
11.13000,0.48000,0.00151,0.99849
11.15000,0.48000,0.00515,0.99485
11.17000,0.48000,0.00198,0.99802
11.19000,0.48000,0.00918,0.99082
11.21000,0.48000,0.00384,0.99616
11.23000,0.48000,0.01141,0.98859
11.25000,0.48000,0.00940,0.99060
11.27000,0.48000,0.00708,0.99292
11.29000,0.48000,0.01182,0.98818
11.31000,0.48000,0.00717,0.99283
11.33000,0.48000,0.00731,0.99269
11.35000,0.48000,0.00445,0.99555
11.37000,0.48000,0.02097,0.97903
11.39000,0.48000,0.00174,0.99826
11.41000,0.48000,0.01255,0.98745
11.43000,0.48000,0.01024,0.98976
11.45000,0.48000,0.02501,0.97499
11.47000,0.48000,0.00512,0.99488
11.49000,0.48000,0.04133,0.95867
11.51000,0.48000,0.00521,0.99479
11.53000,0.48000,0.05970,0.94030
11.55000,0.48000,0.00823,0.99177
11.57000,0.48000,0.09661,0.90339
11.59000,0.48000,0.01229,0.98771
11.61000,0.48000,0.11695,0.88305
11.63000,0.48000,0.00772,0.99228
11.65000,0.48000,0.03828,0.96172
11.67000,0.48000,0.00247,0.99753
11.69000,0.48000,0.01008,0.98992
11.71000,0.48000,0.00157,0.99843
11.73000,0.48000,0.01190,0.98810
11.75000,0.48000,0.00087,0.99913
11.77000,0.48000,0.01227,0.98773
11.79000,0.48000,0.00504,0.99496
11.81000,0.48000,0.02354,0.97646
11.83000,0.48000,0.04235,0.95765
11.85000,0.48000,0.45191,0.54809
11.87000,0.48000,0.15046,0.84954
11.89000,0.48000,0.44273,0.55727
11.91000,0.48000,0.04779,0.95221
11.93000,0.48000,0.16946,0.83054
11.95000,0.48000,0.02020,0.97980
11.97000,0.48000,0.02492,0.97508
11.99000,0.48000,0.01806,0.98194
12.01000,0.48000,0.01136,0.98864
12.03000,0.48000,0.01016,0.98984
12.05000,0.48000,0.00338,0.99662
12.07000,0.48000,0.01050,0.98950
12.09000,0.48000,0.00749,0.99251
12.11000,0.48000,0.00913,0.99087
12.13000,0.48000,0.00502,0.99498
12.15000,0.48000,0.03939,0.96061
12.17000,0.48000,0.01645,0.98355
12.19000,0.48000,0.02174,0.97826
12.21000,0.48000,0.01376,0.98624
12.23000,0.48000,0.04078,0.95922
12.25000,0.48000,0.01299,0.98701
12.27000,0.48000,0.00741,0.99259
12.29000,0.48000,0.00302,0.99698
12.31000,0.48000,0.02502,0.97498
12.33000,0.48000,0.00206,0.99794
12.35000,0.48000,0.00798,0.99202
12.37000,0.48000,0.00315,0.99685
12.39000,0.48000,0.01437,0.98563
12.41000,0.48000,0.00411,0.99589
12.43000,0.48000,0.01095,0.98905
12.45000,0.48000,0.00305,0.99695
12.47000,0.48000,0.00760,0.99240
12.49000,0.48000,0.00304,0.99696
12.51000,0.48000,0.00555,0.99445
12.53000,0.48000,0.00336,0.99664
12.55000,0.48000,0.00438,0.99562
12.57000,0.48000,0.00425,0.99575
12.59000,0.48000,0.00409,0.99591
12.61000,0.48000,0.00402,0.99598
12.63000,0.48000,0.00390,0.99610
12.65000,0.48000,0.00221,0.99779
12.67000,0.48000,0.00449,0.99551
12.69000,0.48000,0.00276,0.99724
12.71000,0.48000,0.00333,0.99667
12.73000,0.48000,0.00157,0.99843
12.75000,0.48000,0.00254,0.99746
12.77000,0.48000,0.00086,0.99914
12.79000,0.48000,0.00205,0.99795
12.81000,0.48000,0.00135,0.99865
12.83000,0.48000,0.00272,0.99728
12.85000,0.48000,0.00204,0.99796
12.87000,0.48000,0.00382,0.99618
12.89000,0.48000,0.00265,0.99735
12.91000,0.48000,0.00170,0.99830
12.93000,0.48000,0.00229,0.99771
12.95000,0.48000,0.00286,0.99714
12.97000,0.48000,0.00146,0.99854
12.99000,0.48000,0.00144,0.99856
13.01000,0.48000,0.00244,0.99756
13.03000,0.48000,0.00152,0.99848
13.05000,0.48000,0.00078,0.99922
13.07000,0.48000,0.00070,0.99930
13.09000,0.48000,0.00090,0.99910
13.11000,0.48000,0.00190,0.99810
13.13000,0.48000,0.00120,0.99880
13.15000,0.48000,0.00159,0.99841
13.17000,0.48000,0.00293,0.99707
13.19000,0.48000,0.00231,0.99769
13.21000,0.48000,0.00550,0.99450
13.23000,0.48000,0.00178,0.99822
13.25000,0.48000,0.00239,0.99761
13.27000,0.48000,0.00207,0.99793
13.29000,0.48000,0.00202,0.99798
13.31000,0.48000,0.00079,0.99921
13.33000,0.48000,0.00133,0.99867
13.35000,0.48000,0.00138,0.99862
13.37000,0.48000,0.00065,0.99935
13.39000,0.48000,0.00426,0.99574
13.41000,0.48000,0.00142,0.99858
13.43000,0.48000,0.00562,0.99438
13.45000,0.48000,0.00159,0.99841
13.47000,0.48000,0.00518,0.99482
13.49000,0.48000,0.00100,0.99900
13.51000,0.48000,0.00565,0.99435
13.53000,0.48000,0.00195,0.99805
13.55000,0.48000,0.00472,0.99528
13.57000,0.48000,0.00061,0.99939
13.59000,0.48000,0.00435,0.99565
13.61000,0.48000,0.00185,0.99815
13.63000,0.48000,0.00358,0.99642
13.65000,0.48000,0.00124,0.99876
13.67000,0.48000,0.00277,0.99723
13.69000,0.48000,0.00124,0.99876
13.71000,0.48000,0.00235,0.99765
13.73000,0.48000,0.00202,0.99798
13.75000,0.48000,0.00082,0.99918
13.77000,0.48000,0.00180,0.99820
13.79000,0.48000,0.00057,0.99943
13.81000,0.48000,0.00234,0.99766
13.83000,0.48000,0.00033,0.99967
13.85000,0.48000,0.00174,0.99826
13.87000,0.48000,0.00073,0.99927
13.89000,0.48000,0.00259,0.99741
13.91000,0.48000,0.00029,0.99971
13.93000,0.48000,0.00303,0.99697
13.95000,0.48000,0.00087,0.99913
13.97000,0.48000,0.00154,0.99846
13.99000,0.48000,0.00030,0.99970
14.01000,0.48000,0.00142,0.99858
14.03000,0.48000,0.00054,0.99946
14.05000,0.48000,0.00048,0.99952
14.07000,0.48000,0.00036,0.99964
14.09000,0.48000,0.00076,0.99924
14.11000,0.48000,0.00089,0.99911
14.13000,0.48000,0.00125,0.99875
14.15000,0.48000,0.00059,0.99941
14.17000,0.48000,0.00118,0.99882
14.19000,0.48000,0.00087,0.99913
14.21000,0.48000,0.00068,0.99932
14.23000,0.48000,0.00213,0.99787
14.25000,0.48000,0.00156,0.99844
14.27000,0.48000,0.00154,0.99846
14.29000,0.48000,0.00244,0.99756
14.31000,0.48000,0.00135,0.99865
14.33000,0.48000,0.00195,0.99805
14.35000,0.48000,0.00064,0.99936
14.37000,0.48000,0.00105,0.99895
14.39000,0.48000,0.00077,0.99923
14.41000,0.48000,0.00134,0.99866
14.43000,0.48000,0.00037,0.99963
14.45000,0.48000,0.00085,0.99915
14.47000,0.48000,0.00066,0.99934
14.49000,0.48000,0.00212,0.99788
14.51000,0.48000,0.00187,0.99813
14.53000,0.48000,0.00213,0.99787
14.55000,0.48000,0.00412,0.99588
14.57000,0.48000,0.01854,0.98146
14.59000,0.48000,0.01767,0.98233
14.61000,0.48000,0.05724,0.94276
14.63000,0.48000,0.05325,0.94675
14.65000,0.48000,0.10024,0.89976
14.67000,0.48000,0.13313,0.86687
14.69000,0.48000,0.05123,0.94877
14.71000,0.48000,0.10726,0.89274
14.73000,0.48000,0.16566,0.83434
14.75000,0.48000,0.34157,0.65843
14.77000,0.48000,0.37219,0.62781
14.79000,0.48000,0.77605,0.22395
14.81000,0.48000,0.64319,0.35681
14.83000,0.48000,0.88958,0.11042
14.85000,0.48000,0.58982,0.41018
14.87000,0.48000,0.96589,0.03411
14.89000,0.48000,0.95993,0.04007
14.91000,0.48000,0.99399,0.00601
14.93000,0.48000,0.95729,0.04271
14.95000,0.48000,0.97916,0.02084
14.97000,0.48000,0.93491,0.06509
14.99000,0.48000,0.98328,0.01672
15.01000,0.48000,0.94557,0.05443
15.03000,0.48000,0.97795,0.02205
15.05000,0.48000,0.97476,0.02524
15.07000,0.48000,0.96180,0.03820
15.09000,0.48000,0.94384,0.05616
15.11000,0.48000,0.97195,0.02805
15.13000,0.48000,0.98143,0.01857
15.15000,0.48000,0.94491,0.05509
15.17000,0.48000,0.93398,0.06602
15.19000,0.48000,0.92333,0.07667
15.21000,0.48000,0.94206,0.05794
15.23000,0.48000,0.87794,0.12206
15.25000,0.48000,0.91523,0.08477
15.27000,0.48000,0.90821,0.09179
15.29000,0.48000,0.92947,0.07053
15.31000,0.48000,0.88439,0.11561
15.33000,0.48000,0.89348,0.10652
15.35000,0.48000,0.92584,0.07416
15.37000,0.48000,0.81650,0.18350
15.39000,0.48000,0.90716,0.09284
15.41000,0.48000,0.91970,0.08030
15.43000,0.48000,0.84896,0.15104
15.45000,0.48000,0.92211,0.07789
15.47000,0.48000,0.87314,0.12686
15.49000,0.48000,0.72312,0.27688
15.51000,0.48000,0.79341,0.20659
15.53000,0.48000,0.88679,0.11321
15.55000,0.48000,0.90931,0.09069
15.57000,0.48000,0.84701,0.15299
15.59000,0.48000,0.90753,0.09247
15.61000,0.48000,0.92000,0.08000
15.63000,0.48000,0.73053,0.26947
15.65000,0.48000,0.94227,0.05773
15.67000,0.48000,0.94043,0.05957
15.69000,0.48000,0.93384,0.06616
15.71000,0.48000,0.91975,0.08025
15.73000,0.48000,0.95873,0.04127
15.75000,0.48000,0.91006,0.08994
15.77000,0.48000,0.92370,0.07630
15.79000,0.48000,0.96604,0.03396
15.81000,0.48000,0.98080,0.01920
15.83000,0.48000,0.97017,0.02983
15.85000,0.48000,0.99133,0.00867
15.87000,0.48000,0.97457,0.02543
15.89000,0.48000,0.97101,0.02899
15.91000,0.48000,0.98027,0.01973
15.93000,0.48000,0.99106,0.00894
15.95000,0.48000,0.95369,0.04631
15.97000,0.48000,0.98910,0.01090
15.99000,0.48000,0.96404,0.03596
16.01000,0.48000,0.98816,0.01184
16.03000,0.48000,0.95322,0.04678
16.05000,0.48000,0.99303,0.00697
16.07000,0.48000,0.97795,0.02205
16.09000,0.48000,0.99159,0.00841
16.11000,0.48000,0.96622,0.03378
16.13000,0.48000,0.98915,0.01085
16.15000,0.48000,0.98037,0.01963
16.17000,0.48000,0.99076,0.00924
16.19000,0.48000,0.98367,0.01633
16.21000,0.48000,0.98797,0.01203
16.23000,0.48000,0.98441,0.01559
16.25000,0.48000,0.98789,0.01211
16.27000,0.48000,0.98278,0.01722
16.29000,0.48000,0.97734,0.02266
16.31000,0.48000,0.98614,0.01386
16.33000,0.48000,0.99345,0.00655
16.35000,0.48000,0.97940,0.02060
16.37000,0.48000,0.99662,0.00338
16.39000,0.48000,0.99310,0.00690
16.41000,0.48000,0.99396,0.00604
16.43000,0.48000,0.99444,0.00556
16.45000,0.48000,0.99058,0.00942
16.47000,0.48000,0.99278,0.00722
16.49000,0.48000,0.99260,0.00740
16.51000,0.48000,0.98987,0.01013
16.53000,0.48000,0.98845,0.01155
16.55000,0.48000,0.99365,0.00635
16.57000,0.48000,0.99138,0.00862
16.59000,0.48000,0.99257,0.00743
16.61000,0.48000,0.99106,0.00894
16.63000,0.48000,0.99305,0.00695
16.65000,0.48000,0.99500,0.00500
16.67000,0.48000,0.99494,0.00506
16.69000,0.48000,0.98861,0.01139
16.71000,0.48000,0.99208,0.00792
16.73000,0.48000,0.98033,0.01967
16.75000,0.48000,0.99140,0.00860
16.77000,0.48000,0.98916,0.01084
16.79000,0.48000,0.94948,0.05052
16.81000,0.48000,0.98736,0.01264
16.83000,0.48000,0.97248,0.02752
16.85000,0.48000,0.98597,0.01403
16.87000,0.48000,0.97003,0.02997
16.89000,0.48000,0.98666,0.01334
16.91000,0.48000,0.95079,0.04921
16.93000,0.48000,0.98705,0.01295
16.95000,0.48000,0.95329,0.04671
16.97000,0.48000,0.99134,0.00866
16.99000,0.48000,0.96586,0.03414
17.01000,0.48000,0.98241,0.01759
17.03000,0.48000,0.95658,0.04342
17.05000,0.48000,0.98694,0.01306
17.07000,0.48000,0.97033,0.02967
17.09000,0.48000,0.99256,0.00744
17.11000,0.48000,0.95186,0.04814
17.13000,0.48000,0.99131,0.00869
17.15000,0.48000,0.96034,0.03966
17.17000,0.48000,0.98849,0.01151
17.19000,0.48000,0.91819,0.08181
17.21000,0.48000,0.99433,0.00567
17.23000,0.48000,0.99024,0.00976
17.25000,0.48000,0.99106,0.00894
17.27000,0.48000,0.96494,0.03506
17.29000,0.48000,0.99563,0.00437
17.31000,0.48000,0.97968,0.02032
17.33000,0.48000,0.97885,0.02115
17.35000,0.48000,0.97125,0.02875
17.37000,0.48000,0.97859,0.02141
17.39000,0.48000,0.96813,0.03187
17.41000,0.48000,0.98586,0.01414
17.43000,0.48000,0.97737,0.02263
17.45000,0.48000,0.98514,0.01486
17.47000,0.48000,0.99304,0.00696
17.49000,0.48000,0.96374,0.03626
17.51000,0.48000,0.97902,0.02098
17.53000,0.48000,0.97389,0.02611
17.55000,0.48000,0.97829,0.02171
17.57000,0.48000,0.97847,0.02153
17.59000,0.48000,0.98569,0.01431
17.61000,0.48000,0.97804,0.02196
17.63000,0.48000,0.99470,0.00530
17.65000,0.48000,0.96388,0.03612
17.67000,0.48000,0.98360,0.01640
17.69000,0.48000,0.98792,0.01208
17.71000,0.48000,0.99174,0.00826
17.73000,0.48000,0.97966,0.02034
17.75000,0.48000,0.99321,0.00679
17.77000,0.48000,0.99282,0.00718
17.79000,0.48000,0.99562,0.00438
17.81000,0.48000,0.98983,0.01017
17.83000,0.48000,0.99458,0.00542
17.85000,0.48000,0.99607,0.00393
17.87000,0.48000,0.99766,0.00234
17.89000,0.48000,0.99125,0.00875
17.91000,0.48000,0.99538,0.00462
17.93000,0.48000,0.99617,0.00383
17.95000,0.48000,0.99686,0.00314
17.97000,0.48000,0.99006,0.00994
17.99000,0.48000,0.98812,0.01188
18.01000,0.48000,0.99258,0.00742
18.03000,0.48000,0.99624,0.00376
18.05000,0.48000,0.99468,0.00532
18.07000,0.48000,0.99405,0.00595
18.09000,0.48000,0.99566,0.00434
18.11000,0.48000,0.99545,0.00455
18.13000,0.48000,0.99195,0.00805
18.15000,0.48000,0.99142,0.00858
18.17000,0.48000,0.99175,0.00825
18.19000,0.48000,0.99379,0.00621
18.21000,0.48000,0.99327,0.00673
18.23000,0.48000,0.98678,0.01322
18.25000,0.48000,0.99522,0.00478
18.27000,0.48000,0.99076,0.00924
18.29000,0.48000,0.99258,0.00742
18.31000,0.48000,0.97612,0.02388
18.33000,0.48000,0.99626,0.00374
18.35000,0.48000,0.99026,0.00974
18.37000,0.48000,0.99471,0.00529
18.39000,0.48000,0.97980,0.02020
18.41000,0.48000,0.99483,0.00517
18.43000,0.48000,0.99074,0.00926
18.45000,0.48000,0.98841,0.01159
18.47000,0.48000,0.97065,0.02935
18.49000,0.48000,0.99423,0.00577
18.51000,0.48000,0.97867,0.02133
18.53000,0.48000,0.98551,0.01449
18.55000,0.48000,0.98435,0.01565
18.57000,0.48000,0.97007,0.02993
18.59000,0.48000,0.98999,0.01001
18.61000,0.48000,0.97698,0.02302
18.63000,0.48000,0.97946,0.02054
18.65000,0.48000,0.98456,0.01544
18.67000,0.48000,0.98051,0.01949
18.69000,0.48000,0.98509,0.01491
18.71000,0.48000,0.99350,0.00650
18.73000,0.48000,0.97374,0.02626
18.75000,0.48000,0.99407,0.00593
18.77000,0.48000,0.98601,0.01399
18.79000,0.48000,0.99611,0.00389
18.81000,0.48000,0.99066,0.00934
18.83000,0.48000,0.99555,0.00445
18.85000,0.48000,0.98755,0.01245
18.87000,0.48000,0.99568,0.00432
18.89000,0.48000,0.97652,0.02348
18.91000,0.48000,0.99414,0.00586
18.93000,0.48000,0.99021,0.00979
18.95000,0.48000,0.99359,0.00641
18.97000,0.48000,0.98815,0.01185
18.99000,0.48000,0.99762,0.00238
19.01000,0.48000,0.98592,0.01408
19.03000,0.48000,0.99804,0.00196
19.05000,0.48000,0.98594,0.01406
19.07000,0.48000,0.99412,0.00588
19.09000,0.48000,0.98772,0.01228
19.11000,0.48000,0.99523,0.00477
19.13000,0.48000,0.98755,0.01245
19.15000,0.48000,0.99386,0.00614
19.17000,0.48000,0.96477,0.03523
19.19000,0.48000,0.99556,0.00444
19.21000,0.48000,0.96333,0.03667
19.23000,0.48000,0.98819,0.01181
19.25000,0.48000,0.93712,0.06288
19.27000,0.48000,0.96676,0.03324
19.29000,0.48000,0.97022,0.02978
19.31000,0.48000,0.97892,0.02108
19.33000,0.48000,0.94793,0.05207
19.35000,0.48000,0.98189,0.01811
19.37000,0.48000,0.94446,0.05554
19.39000,0.48000,0.97628,0.02372
19.41000,0.48000,0.91666,0.08334
19.43000,0.48000,0.97654,0.02346
19.45000,0.48000,0.93880,0.06120
19.47000,0.48000,0.98485,0.01515
19.49000,0.48000,0.96153,0.03847
19.51000,0.48000,0.99016,0.00984
19.53000,0.48000,0.95081,0.04919
19.55000,0.48000,0.98615,0.01385
19.57000,0.48000,0.95406,0.04594
19.59000,0.48000,0.98778,0.01222
19.61000,0.48000,0.95718,0.04282
19.63000,0.48000,0.98222,0.01778
19.65000,0.48000,0.96742,0.03258
19.67000,0.48000,0.98068,0.01932
19.69000,0.48000,0.97886,0.02114
19.71000,0.48000,0.98773,0.01227
19.73000,0.48000,0.97542,0.02458
19.75000,0.48000,0.99020,0.00980
19.77000,0.48000,0.97575,0.02425
19.79000,0.48000,0.98759,0.01241
19.81000,0.48000,0.99179,0.00821
19.83000,0.48000,0.86823,0.13177
19.85000,0.48000,0.94487,0.05513
19.87000,0.48000,0.76040,0.23960
19.89000,0.48000,0.94727,0.05273
19.91000,0.48000,0.81753,0.18247
19.93000,0.48000,0.65356,0.34644
19.95000,0.48000,0.64908,0.35092
19.97000,0.48000,0.72175,0.27825
19.99000,0.48000,0.31916,0.68084
20.01000,0.48000,0.55100,0.44900
20.03000,0.48000,0.15441,0.84559
20.05000,0.48000,0.50928,0.49072
20.07000,0.48000,0.17073,0.82927
20.09000,0.48000,0.34502,0.65498
20.11000,0.48000,0.08685,0.91315
20.13000,0.48000,0.16850,0.83150
20.15000,0.48000,0.05900,0.94100
20.17000,0.48000,0.06466,0.93534
20.19000,0.48000,0.01812,0.98188
20.21000,0.48000,0.01306,0.98694
20.23000,0.48000,0.00251,0.99749
20.25000,0.48000,0.00718,0.99282
20.27000,0.48000,0.00152,0.99848
20.29000,0.48000,0.00314,0.99686
20.31000,0.48000,0.00076,0.99924
20.33000,0.48000,0.00250,0.99750
20.35000,0.48000,0.00086,0.99914
20.37000,0.48000,0.00188,0.99812
20.39000,0.48000,0.00137,0.99863
20.41000,0.48000,0.00273,0.99727
20.43000,0.48000,0.00369,0.99631
20.45000,0.48000,0.00473,0.99527
20.47000,0.48000,0.00353,0.99647
20.49000,0.48000,0.00581,0.99419
20.51000,0.48000,0.00620,0.99380
20.53000,0.48000,0.00514,0.99486
20.55000,0.48000,0.00472,0.99528
20.57000,0.48000,0.00502,0.99498
20.59000,0.48000,0.00510,0.99490
20.61000,0.48000,0.00808,0.99192
20.63000,0.48000,0.00596,0.99404
20.65000,0.48000,0.00583,0.99417
20.67000,0.48000,0.00969,0.99031
20.69000,0.48000,0.00612,0.99388
20.71000,0.48000,0.00395,0.99605
20.73000,0.48000,0.00564,0.99436
20.75000,0.48000,0.00589,0.99411
20.77000,0.48000,0.00752,0.99248
20.79000,0.48000,0.00579,0.99421
20.81000,0.48000,0.00916,0.99084
20.83000,0.48000,0.00563,0.99437
20.85000,0.48000,0.01173,0.98827
20.87000,0.48000,0.00680,0.99320
20.89000,0.48000,0.00969,0.99031
20.91000,0.48000,0.00720,0.99280
20.93000,0.48000,0.01203,0.98797
20.95000,0.48000,0.00866,0.99134
20.97000,0.48000,0.01025,0.98975
20.99000,0.48000,0.00876,0.99124
21.01000,0.48000,0.01199,0.98801
21.03000,0.48000,0.01177,0.98823
21.05000,0.48000,0.00854,0.99146
21.07000,0.48000,0.00815,0.99185
21.09000,0.48000,0.00911,0.99089
21.11000,0.48000,0.01158,0.98842
21.13000,0.48000,0.00758,0.99242
21.15000,0.48000,0.00889,0.99111
21.17000,0.48000,0.00541,0.99459
21.19000,0.48000,0.00777,0.99223
21.21000,0.48000,0.00586,0.99414
21.23000,0.48000,0.00235,0.99765
21.25000,0.48000,0.00561,0.99439
21.27000,0.48000,0.00385,0.99615
21.29000,0.48000,0.00510,0.99490
21.31000,0.48000,0.00205,0.99795
21.33000,0.48000,0.00549,0.99451
21.35000,0.48000,0.00230,0.99770
21.37000,0.48000,0.00236,0.99764
21.39000,0.48000,0.00155,0.99845
21.41000,0.48000,0.00300,0.99700
21.43000,0.48000,0.00201,0.99799
21.45000,0.48000,0.00268,0.99732
21.47000,0.48000,0.00154,0.99846
21.49000,0.48000,0.00239,0.99761
21.51000,0.48000,0.00102,0.99898
21.53000,0.48000,0.00176,0.99824
21.55000,0.48000,0.00119,0.99881
21.57000,0.48000,0.00171,0.99829
21.59000,0.48000,0.00109,0.99891
21.61000,0.48000,0.00082,0.99918
21.63000,0.48000,0.00101,0.99899
21.65000,0.48000,0.00152,0.99848
21.67000,0.48000,0.00161,0.99839
21.69000,0.48000,0.00094,0.99906
21.71000,0.48000,0.00138,0.99862
21.73000,0.48000,0.00342,0.99658
21.75000,0.48000,0.00262,0.99738
21.77000,0.48000,0.00382,0.99618
21.79000,0.48000,0.00108,0.99892
21.81000,0.48000,0.00434,0.99566
21.83000,0.48000,0.00161,0.99839
21.85000,0.48000,0.00244,0.99756
21.87000,0.48000,0.00095,0.99905
21.89000,0.48000,0.00294,0.99706
21.91000,0.48000,0.00086,0.99914
21.93000,0.48000,0.00371,0.99629
21.95000,0.48000,0.00134,0.99866
21.97000,0.48000,0.00351,0.99649
21.99000,0.48000,0.00177,0.99823
22.01000,0.48000,0.00106,0.99894
22.03000,0.48000,0.00186,0.99814
22.05000,0.48000,0.00282,0.99718
22.07000,0.48000,0.00079,0.99921
22.09000,0.48000,0.00211,0.99789
22.11000,0.48000,0.00332,0.99668
22.13000,0.48000,0.00214,0.99786
22.15000,0.48000,0.00091,0.99909
22.17000,0.48000,0.00076,0.99924
22.19000,0.48000,0.00103,0.99897
22.21000,0.48000,0.00050,0.99950
22.23000,0.48000,0.00095,0.99905
22.25000,0.48000,0.00034,0.99966
22.27000,0.48000,0.00089,0.99911
22.29000,0.48000,0.00069,0.99931
22.31000,0.48000,0.00166,0.99834
22.33000,0.48000,0.00079,0.99921
22.35000,0.48000,0.00227,0.99773
22.37000,0.48000,0.00205,0.99795
22.39000,0.48000,0.00793,0.99207
22.41000,0.48000,0.00561,0.99439
22.43000,0.48000,0.02608,0.97392
22.45000,0.48000,0.01034,0.98966
22.47000,0.48000,0.08378,0.91622
22.49000,0.48000,0.03557,0.96443
22.51000,0.48000,0.05846,0.94154
22.53000,0.48000,0.05854,0.94146
22.55000,0.48000,0.14968,0.85032
22.57000,0.48000,0.16117,0.83883
22.59000,0.48000,0.29488,0.70512
22.61000,0.48000,0.37320,0.62680
22.63000,0.48000,0.55047,0.44953
22.65000,0.48000,0.54016,0.45984
22.67000,0.48000,0.69270,0.30730
22.69000,0.48000,0.66203,0.33797
22.71000,0.48000,0.95388,0.04612
22.73000,0.48000,0.96208,0.03792
22.75000,0.48000,0.99641,0.00359
22.77000,0.48000,0.99501,0.00499
22.79000,0.48000,0.99236,0.00764
22.81000,0.48000,0.99549,0.00451
22.83000,0.48000,0.99640,0.00360
22.85000,0.48000,0.99515,0.00485
22.87000,0.48000,0.99663,0.00337
22.89000,0.48000,0.99516,0.00484
22.91000,0.48000,0.99599,0.00401
22.93000,0.48000,0.99373,0.00627
22.95000,0.48000,0.99718,0.00282
22.97000,0.48000,0.99111,0.00889
22.99000,0.48000,0.99707,0.00293
23.01000,0.48000,0.98581,0.01419
23.03000,0.48000,0.99591,0.00409
23.05000,0.48000,0.99317,0.00683
23.07000,0.48000,0.99701,0.00299
23.09000,0.48000,0.99302,0.00698
23.11000,0.48000,0.99447,0.00553
23.13000,0.48000,0.99246,0.00754
23.15000,0.48000,0.99600,0.00400
23.17000,0.48000,0.99140,0.00860
23.19000,0.48000,0.99549,0.00451
23.21000,0.48000,0.98599,0.01401
23.23000,0.48000,0.98966,0.01034
23.25000,0.48000,0.98205,0.01795
23.27000,0.48000,0.99275,0.00725
23.29000,0.48000,0.97833,0.02167
23.31000,0.48000,0.98824,0.01176
23.33000,0.48000,0.97964,0.02036
23.35000,0.48000,0.99542,0.00458
23.37000,0.48000,0.98875,0.01125
23.39000,0.48000,0.98282,0.01718
23.41000,0.48000,0.97913,0.02087
23.43000,0.48000,0.99050,0.00950
23.45000,0.48000,0.98632,0.01368
23.47000,0.48000,0.99261,0.00739
23.49000,0.48000,0.98365,0.01635
23.51000,0.48000,0.98161,0.01839
23.53000,0.48000,0.98721,0.01279
23.55000,0.48000,0.99426,0.00574
23.57000,0.48000,0.98527,0.01473
23.59000,0.48000,0.98889,0.01111
23.61000,0.48000,0.99206,0.00794
23.63000,0.48000,0.98973,0.01027
23.65000,0.48000,0.98182,0.01818
23.67000,0.48000,0.99367,0.00633
23.69000,0.48000,0.99333,0.00667
23.71000,0.48000,0.98759,0.01241
23.73000,0.48000,0.97664,0.02336
23.75000,0.48000,0.99017,0.00983
23.77000,0.48000,0.98301,0.01699
23.79000,0.48000,0.98678,0.01322
23.81000,0.48000,0.98434,0.01566
23.83000,0.48000,0.99489,0.00511
23.85000,0.48000,0.99070,0.00930
23.87000,0.48000,0.99347,0.00653
23.89000,0.48000,0.98576,0.01424
23.91000,0.48000,0.99391,0.00609
23.93000,0.48000,0.99289,0.00711
23.95000,0.48000,0.98913,0.01087
23.97000,0.48000,0.99014,0.00986
23.99000,0.48000,0.99099,0.00901
24.01000,0.48000,0.99113,0.00887
24.03000,0.48000,0.99543,0.00457
24.05000,0.48000,0.98561,0.01439
24.07000,0.48000,0.97921,0.02079
24.09000,0.48000,0.99201,0.00799
24.11000,0.48000,0.98379,0.01621
24.13000,0.48000,0.98572,0.01428
24.15000,0.48000,0.98287,0.01713
24.17000,0.48000,0.98992,0.01008
24.19000,0.48000,0.97620,0.02380
24.21000,0.48000,0.99237,0.00763
24.23000,0.48000,0.97463,0.02537
24.25000,0.48000,0.99294,0.00706
24.27000,0.48000,0.98658,0.01342
24.29000,0.48000,0.98654,0.01346
24.31000,0.48000,0.98584,0.01416
24.33000,0.48000,0.99307,0.00693
24.35000,0.48000,0.97154,0.02846
24.37000,0.48000,0.98934,0.01066
24.39000,0.48000,0.97384,0.02616
24.41000,0.48000,0.98743,0.01257
24.43000,0.48000,0.98473,0.01527
24.45000,0.48000,0.98125,0.01875
24.47000,0.48000,0.97385,0.02615
24.49000,0.48000,0.99108,0.00892
24.51000,0.48000,0.96760,0.03240
24.53000,0.48000,0.98476,0.01524
24.55000,0.48000,0.97217,0.02783
24.57000,0.48000,0.95406,0.04594
24.59000,0.48000,0.96609,0.03391
24.61000,0.48000,0.96072,0.03928
24.63000,0.48000,0.95766,0.04234
24.65000,0.48000,0.97206,0.02794
24.67000,0.48000,0.94380,0.05620
24.69000,0.48000,0.95223,0.04777
24.71000,0.48000,0.98257,0.01743
24.73000,0.48000,0.97190,0.02810
24.75000,0.48000,0.96999,0.03001
24.77000,0.48000,0.97580,0.02420
24.79000,0.48000,0.96187,0.03813
24.81000,0.48000,0.98413,0.01587
24.83000,0.48000,0.98629,0.01371
24.85000,0.48000,0.98544,0.01456
24.87000,0.48000,0.99312,0.00688
24.89000,0.48000,0.96190,0.03810
24.91000,0.48000,0.98806,0.01194
24.93000,0.48000,0.98173,0.01827
24.95000,0.48000,0.97850,0.02150
24.97000,0.48000,0.93387,0.06613
24.99000,0.48000,0.97517,0.02483
25.01000,0.48000,0.97605,0.02395
25.03000,0.48000,0.97140,0.02860
25.05000,0.48000,0.98116,0.01884
25.07000,0.48000,0.97566,0.02434
